1  0.00871582 
1.05  0.00849752 
1.1  0.00829482 
1.15  0.00810597 
1.2  0.00792944 
1.25  0.00776396 
1.3  0.00760842 
1.35  0.00746187 
1.4  0.00732347 
1.45  0.00719249 
1.5  0.0070683 
1.55  0.00695032 
1.6  0.00683806 
1.65  0.00673106 
1.7  0.00662893 
1.75  0.00653132 
1.8  0.00643789 
1.85  0.00634836 
1.9  0.00626246 
1.95  0.00617996 
2  0.00610064 
2.05  0.00602429 
2.1  0.00595073 
2.15  0.00587981 
2.2  0.00581136 
2.25  0.00574525 
2.3  0.00568135 
2.35  0.00561953 
2.4  0.00555968 
2.45  0.00550171 
2.5  0.00544551 
2.55  0.005391 
2.6  0.0053381 
2.65  0.00528672 
2.7  0.0052368 
2.75  0.00518827 
2.8  0.00514106 
2.85  0.00509511 
2.9  0.00505038 
2.95  0.0050068 
3  0.00496434 
3.05  0.00492293 
3.1  0.00488255 
3.15  0.00484314 
3.2  0.00480467 
3.25  0.0047671 
3.3  0.0047304 
3.35  0.00469454 
3.4  0.00465948 
3.45  0.00462519 
3.5  0.00459165 
3.55  0.00455883 
3.6  0.00902194 
3.65  0.00446443 
3.7  0.00443424 
3.75  0.00440466 
3.8  0.00437567 
3.85  0.00434723 
3.9  0.00431935 
3.95  0.00429199 
4  0.00426515 
4.05  0.0042388 
4.1  0.00421294 
4.15  0.00418754 
4.2  0.0041626 
4.25  0.0041381 
4.3  0.00411403 
4.35  0.00409037 
4.4  0.00406711 
4.45  0.00404425 
4.5  0.00402177 
4.55  0.00399966 
4.6  0.00397791 
4.65  0.00395651 
4.7  0.00393545 
4.75  0.00391473 
4.8  0.00389433 
4.85  0.00387424 
4.9  0.00385447 
4.95  0.00383499 
5  0.0038158 
5.05  0.0037969 
5.1  0.00377828 
5.15  0.00375993 
5.2  0.00374184 
5.25  0.00372402 
5.3  0.00370644 
5.35  0.00368911 
5.4  0.00367203 
5.45  0.00365517 
5.5  0.00363855 
5.55  0.00362215 
5.6  0.00360597 
5.65  0.00359001 
5.7  0.00357426 
5.75  0.00355871 
5.8  0.00354336 
5.85  0.00352821 
5.9  0.00351326 
5.95  0.00349849 
6  0.00348391 
6.05  0.0034695 
6.1  0.00345528 
6.15  0.00344123 
6.2  0.00342734 
6.25  0.00341363 
6.3  0.00340008 
6.35  0.00338668 
6.4  0.00337345 
6.45  0.00336037 
6.5  0.00334744 
6.55  0.00333466 
6.6  0.00332202 
6.65  0.00330953 
6.7  0.00329717 
6.75  0.00328496 
6.8  0.00327287 
6.85  0.00326092 
6.9  0.0032491 
6.95  0.00323741 
7  0.00322585 
7.05  0.0032144 
7.1  0.00320308 
7.15  0.00319187 
7.2  0.00318079 
7.25  0.00316982 
7.3  0.00315896 
7.35  0.00314821 
7.4  0.00313757 
7.45  0.00312703 
7.5  0.00311661 
7.55  0.00310628 
7.6  0.00309606 
7.65  0.00308594 
7.7  0.00307592 
7.75  0.00306599 
7.8  0.00305616 
7.85  0.00304642 
7.9  0.00303678 
7.95  0.00302723 
8  0.00301776 
8.05  0.00300839 
8.1  0.0029991 
8.15  0.0029899 
8.2  0.00298078 
8.25  0.00297174 
8.3  0.00296279 
8.35  0.00295392 
8.4  0.00294512 
8.45  0.00293641 
8.5  0.00292777 
8.55  0.0029192 
8.6  0.00291071 
8.65  0.0029023 
8.7  0.00289396 
8.75  0.00288569 
8.8  0.00574684 
8.85  0.00286129 
8.9  0.0028533 
8.95  0.00284537 
9  0.00283751 
9.05  0.00282971 
9.1  0.00282197 
9.15  0.0028143 
9.2  0.00280669 
9.25  0.00279915 
9.3  0.00279166 
9.35  0.00278423 
9.4  0.00277687 
9.45  0.00276956 
9.5  0.0027623 
9.55  0.00275511 
9.6  0.00274797 
9.65  0.00274088 
9.7  0.00273385 
9.75  0.00272688 
9.8  0.00271996 
9.85  0.00271308 
9.9  0.00270627 
9.95  0.0026995 
10  0.00269278 
10.05  0.00268611 
10.1  0.0026795 
10.15  0.00267293 
10.2  0.00266641 
10.25  0.00265993 
10.3  0.0026535 
10.35  0.00264713 
10.4  0.00264079 
10.45  0.0026345 
10.5  0.00262826 
10.55  0.00262206 
10.6  0.0026159 
10.65  0.00260979 
10.7  0.00260372 
10.75  0.00259769 
10.8  0.0025917 
10.85  0.00258575 
10.9  0.00257985 
10.95  0.00257398 
11  0.00256816 
11.05  0.00256237 
11.1  0.00255663 
11.15  0.00255092 
11.2  0.00254525 
11.25  0.00253962 
11.3  0.00253402 
11.35  0.00252846 
11.4  0.00252294 
11.45  0.00251746 
11.5  0.002512 
11.55  0.00250659 
11.6  0.00250121 
11.65  0.00249586 
11.7  0.00249055 
11.75  0.00248527 
11.8  0.00248003 
11.85  0.00247482 
11.9  0.00246964 
11.95  0.00246449 
12  0.00245938 
12.05  0.0024543 
12.1  0.00244924 
12.15  0.00244423 
12.2  0.00243923 
12.25  0.00243428 
12.3  0.00242935 
12.35  0.00242445 
12.4  0.00241958 
12.45  0.00241474 
12.5  0.00240993 
12.55  0.00240515 
12.6  0.00240039 
12.65  0.00239566 
12.7  0.00239097 
12.75  0.0023863 
12.8  0.00238165 
12.85  0.00237703 
12.9  0.00237245 
12.95  0.00236788 
13  0.00236335 
13.05  0.00235883 
13.1  0.00235435 
13.15  0.00234989 
13.2  0.00234545 
13.25  0.00234104 
13.3  0.00233666 
13.35  0.0023323 
13.4  0.00232796 
13.45  0.00232365 
13.5  0.00231936 
13.55  0.0023151 
13.6  0.00231086 
13.65  0.00230664 
13.7  0.00230244 
13.75  0.00229827 
13.8  0.00229412 
13.85  0.00229 
13.9  0.00228589 
13.95  0.00228181 
14  0.00227775 
14.05  0.0045434 
14.1  0.00226569 
14.15  0.00226172 
14.2  0.00225776 
14.25  0.00225383 
14.3  0.00224992 
14.35  0.00224602 
14.4  0.00224215 
14.45  0.00223829 
14.5  0.00223446 
14.55  0.00223065 
14.6  0.00222685 
14.65  0.00222308 
14.7  0.00221932 
14.75  0.00221559 
14.8  0.00221187 
14.85  0.00220817 
14.9  0.00220449 
14.95  0.00220083 
15  0.00219718 
15.05  0.00219355 
15.1  0.00218995 
15.15  0.00218636 
15.2  0.00218278 
15.25  0.00217923 
15.3  0.00217569 
15.35  0.00217217 
15.4  0.00216866 
15.45  0.00216518 
15.5  0.0021617 
15.55  0.00215825 
15.6  0.00215481 
15.65  0.00215139 
15.7  0.00214799 
15.75  0.0021446 
15.8  0.00214123 
15.85  0.00213787 
15.9  0.00213453 
15.95  0.0021312 
16  0.00212789 
16.05  0.0021246 
16.1  0.00212132 
16.15  0.00211806 
16.2  0.00211481 
16.25  0.00211157 
16.3  0.00210835 
16.35  0.00210515 
16.4  0.00210196 
16.45  0.00209878 
16.5  0.00209562 
16.55  0.00209247 
16.6  0.00208934 
16.65  0.00208622 
16.7  0.00208312 
16.75  0.00208003 
16.8  0.00207695 
16.85  0.00207388 
16.9  0.00207083 
16.95  0.0020678 
17  0.00206477 
17.05  0.00206176 
17.1  0.00205877 
17.15  0.00205578 
17.2  0.00205281 
17.25  0.00204985 
17.3  0.00204691 
17.35  0.00204397 
17.4  0.00204105 
17.45  0.00203814 
17.5  0.00203525 
17.55  0.00203237 
17.6  0.00202949 
17.65  0.00202664 
17.7  0.00202379 
17.75  0.00202095 
17.8  0.00201813 
17.85  0.00201532 
17.9  0.00201252 
17.95  0.00200973 
18  0.00200696 
18.05  0.00200419 
18.1  0.00200144 
18.15  0.0019987 
18.2  0.00199597 
18.25  0.00199325 
18.3  0.00199054 
18.35  0.00198784 
18.4  0.00198515 
18.45  0.00198248 
18.5  0.00197981 
18.55  0.00197716 
18.6  0.00197451 
18.65  0.00197188 
18.7  0.00196926 
18.75  0.00196665 
18.8  0.00196404 
18.85  0.00196145 
18.9  0.00195887 
18.95  0.0019563 
19  0.00195374 
19.05  0.00195119 
19.1  0.00194865 
19.15  0.00194612 
19.2  0.00194359 
19.25  0.00387967 
19.3  0.00193609 
19.35  0.00193361 
19.4  0.00193113 
19.45  0.00192867 
19.5  0.00192622 
19.55  0.00192377 
19.6  0.00192134 
19.65  0.00191891 
19.7  0.00191649 
19.75  0.00191409 
19.8  0.00191169 
19.85  0.0019093 
19.9  0.00190691 
19.95  0.00190454 
20  0.00190218 
20.05  0.00189983 
20.1  0.00189748 
20.15  0.00189514 
20.2  0.00189281 
20.25  0.00189049 
20.3  0.00188818 
20.35  0.00188588 
20.4  0.00188358 
20.45  0.0018813 
20.5  0.00187902 
20.55  0.00187675 
20.6  0.00187449 
20.65  0.00187224 
20.7  0.00186999 
20.75  0.00186775 
20.8  0.00186552 
20.85  0.0018633 
20.9  0.00186109 
20.95  0.00185888 
21  0.00185669 
21.05  0.0018545 
21.1  0.00185232 
21.15  0.00185014 
21.2  0.00184797 
21.25  0.00184581 
21.3  0.00184366 
21.35  0.00184152 
21.4  0.00183938 
21.45  0.00183725 
21.5  0.00183513 
21.55  0.00183302 
21.6  0.00183091 
21.65  0.00182881 
21.7  0.00182672 
21.75  0.00182463 
21.8  0.00182255 
21.85  0.00182048 
21.9  0.00181842 
21.95  0.00181636 
22  0.00181431 
22.05  0.00181227 
22.1  0.00181023 
22.15  0.0018082 
22.2  0.00180618 
22.25  0.00180416 
22.3  0.00180215 
22.35  0.00180015 
22.4  0.00179815 
22.45  0.00179616 
22.5  0.00179418 
22.55  0.00179221 
22.6  0.00179024 
22.65  0.00178827 
22.7  0.00178632 
22.75  0.00178437 
22.8  0.00178242 
22.85  0.00178048 
22.9  0.00177855 
22.95  0.00177663 
23  0.00177471 
23.05  0.0017728 
23.1  0.00177089 
23.15  0.00176899 
23.2  0.00176709 
23.25  0.00176521 
23.3  0.00176332 
23.35  0.00176145 
23.4  0.00175958 
23.45  0.00175771 
23.5  0.00175586 
23.55  0.001754 
23.6  0.00175216 
23.65  0.00175032 
23.7  0.00174848 
23.75  0.00174665 
23.8  0.00174483 
23.85  0.00174301 
23.9  0.0017412 
23.95  0.00173939 
24  0.00173759 
24.05  0.0017358 
24.1  0.00173401 
24.15  0.00173222 
24.2  0.00173044 
24.25  0.00172867 
24.3  0.0017269 
24.35  0.00172514 
24.4  0.00172338 
24.45  0.00344152 
24.5  0.00171814 
24.55  0.00171641 
24.6  0.00171468 
24.65  0.00171295 
24.7  0.00171123 
24.75  0.00170952 
24.8  0.00170781 
24.85  0.0017061 
24.9  0.0017044 
24.95  0.00170271 
25  0.00170102 
25.05  0.00169934 
25.1  0.00169766 
25.15  0.00169598 
25.2  0.00169431 
25.25  0.00169265 
25.3  0.00169099 
25.35  0.00168933 
25.4  0.00168768 
25.45  0.00168604 
25.5  0.0016844 
25.55  0.00168276 
25.6  0.00168113 
25.65  0.00167951 
25.7  0.00167788 
25.75  0.00167627 
25.8  0.00167466 
25.85  0.00167305 
25.9  0.00167145 
25.95  0.00166985 
26  0.00166825 
26.05  0.00166667 
26.1  0.00166508 
26.15  0.0016635 
26.2  0.00166193 
26.25  0.00166035 
26.3  0.00165879 
26.35  0.00165723 
26.4  0.00165567 
26.45  0.00165412 
26.5  0.00165257 
26.55  0.00165102 
26.6  0.00164948 
26.65  0.00164795 
26.7  0.00164641 
26.75  0.00164489 
26.8  0.00164336 
26.85  0.00164184 
26.9  0.00164033 
26.95  0.00163882 
27  0.00163731 
27.05  0.00163581 
27.1  0.00163431 
27.15  0.00163282 
27.2  0.00163133 
27.25  0.00162984 
27.3  0.00162836 
27.35  0.00162688 
27.4  0.00162541 
27.45  0.00162394 
27.5  0.00162247 
27.55  0.00162101 
27.6  0.00161955 
27.65  0.0016181 
27.7  0.00161665 
27.75  0.0016152 
27.8  0.00161376 
27.85  0.00161232 
27.9  0.00161089 
27.95  0.00160946 
28  0.00160803 
28.05  0.00160661 
28.1  0.00160519 
28.15  0.00160377 
28.2  0.00160236 
28.25  0.00160095 
28.3  0.00159955 
28.35  0.00159815 
28.4  0.00159675 
28.45  0.00159536 
28.5  0.00159397 
28.55  0.00159258 
28.6  0.0015912 
28.65  0.00158982 
28.7  0.00158844 
28.75  0.00158707 
28.8  0.0015857 
28.85  0.00158434 
28.9  0.00158298 
28.95  0.00158162 
29  0.00158026 
29.05  0.00157891 
29.1  0.00157757 
29.15  0.00157622 
29.2  0.00157488 
29.25  0.00157355 
29.3  0.00157221 
29.35  0.00157088 
29.4  0.00156955 
29.45  0.00156823 
29.5  0.00156691 
29.55  0.00156559 
29.6  0.00156428 
29.65  0.00312463 
29.7  0.00156036 
29.75  0.00155906 
29.8  0.00155776 
29.85  0.00155647 
29.9  0.00155518 
29.95  0.00155389 
30  0.00155261 
30.05  0.00155132 
30.1  0.00155005 
30.15  0.00154877 
30.2  0.0015475 
30.25  0.00154623 
30.3  0.00154497 
30.35  0.0015437 
30.4  0.00154244 
30.45  0.00154119 
30.5  0.00153993 
30.55  0.00153868 
30.6  0.00153744 
30.65  0.00153619 
30.7  0.00153495 
30.75  0.00153371 
30.8  0.00153248 
30.85  0.00153125 
30.9  0.00153002 
30.95  0.00152879 
31  0.00152757 
31.05  0.00152635 
31.1  0.00152513 
31.15  0.00152392 
31.2  0.00152271 
31.25  0.0015215 
31.3  0.00152029 
31.35  0.00151909 
31.4  0.00151789 
31.45  0.00151669 
31.5  0.0015155 
31.55  0.00151431 
31.6  0.00151312 
31.65  0.00151193 
31.7  0.00151075 
31.75  0.00150957 
31.8  0.00150839 
31.85  0.00150721 
31.9  0.00150604 
31.95  0.00150487 
32  0.00150371 
32.05  0.00150254 
32.1  0.00150138 
32.15  0.00150022 
32.2  0.00149907 
32.25  0.00149791 
32.3  0.00149676 
32.35  0.00149562 
32.4  0.00149447 
32.45  0.00149333 
32.5  0.00149219 
32.55  0.00149105 
32.6  0.00148991 
32.65  0.00148878 
32.7  0.00148765 
32.75  0.00148653 
32.8  0.0014854 
32.85  0.00148428 
32.9  0.00148316 
32.95  0.00148204 
33  0.00148093 
33.05  0.00147982 
33.1  0.00147871 
33.15  0.0014776 
33.2  0.0014765 
33.25  0.00147539 
33.3  0.00147429 
33.35  0.0014732 
33.4  0.0014721 
33.45  0.00147101 
33.5  0.00146992 
33.55  0.00146883 
33.6  0.00146775 
33.65  0.00146667 
33.7  0.00146559 
33.75  0.00146451 
33.8  0.00146343 
33.85  0.00146236 
33.9  0.00146129 
33.95  0.00146022 
34  0.00145916 
34.05  0.00145809 
34.1  0.00145703 
34.15  0.00145597 
34.2  0.00145491 
34.25  0.00145386 
34.3  0.00145281 
34.35  0.00145176 
34.4  0.00145071 
34.45  0.00144967 
34.5  0.00144862 
34.55  0.00144758 
34.6  0.00144654 
34.65  0.00144551 
34.7  0.00144447 
34.75  0.00144344 
34.8  0.00144241 
34.85  0.00288174 
34.9  0.00143934 
34.95  0.00143831 
35  0.0014373 
35.05  0.00143628 
35.1  0.00143527 
35.15  0.00143425 
35.2  0.00143324 
35.25  0.00143223 
35.3  0.00143123 
35.35  0.00143022 
35.4  0.00142922 
35.45  0.00142822 
35.5  0.00142723 
35.55  0.00142623 
35.6  0.00142524 
35.65  0.00142425 
35.7  0.00142326 
35.75  0.00142227 
35.8  0.00142129 
35.85  0.0014203 
35.9  0.00141932 
35.95  0.00141834 
36  0.00141737 
36.05  0.00141639 
36.1  0.00141542 
36.15  0.00141445 
36.2  0.00141348 
36.25  0.00141251 
36.3  0.00141155 
36.35  0.00141058 
36.4  0.00140962 
36.45  0.00140866 
36.5  0.00140771 
36.55  0.00140675 
36.6  0.0014058 
36.65  0.00140485 
36.7  0.0014039 
36.75  0.00140295 
36.8  0.001402 
36.85  0.00140106 
36.9  0.00140012 
36.95  0.00139918 
37  0.00139824 
37.05  0.00139731 
37.1  0.00139637 
37.15  0.00139544 
37.2  0.00139451 
37.25  0.00139358 
37.3  0.00139265 
37.35  0.00139173 
37.4  0.00139081 
37.45  0.00138989 
37.5  0.00138897 
37.55  0.00138805 
37.6  0.00138713 
37.65  0.00138622 
37.7  0.00138531 
37.75  0.0013844 
37.8  0.00138349 
37.85  0.00138258 
37.9  0.00138168 
37.95  0.00138077 
38  0.00137987 
38.05  0.00137897 
38.1  0.00137807 
38.15  0.00137718 
38.2  0.00137628 
38.25  0.00137539 
38.3  0.0013745 
38.35  0.00137361 
38.4  0.00137272 
38.45  0.00137184 
38.5  0.00137095 
38.55  0.00137007 
38.6  0.00136919 
38.65  0.00136831 
38.7  0.00136744 
38.75  0.00136656 
38.8  0.00136569 
38.85  0.00136481 
38.9  0.00136394 
38.95  0.00136307 
39  0.00136221 
39.05  0.00136134 
39.1  0.00136048 
39.15  0.00135962 
39.2  0.00135876 
39.25  0.0013579 
39.3  0.00135704 
39.35  0.00135618 
39.4  0.00135533 
39.45  0.00135448 
39.5  0.00135363 
39.55  0.00135278 
39.6  0.00135193 
39.65  0.00135108 
39.7  0.00135024 
39.75  0.0013494 
39.8  0.00134855 
39.85  0.00134771 
39.9  0.00134688 
39.95  0.00134604 
40  0.0013452 
40.05  0.00134437 
40.1  0.00268625 
40.15  0.00134188 
40.2  0.00134105 
40.25  0.00134023 
40.3  0.0013394 
40.35  0.00133858 
40.4  0.00133776 
40.45  0.00133694 
40.5  0.00133612 
40.55  0.0013353 
40.6  0.00133449 
40.65  0.00133367 
40.7  0.00133286 
40.75  0.00133205 
40.8  0.00133124 
40.85  0.00133043 
40.9  0.00132963 
40.95  0.00132882 
41  0.00132802 
41.05  0.00132722 
41.1  0.00132642 
41.15  0.00132562 
41.2  0.00132482 
41.25  0.00132402 
41.3  0.00132323 
41.35  0.00132244 
41.4  0.00132164 
41.45  0.00132085 
41.5  0.00132006 
41.55  0.00131928 
41.6  0.00131849 
41.65  0.00131771 
41.7  0.00131692 
41.75  0.00131614 
41.8  0.00131536 
41.85  0.00131458 
41.9  0.0013138 
41.95  0.00131303 
42  0.00131225 
42.05  0.00131148 
42.1  0.0013107 
42.15  0.00130993 
42.2  0.00130916 
42.25  0.0013084 
42.3  0.00130763 
42.35  0.00130686 
42.4  0.0013061 
42.45  0.00130534 
42.5  0.00130457 
42.55  0.00130381 
42.6  0.00130305 
42.65  0.0013023 
42.7  0.00130154 
42.75  0.00130079 
42.8  0.00130003 
42.85  0.00129928 
42.9  0.00129853 
42.95  0.00129778 
43  0.00129703 
43.05  0.00129628 
43.1  0.00129554 
43.15  0.00129479 
43.2  0.00129405 
43.25  0.00129331 
43.3  0.00129257 
43.35  0.00129183 
43.4  0.00129109 
43.45  0.00129035 
43.5  0.00128962 
43.55  0.00128888 
43.6  0.00128815 
43.65  0.00128742 
43.7  0.00128669 
43.75  0.00128596 
43.8  0.00128523 
43.85  0.0012845 
43.9  0.00128378 
43.95  0.00128305 
44  0.00128233 
44.05  0.00128161 
44.1  0.00128088 
44.15  0.00128016 
44.2  0.00127945 
44.25  0.00127873 
44.3  0.00127801 
44.35  0.0012773 
44.4  0.00127658 
44.45  0.00127587 
44.5  0.00127516 
44.55  0.00127445 
44.6  0.00127374 
44.65  0.00127303 
44.7  0.00127233 
44.75  0.00127162 
44.8  0.00127092 
44.85  0.00127022 
44.9  0.00126951 
44.95  0.00126881 
45  0.00126811 
45.05  0.00126742 
45.1  0.00126672 
45.15  0.00126602 
45.2  0.00126533 
45.25  0.00126463 
45.3  0.00252719 
45.35  0.00126256 
45.4  0.00126187 
45.45  0.00126118 
45.5  0.00126049 
45.55  0.00125981 
45.6  0.00125912 
45.65  0.00125844 
45.7  0.00125776 
45.75  0.00125708 
45.8  0.0012564 
45.85  0.00125572 
45.9  0.00125504 
45.95  0.00125436 
46  0.00125369 
46.05  0.00125301 
46.1  0.00125234 
46.15  0.00125166 
46.2  0.00125099 
46.25  0.00125032 
46.3  0.00124965 
46.35  0.00124899 
46.4  0.00124832 
46.45  0.00124765 
46.5  0.00124699 
46.55  0.00124632 
46.6  0.00124566 
46.65  0.001245 
46.7  0.00124434 
46.75  0.00124368 
46.8  0.00124302 
46.85  0.00124236 
46.9  0.0012417 
46.95  0.00124105 
47  0.00124039 
47.05  0.00123974 
47.1  0.00123909 
47.15  0.00123844 
47.2  0.00123779 
47.25  0.00123714 
47.3  0.00123649 
47.35  0.00123584 
47.4  0.00123519 
47.45  0.00123455 
47.5  0.0012339 
47.55  0.00123326 
47.6  0.00123262 
47.65  0.00123198 
47.7  0.00123134 
47.75  0.0012307 
47.8  0.00123006 
47.85  0.00122942 
47.9  0.00122879 
47.95  0.00122815 
48  0.00122752 
48.05  0.00122688 
48.1  0.00122625 
48.15  0.00122562 
48.2  0.00122499 
48.25  0.00122436 
48.3  0.00122373 
48.35  0.0012231 
48.4  0.00122248 
48.45  0.00122185 
48.5  0.00122122 
48.55  0.0012206 
48.6  0.00121998 
48.65  0.00121936 
48.7  0.00121874 
48.75  0.00121812 
48.8  0.0012175 
48.85  0.00121688 
48.9  0.00121626 
48.95  0.00121565 
49  0.00121503 
49.05  0.00121442 
49.1  0.0012138 
49.15  0.00121319 
49.2  0.00121258 
49.25  0.00121197 
49.3  0.00121136 
49.35  0.00121075 
49.4  0.00121014 
49.45  0.00120953 
49.5  0.00120893 
49.55  0.00120832 
49.6  0.00120772 
49.65  0.00120712 
49.7  0.00120651 
49.75  0.00120591 
49.8  0.00120531 
49.85  0.00120471 
49.9  0.00120411 
49.95  0.00120352 
50  0.00120292 
50.05  0.00120232 
50.1  0.00120173 
50.15  0.00120113 
50.2  0.00120054 
50.25  0.00119995 
50.3  0.00119935 
50.35  0.00119876 
50.4  0.00119817 
50.45  0.00119758 
50.5  0.00239341 
50.55  0.00119582 
50.6  0.00119524 
50.65  0.00119465 
50.7  0.00119407 
50.75  0.00119349 
50.8  0.0011929 
50.85  0.00119232 
50.9  0.00119174 
50.95  0.00119116 
51  0.00119058 
51.05  0.00119 
51.1  0.00118943 
51.15  0.00118885 
51.2  0.00118828 
51.25  0.0011877 
51.3  0.00118713 
51.35  0.00118655 
51.4  0.00118598 
51.45  0.00118541 
51.5  0.00118484 
51.55  0.00118427 
51.6  0.0011837 
51.65  0.00118313 
51.7  0.00118257 
51.75  0.001182 
51.8  0.00118143 
51.85  0.00118087 
51.9  0.00118031 
51.95  0.00117974 
52  0.00117918 
52.05  0.00117862 
52.1  0.00117806 
52.15  0.0011775 
52.2  0.00117694 
52.25  0.00117638 
52.3  0.00117582 
52.35  0.00117527 
52.4  0.00117471 
52.45  0.00117416 
52.5  0.0011736 
52.55  0.00117305 
52.6  0.00117249 
52.65  0.00117194 
52.7  0.00117139 
52.75  0.00117084 
52.8  0.00117029 
52.85  0.00116974 
52.9  0.00116919 
52.95  0.00116865 
53  0.0011681 
53.05  0.00116755 
53.1  0.00116701 
53.15  0.00116646 
53.2  0.00116592 
53.25  0.00116538 
53.3  0.00116484 
53.35  0.00116429 
53.4  0.00116375 
53.45  0.00116321 
53.5  0.00116267 
53.55  0.00116214 
53.6  0.0011616 
53.65  0.00116106 
53.7  0.00116053 
53.75  0.00115999 
53.8  0.00115946 
53.85  0.00115892 
53.9  0.00115839 
53.95  0.00115786 
54  0.00115733 
54.05  0.00115679 
54.1  0.00115626 
54.15  0.00115573 
54.2  0.00115521 
54.25  0.00115468 
54.3  0.00115415 
54.35  0.00115362 
54.4  0.0011531 
54.45  0.00115257 
54.5  0.00115205 
54.55  0.00115153 
54.6  0.001151 
54.65  0.00115048 
54.7  0.00114996 
54.75  0.00114944 
54.8  0.00114892 
54.85  0.0011484 
54.9  0.00114788 
54.95  0.00114736 
55  0.00114684 
55.05  0.00114633 
55.1  0.00114581 
55.15  0.0011453 
55.2  0.00114478 
55.25  0.00114427 
55.3  0.00114375 
55.35  0.00114324 
55.4  0.00114273 
55.45  0.00114222 
55.5  0.00114171 
55.55  0.0011412 
55.6  0.00114069 
55.65  0.00114018 
55.7  0.00227884 
55.75  0.00113866 
55.8  0.00113816 
55.85  0.00113765 
55.9  0.00113715 
55.95  0.00113664 
56  0.00113614 
56.05  0.00113564 
56.1  0.00113514 
56.15  0.00113463 
56.2  0.00113413 
56.25  0.00113363 
56.3  0.00113314 
56.35  0.00113264 
56.4  0.00113214 
56.45  0.00113164 
56.5  0.00113115 
56.55  0.00113065 
56.6  0.00113016 
56.65  0.00112966 
56.7  0.00112917 
56.75  0.00112867 
56.8  0.00112818 
56.85  0.00112769 
56.9  0.0011272 
56.95  0.00112671 
57  0.00112622 
57.05  0.00112573 
57.1  0.00112524 
57.15  0.00112475 
57.2  0.00112426 
57.25  0.00112378 
57.3  0.00112329 
57.35  0.00112281 
57.4  0.00112232 
57.45  0.00112184 
57.5  0.00112135 
57.55  0.00112087 
57.6  0.00112039 
57.65  0.00111991 
57.7  0.00111943 
57.75  0.00111895 
57.8  0.00111847 
57.85  0.00111799 
57.9  0.00111751 
57.95  0.00111703 
58  0.00111655 
58.05  0.00111608 
58.1  0.0011156 
58.15  0.00111512 
58.2  0.00111465 
58.25  0.00111417 
58.3  0.0011137 
58.35  0.00111323 
58.4  0.00111276 
58.45  0.00111228 
58.5  0.00111181 
58.55  0.00111134 
58.6  0.00111087 
58.65  0.0011104 
58.7  0.00110993 
58.75  0.00110946 
58.8  0.001109 
58.85  0.00110853 
58.9  0.00110806 
58.95  0.0011076 
59  0.00110713 
59.05  0.00110667 
59.1  0.0011062 
59.15  0.00110574 
59.2  0.00110528 
59.25  0.00110481 
59.3  0.00110435 
59.35  0.00110389 
59.4  0.00110343 
59.45  0.00110297 
59.5  0.00110251 
59.55  0.00110205 
59.6  0.00110159 
59.65  0.00110113 
59.7  0.00110068 
59.75  0.00110022 
59.8  0.00109976 
59.85  0.00109931 
59.9  0.00109885 
59.95  0.0010984 
60  0.00109794 
60.05  0.00109749 
60.1  0.00109704 
60.15  0.00109659 
60.2  0.00109613 
60.25  0.00109568 
60.3  0.00109523 
60.35  0.00109478 
60.4  0.00109433 
60.45  0.00109389 
60.5  0.00109344 
60.55  0.00109299 
60.6  0.00109254 
60.65  0.00109209 
60.7  0.00109165 
60.75  0.0010912 
60.8  0.00109076 
60.85  0.00109031 
60.9  0.0021793 
60.95  0.00108898 
61  0.00108854 
61.05  0.0010881 
61.1  0.00108766 
61.15  0.00108722 
61.2  0.00108678 
61.25  0.00108634 
61.3  0.0010859 
61.35  0.00108546 
61.4  0.00108502 
61.45  0.00108458 
61.5  0.00108415 
61.55  0.00108371 
61.6  0.00108327 
61.65  0.00108284 
61.7  0.0010824 
61.75  0.00108197 
61.8  0.00108154 
61.85  0.0010811 
61.9  0.00108067 
61.95  0.00108024 
62  0.00107981 
62.05  0.00107937 
62.1  0.00107894 
62.15  0.00107851 
62.2  0.00107808 
62.25  0.00107765 
62.3  0.00107723 
62.35  0.0010768 
62.4  0.00107637 
62.45  0.00107594 
62.5  0.00107552 
62.55  0.00107509 
62.6  0.00107466 
62.65  0.00107424 
62.7  0.00107382 
62.75  0.00107339 
62.8  0.00107297 
62.85  0.00107254 
62.9  0.00107212 
62.95  0.0010717 
63  0.00107128 
63.05  0.00107086 
63.1  0.00107044 
63.15  0.00107002 
63.2  0.0010696 
63.25  0.00106918 
63.3  0.00106876 
63.35  0.00106834 
63.4  0.00106792 
63.45  0.00106751 
63.5  0.00106709 
63.55  0.00106667 
63.6  0.00106626 
63.65  0.00106584 
63.7  0.00106543 
63.75  0.00106501 
63.8  0.0010646 
63.85  0.00106419 
63.9  0.00106377 
63.95  0.00106336 
64  0.00106295 
64.05  0.00106254 
64.1  0.00106213 
64.15  0.00106172 
64.2  0.00106131 
64.25  0.0010609 
64.3  0.00106049 
64.35  0.00106008 
64.4  0.00105967 
64.45  0.00105926 
64.5  0.00105886 
64.55  0.00105845 
64.6  0.00105804 
64.65  0.00105764 
64.7  0.00105723 
64.75  0.00105683 
64.8  0.00105642 
64.85  0.00105602 
64.9  0.00105562 
64.95  0.00105521 
65  0.00105481 
65.05  0.00105441 
65.1  0.00105401 
65.15  0.00105361 
65.2  0.00105321 
65.25  0.00105281 
65.3  0.00105241 
65.35  0.00105201 
65.4  0.00105161 
65.45  0.00105121 
65.5  0.00105081 
65.55  0.00105041 
65.6  0.00105002 
65.65  0.00104962 
65.7  0.00104922 
65.75  0.00104883 
65.8  0.00104843 
65.85  0.00104804 
65.9  0.00104764 
65.95  0.00104725 
66  0.00104686 
66.05  0.00104646 
66.1  0.00104607 
66.15  0.00209097 
66.2  0.0010449 
66.25  0.00104451 
66.3  0.00104412 
66.35  0.00104373 
66.4  0.00104334 
66.45  0.00104295 
66.5  0.00104256 
66.55  0.00104217 
66.6  0.00104178 
66.65  0.0010414 
66.7  0.00104101 
66.75  0.00104062 
66.8  0.00104024 
66.85  0.00103985 
66.9  0.00103947 
66.95  0.00103908 
67  0.0010387 
67.05  0.00103831 
67.1  0.00103793 
67.15  0.00103755 
67.2  0.00103716 
67.25  0.00103678 
67.3  0.0010364 
67.35  0.00103602 
67.4  0.00103564 
67.45  0.00103526 
67.5  0.00103488 
67.55  0.0010345 
67.6  0.00103412 
67.65  0.00103374 
67.7  0.00103336 
67.75  0.00103298 
67.8  0.0010326 
67.85  0.00103223 
67.9  0.00103185 
67.95  0.00103147 
68  0.0010311 
68.05  0.00103072 
68.1  0.00103035 
68.15  0.00102997 
68.2  0.0010296 
68.25  0.00102923 
68.3  0.00102885 
68.35  0.00102848 
68.4  0.00102811 
68.45  0.00102773 
68.5  0.00102736 
68.55  0.00102699 
68.6  0.00102662 
68.65  0.00102625 
68.7  0.00102588 
68.75  0.00102551 
68.8  0.00102514 
68.85  0.00102477 
68.9  0.0010244 
68.95  0.00102403 
69  0.00102367 
69.05  0.0010233 
69.1  0.00102293 
69.15  0.00102256 
69.2  0.0010222 
69.25  0.00102183 
69.3  0.00102147 
69.35  0.0010211 
69.4  0.00102074 
69.45  0.00102037 
69.5  0.00102001 
69.55  0.00101965 
69.6  0.00101928 
69.65  0.00101892 
69.7  0.00101856 
69.75  0.0010182 
69.8  0.00101783 
69.85  0.00101747 
69.9  0.00101711 
69.95  0.00101675 
70  0.00101639 
70.05  0.00101603 
70.1  0.00101567 
70.15  0.00101531 
70.2  0.00101495 
70.25  0.0010146 
70.3  0.00101424 
70.35  0.00101388 
70.4  0.00101352 
70.45  0.00101317 
70.5  0.00101281 
70.55  0.00101246 
70.6  0.0010121 
70.65  0.00101174 
70.7  0.00101139 
70.75  0.00101104 
70.8  0.00101068 
70.85  0.00101033 
70.9  0.00100997 
70.95  0.00100962 
71  0.00100927 
71.05  0.00100892 
71.1  0.00100857 
71.15  0.00100821 
71.2  0.00100786 
71.25  0.00100751 
71.3  0.00100716 
71.35  0.00201327 
71.4  0.00100611 
71.45  0.00100576 
71.5  0.00100542 
71.55  0.00100507 
71.6  0.00100472 
71.65  0.00100437 
71.7  0.00100403 
71.75  0.00100368 
71.8  0.00100333 
71.85  0.00100299 
71.9  0.00100264 
71.95  0.0010023 
72  0.00100195 
72.05  0.00100161 
72.1  0.00100126 
72.15  0.00100092 
72.2  0.00100057 
72.25  0.00100023 
72.3  0.000999888 
72.35  0.000999546 
72.4  0.000999204 
72.45  0.000998862 
72.5  0.000998521 
72.55  0.00099818 
72.6  0.000997839 
72.65  0.000997499 
72.7  0.000997159 
72.75  0.000996819 
72.8  0.00099648 
72.85  0.000996141 
72.9  0.000995802 
72.95  0.000995464 
73  0.000995126 
73.05  0.000994788 
73.1  0.000994451 
73.15  0.000994114 
73.2  0.000993778 
73.25  0.000993441 
73.3  0.000993106 
73.35  0.00099277 
73.4  0.000992435 
73.45  0.0009921 
73.5  0.000991766 
73.55  0.000991431 
73.6  0.000991098 
73.65  0.000990764 
73.7  0.000990431 
73.75  0.000990098 
73.8  0.000989766 
73.85  0.000989433 
73.9  0.000989102 
73.95  0.00098877 
74  0.000988439 
74.05  0.000988108 
74.1  0.000987778 
74.15  0.000987448 
74.2  0.000987118 
74.25  0.000986788 
74.3  0.000986459 
74.35  0.00098613 
74.4  0.000985802 
74.45  0.000985474 
74.5  0.000985146 
74.55  0.000984818 
74.6  0.000984491 
74.65  0.000984164 
74.7  0.000983838 
74.75  0.000983511 
74.8  0.000983185 
74.85  0.00098286 
74.9  0.000982535 
74.95  0.00098221 
75  0.000981885 
75.05  0.000981561 
75.1  0.000981237 
75.15  0.000980913 
75.2  0.00098059 
75.25  0.000980267 
75.3  0.000979944 
75.35  0.000979622 
75.4  0.0009793 
75.45  0.000978978 
75.5  0.000978657 
75.55  0.000978336 
75.6  0.000978015 
75.65  0.000977694 
75.7  0.000977374 
75.75  0.000977054 
75.8  0.000976735 
75.85  0.000976416 
75.9  0.000976097 
75.95  0.000975778 
76  0.00097546 
76.05  0.000975142 
76.1  0.000974824 
76.15  0.000974507 
76.2  0.00097419 
76.25  0.000973873 
76.3  0.000973557 
76.35  0.000973241 
76.4  0.000972925 
76.45  0.00097261 
76.5  0.000972294 
76.55  0.00194364 
76.6  0.000971351 
76.65  0.000971037 
76.7  0.000970723 
76.75  0.00097041 
76.8  0.000970097 
76.85  0.000969784 
76.9  0.000969471 
76.95  0.000969159 
77  0.000968847 
77.05  0.000968536 
77.1  0.000968225 
77.15  0.000967914 
77.2  0.000967603 
77.25  0.000967293 
77.3  0.000966983 
77.35  0.000966673 
77.4  0.000966363 
77.45  0.000966054 
77.5  0.000965745 
77.55  0.000965437 
77.6  0.000965129 
77.65  0.000964821 
77.7  0.000964513 
77.75  0.000964206 
77.8  0.000963899 
77.85  0.000963592 
77.9  0.000963285 
77.95  0.000962979 
78  0.000962673 
78.05  0.000962368 
78.1  0.000962062 
78.15  0.000961757 
78.2  0.000961452 
78.25  0.000961148 
78.3  0.000960844 
78.35  0.00096054 
78.4  0.000960236 
78.45  0.000959933 
78.5  0.00095963 
78.55  0.000959327 
78.6  0.000959025 
78.65  0.000958723 
78.7  0.000958421 
78.75  0.000958119 
78.8  0.000957818 
78.85  0.000957517 
78.9  0.000957216 
78.95  0.000956916 
79  0.000956615 
79.05  0.000956316 
79.1  0.000956016 
79.15  0.000955717 
79.2  0.000955418 
79.25  0.000955119 
79.3  0.00095482 
79.35  0.000954522 
79.4  0.000954224 
79.45  0.000953927 
79.5  0.000953629 
79.55  0.000953332 
79.6  0.000953035 
79.65  0.000952739 
79.7  0.000952442 
79.75  0.000952147 
79.8  0.000951851 
79.85  0.000951555 
79.9  0.00095126 
79.95  0.000950965 
80  0.000950671 
80.05  0.000950376 
80.1  0.000950082 
80.15  0.000949789 
80.2  0.000949495 
80.25  0.000949202 
80.3  0.000948909 
80.35  0.000948616 
80.4  0.000948324 
80.45  0.000948031 
80.5  0.00094774 
80.55  0.000947448 
80.6  0.000947157 
80.65  0.000946866 
80.7  0.000946575 
80.75  0.000946284 
80.8  0.000945994 
80.85  0.000945704 
80.9  0.000945414 
80.95  0.000945125 
81  0.000944835 
81.05  0.000944546 
81.1  0.000944258 
81.15  0.000943969 
81.2  0.000943681 
81.25  0.000943393 
81.3  0.000943106 
81.35  0.000942818 
81.4  0.000942531 
81.45  0.000942244 
81.5  0.000941958 
81.55  0.000941672 
81.6  0.000941385 
81.65  0.0009411 
81.7  0.000940814 
81.75  0.00188077 
81.8  0.000939959 
81.85  0.000939675 
81.9  0.00093939 
81.95  0.000939106 
82  0.000938823 
82.05  0.000938539 
82.1  0.000938256 
82.15  0.000937973 
82.2  0.00093769 
82.25  0.000937408 
82.3  0.000937126 
82.35  0.000936844 
82.4  0.000936562 
82.45  0.000936281 
82.5  0.000935999 
82.55  0.000935718 
82.6  0.000935438 
82.65  0.000935157 
82.7  0.000934877 
82.75  0.000934597 
82.8  0.000934318 
82.85  0.000934038 
82.9  0.000933759 
82.95  0.00093348 
83  0.000933201 
83.05  0.000932923 
83.1  0.000932645 
83.15  0.000932367 
83.2  0.000932089 
83.25  0.000931812 
83.3  0.000931535 
83.35  0.000931258 
83.4  0.000930981 
83.45  0.000930705 
83.5  0.000930429 
83.55  0.000930153 
83.6  0.000929877 
83.65  0.000929601 
83.7  0.000929326 
83.75  0.000929051 
83.8  0.000928777 
83.85  0.000928502 
83.9  0.000928228 
83.95  0.000927954 
84  0.00092768 
84.05  0.000927407 
84.1  0.000927133 
84.15  0.00092686 
84.2  0.000926588 
84.25  0.000926315 
84.3  0.000926043 
84.35  0.000925771 
84.4  0.000925499 
84.45  0.000925227 
84.5  0.000924956 
84.55  0.000924685 
84.6  0.000924414 
84.65  0.000924143 
84.7  0.000923873 
84.75  0.000923603 
84.8  0.000923333 
84.85  0.000923063 
84.9  0.000922794 
84.95  0.000922525 
85  0.000922256 
85.05  0.000921987 
85.1  0.000921718 
85.15  0.00092145 
85.2  0.000921182 
85.25  0.000920914 
85.3  0.000920647 
85.35  0.000920379 
85.4  0.000920112 
85.45  0.000919846 
85.5  0.000919579 
85.55  0.000919312 
85.6  0.000919046 
85.65  0.00091878 
85.7  0.000918515 
85.75  0.000918249 
85.8  0.000917984 
85.85  0.000917719 
85.9  0.000917454 
85.95  0.00091719 
86  0.000916925 
86.05  0.000916661 
86.1  0.000916397 
86.15  0.000916134 
86.2  0.00091587 
86.25  0.000915607 
86.3  0.000915344 
86.35  0.000915081 
86.4  0.000914819 
86.45  0.000914557 
86.5  0.000914295 
86.55  0.000914033 
86.6  0.000913771 
86.65  0.00091351 
86.7  0.000913249 
86.75  0.000912988 
86.8  0.000912727 
86.85  0.000912466 
86.9  0.000912206 
86.95  0.00182363 
87  0.000911427 
87.05  0.000911167 
87.1  0.000910908 
87.15  0.000910649 
87.2  0.00091039 
87.25  0.000910132 
87.3  0.000909874 
87.35  0.000909616 
87.4  0.000909358 
87.45  0.0009091 
87.5  0.000908843 
87.55  0.000908586 
87.6  0.000908329 
87.65  0.000908072 
87.7  0.000907815 
87.75  0.000907559 
87.8  0.000907303 
87.85  0.000907047 
87.9  0.000906791 
87.95  0.000906536 
88  0.000906281 
88.05  0.000906026 
88.1  0.000905771 
88.15  0.000905516 
88.2  0.000905262 
88.25  0.000905008 
88.3  0.000904754 
88.35  0.0009045 
88.4  0.000904247 
88.45  0.000903993 
88.5  0.00090374 
88.55  0.000903487 
88.6  0.000903235 
88.65  0.000902982 
88.7  0.00090273 
88.75  0.000902478 
88.8  0.000902226 
88.85  0.000901975 
88.9  0.000901723 
88.95  0.000901472 
89  0.000901221 
89.05  0.00090097 
89.1  0.00090072 
89.15  0.000900469 
89.2  0.000900219 
89.25  0.000899969 
89.3  0.00089972 
89.35  0.00089947 
89.4  0.000899221 
89.45  0.000898972 
89.5  0.000898723 
89.55  0.000898474 
89.6  0.000898226 
89.65  0.000897977 
89.7  0.000897729 
89.75  0.000897481 
89.8  0.000897234 
89.85  0.000896986 
89.9  0.000896739 
89.95  0.000896492 
90  0.000896245 
90.05  0.000895999 
90.1  0.000895752 
90.15  0.000895506 
90.2  0.00089526 
90.25  0.000895014 
90.3  0.000894768 
90.35  0.000894523 
90.4  0.000894278 
90.45  0.000894033 
90.5  0.000893788 
90.55  0.000893543 
90.6  0.000893299 
90.65  0.000893055 
90.7  0.000892811 
90.75  0.000892567 
90.8  0.000892323 
90.85  0.00089208 
90.9  0.000891837 
90.95  0.000891594 
91  0.000891351 
91.05  0.000891108 
91.1  0.000890866 
91.15  0.000890624 
91.2  0.000890382 
91.25  0.00089014 
91.3  0.000889898 
91.35  0.000889657 
91.4  0.000889415 
91.45  0.000889174 
91.5  0.000888934 
91.55  0.000888693 
91.6  0.000888452 
91.65  0.000888212 
91.7  0.000887972 
91.75  0.000887732 
91.8  0.000887493 
91.85  0.000887253 
91.9  0.000887014 
91.95  0.000886775 
92  0.000886536 
92.05  0.000886297 
92.1  0.000886059 
92.15  0.00088582 
92.2  0.00177093 
92.25  0.000885106 
92.3  0.000884869 
92.35  0.000884631 
92.4  0.000884394 
92.45  0.000884157 
92.5  0.000883921 
92.55  0.000883684 
92.6  0.000883448 
92.65  0.000883211 
92.7  0.000882975 
92.75  0.000882739 
92.8  0.000882504 
92.85  0.000882268 
92.9  0.000882033 
92.95  0.000881798 
93  0.000881563 
93.05  0.000881328 
93.1  0.000881094 
93.15  0.000880859 
93.2  0.000880625 
93.25  0.000880391 
93.3  0.000880158 
93.35  0.000879924 
93.4  0.000879691 
93.45  0.000879457 
93.5  0.000879224 
93.55  0.000878991 
93.6  0.000878759 
93.65  0.000878526 
93.7  0.000878294 
93.75  0.000878062 
93.8  0.00087783 
93.85  0.000877598 
93.9  0.000877367 
93.95  0.000877135 
94  0.000876904 
94.05  0.000876673 
94.1  0.000876442 
94.15  0.000876212 
94.2  0.000875981 
94.25  0.000875751 
94.3  0.000875521 
94.35  0.000875291 
94.4  0.000875061 
94.45  0.000874831 
94.5  0.000874602 
94.55  0.000874373 
94.6  0.000874144 
94.65  0.000873915 
94.7  0.000873686 
94.75  0.000873458 
94.8  0.00087323 
94.85  0.000873002 
94.9  0.000872774 
94.95  0.000872546 
95  0.000872318 
95.05  0.000872091 
95.1  0.000871864 
95.15  0.000871636 
95.2  0.00087141 
95.25  0.000871183 
95.3  0.000870956 
95.35  0.00087073 
95.4  0.000870504 
95.45  0.000870278 
95.5  0.000870052 
95.55  0.000869826 
95.6  0.000869601 
95.65  0.000869376 
95.7  0.00086915 
95.75  0.000868926 
95.8  0.000868701 
95.85  0.000868476 
95.9  0.000868252 
95.95  0.000868028 
96  0.000867804 
96.05  0.00086758 
96.1  0.000867356 
96.15  0.000867132 
96.2  0.000866909 
96.25  0.000866686 
96.3  0.000866463 
96.35  0.00086624 
96.4  0.000866017 
96.45  0.000865795 
96.5  0.000865572 
96.55  0.00086535 
96.6  0.000865128 
96.65  0.000864906 
96.7  0.000864685 
96.75  0.000864463 
96.8  0.000864242 
96.85  0.000864021 
96.9  0.0008638 
96.95  0.000863579 
97  0.000863358 
97.05  0.000863138 
97.1  0.000862917 
97.15  0.000862697 
97.2  0.000862477 
97.25  0.000862258 
97.3  0.000862038 
97.35  0.000861818 
97.4  0.00172298 
97.45  0.000861161 
97.5  0.000860942 
97.55  0.000860724 
97.6  0.000860505 
97.65  0.000860287 
97.7  0.000860069 
97.75  0.000859851 
97.8  0.000859633 
97.85  0.000859415 
97.9  0.000859198 
97.95  0.000858981 
98  0.000858763 
98.05  0.000858546 
98.1  0.00085833 
98.15  0.000858113 
98.2  0.000857896 
98.25  0.00085768 
98.3  0.000857464 
98.35  0.000857248 
98.4  0.000857032 
98.45  0.000856816 
98.5  0.000856601 
98.55  0.000856386 
98.6  0.00085617 
98.65  0.000855955 
98.7  0.000855741 
98.75  0.000855526 
98.8  0.000855311 
98.85  0.000855097 
98.9  0.000854883 
98.95  0.000854669 
99  0.000854455 
99.05  0.000854241 
99.1  0.000854028 
99.15  0.000853814 
99.2  0.000853601 
99.25  0.000853388 
99.3  0.000853175 
99.35  0.000852962 
99.4  0.00085275 
99.45  0.000852537 
99.5  0.000852325 
99.55  0.000852113 
99.6  0.000851901 
99.65  0.000851689 
99.7  0.000851477 
99.75  0.000851266 
99.8  0.000851054 
99.85  0.000850843 
99.9  0.000850632 
99.95  0.000850421 
100  0.000850211 
