# Main Dust Particle Motion and Properties
# Columns: 1. Time Step, 2. Particle Index, 3. Radius [AU]
# Data generated by Dust Drift Simulation
0 0 0.1
0 1 0.102981
0 2 0.105961
0 3 0.108942
0 4 0.111922
0 5 0.114903
0 6 0.117884
0 7 0.120864
0 8 0.123845
0 9 0.126825
0 10 0.129806
0 11 0.132787
0 12 0.135767
0 13 0.138748
0 14 0.141728
0 15 0.144709
0 16 0.14769
0 17 0.15067
0 18 0.153651
0 19 0.156631
0 20 0.159612
0 21 0.162593
0 22 0.165573
0 23 0.168554
0 24 0.171534
0 25 0.174515
0 26 0.177496
0 27 0.180476
0 28 0.183457
0 29 0.186437
0 30 0.189418
0 31 0.192399
0 32 0.195379
0 33 0.19836
0 34 0.20134
0 35 0.204321
0 36 0.207301
0 37 0.210282
0 38 0.213263
0 39 0.216243
0 40 0.219224
0 41 0.222204
0 42 0.225185
0 43 0.228166
0 44 0.231146
0 45 0.234127
0 46 0.237107
0 47 0.240088
0 48 0.243069
0 49 0.246049
0 50 0.24903
0 51 0.25201
0 52 0.254991
0 53 0.257972
0 54 0.260952
0 55 0.263933
0 56 0.266913
0 57 0.269894
0 58 0.272875
0 59 0.275855
0 60 0.278836
0 61 0.281816
0 62 0.284797
0 63 0.287778
0 64 0.290758
0 65 0.293739
0 66 0.296719
0 67 0.2997
0 68 0.302681
0 69 0.305661
0 70 0.308642
0 71 0.311622
0 72 0.314603
0 73 0.317584
0 74 0.320564
0 75 0.323545
0 76 0.326525
0 77 0.329506
0 78 0.332487
0 79 0.335467
0 80 0.338448
0 81 0.341428
0 82 0.344409
0 83 0.34739
0 84 0.35037
0 85 0.353351
0 86 0.356331
0 87 0.359312
0 88 0.362293
0 89 0.365273
0 90 0.368254
0 91 0.371234
0 92 0.374215
0 93 0.377195
0 94 0.380176
0 95 0.383157
0 96 0.386137
0 97 0.389118
0 98 0.392098
0 99 0.395079
0 100 0.39806
0 101 0.40104
0 102 0.404021
0 103 0.407001
0 104 0.409982
0 105 0.412963
0 106 0.415943
0 107 0.418924
0 108 0.421904
0 109 0.424885
0 110 0.427866
0 111 0.430846
0 112 0.433827
0 113 0.436807
0 114 0.439788
0 115 0.442769
0 116 0.445749
0 117 0.44873
0 118 0.45171
0 119 0.454691
0 120 0.457672
0 121 0.460652
0 122 0.463633
0 123 0.466613
0 124 0.469594
0 125 0.472575
0 126 0.475555
0 127 0.478536
0 128 0.481516
0 129 0.484497
0 130 0.487478
0 131 0.490458
0 132 0.493439
0 133 0.496419
0 134 0.4994
0 135 0.502381
0 136 0.505361
0 137 0.508342
0 138 0.511322
0 139 0.514303
0 140 0.517284
0 141 0.520264
0 142 0.523245
0 143 0.526225
0 144 0.529206
0 145 0.532186
0 146 0.535167
0 147 0.538148
0 148 0.541128
0 149 0.544109
0 150 0.547089
0 151 0.55007
0 152 0.553051
0 153 0.556031
0 154 0.559012
0 155 0.561992
0 156 0.564973
0 157 0.567954
0 158 0.570934
0 159 0.573915
0 160 0.576895
0 161 0.579876
0 162 0.582857
0 163 0.585837
0 164 0.588818
0 165 0.591798
0 166 0.594779
0 167 0.59776
0 168 0.60074
0 169 0.603721
0 170 0.606701
0 171 0.609682
0 172 0.612662
0 173 0.615643
0 174 0.618624
0 175 0.621604
0 176 0.624585
0 177 0.627565
0 178 0.630546
0 179 0.633527
0 180 0.636507
0 181 0.639488
0 182 0.642468
0 183 0.645449
0 184 0.64843
0 185 0.65141
0 186 0.654391
0 187 0.657371
0 188 0.660352
0 189 0.663333
0 190 0.666313
0 191 0.669294
0 192 0.672274
0 193 0.675255
0 194 0.678236
0 195 0.681216
0 196 0.684197
0 197 0.687177
0 198 0.690158
0 199 0.693139
0 200 0.696119
0 201 0.6991
0 202 0.70208
0 203 0.705061
0 204 0.708042
0 205 0.711022
0 206 0.714003
0 207 0.716983
0 208 0.719964
0 209 0.722945
0 210 0.725925
0 211 0.728906
0 212 0.731886
0 213 0.734867
0 214 0.737848
0 215 0.740828
0 216 0.743809
0 217 0.746789
0 218 0.74977
0 219 0.752751
0 220 0.755731
0 221 0.758712
0 222 0.761692
0 223 0.764673
0 224 0.767653
0 225 0.770634
0 226 0.773615
0 227 0.776595
0 228 0.779576
0 229 0.782556
0 230 0.785537
0 231 0.788518
0 232 0.791498
0 233 0.794479
0 234 0.797459
0 235 0.80044
0 236 0.803421
0 237 0.806401
0 238 0.809382
0 239 0.812362
0 240 0.815343
0 241 0.818324
0 242 0.821304
0 243 0.824285
0 244 0.827265
0 245 0.830246
0 246 0.833227
0 247 0.836207
0 248 0.839188
0 249 0.842168
0 250 0.845149
0 251 0.84813
0 252 0.85111
0 253 0.854091
0 254 0.857071
0 255 0.860052
0 256 0.863033
0 257 0.866013
0 258 0.868994
0 259 0.871974
0 260 0.874955
0 261 0.877936
0 262 0.880916
0 263 0.883897
0 264 0.886877
0 265 0.889858
0 266 0.892839
0 267 0.895819
0 268 0.8988
0 269 0.90178
0 270 0.904761
0 271 0.907741
0 272 0.910722
0 273 0.913703
0 274 0.916683
0 275 0.919664
0 276 0.922644
0 277 0.925625
0 278 0.928606
0 279 0.931586
0 280 0.934567
0 281 0.937547
0 282 0.940528
0 283 0.943509
0 284 0.946489
0 285 0.94947
0 286 0.95245
0 287 0.955431
0 288 0.958412
0 289 0.961392
0 290 0.964373
0 291 0.967353
0 292 0.970334
0 293 0.973315
0 294 0.976295
0 295 0.979276
0 296 0.982256
0 297 0.985237
0 298 0.988218
0 299 0.991198
0 300 0.994179
0 301 0.997159
0 302 1.00014
0 303 1.00312
0 304 1.0061
0 305 1.00908
0 306 1.01206
0 307 1.01504
0 308 1.01802
0 309 1.021
0 310 1.02398
0 311 1.02696
0 312 1.02995
0 313 1.03293
0 314 1.03591
0 315 1.03889
0 316 1.04187
0 317 1.04485
0 318 1.04783
0 319 1.05081
0 320 1.05379
0 321 1.05677
0 322 1.05975
0 323 1.06273
0 324 1.06571
0 325 1.06869
0 326 1.07167
0 327 1.07465
0 328 1.07764
0 329 1.08062
0 330 1.0836
0 331 1.08658
0 332 1.08956
0 333 1.09254
0 334 1.09552
0 335 1.0985
0 336 1.10148
0 337 1.10446
0 338 1.10744
0 339 1.11042
0 340 1.1134
0 341 1.11638
0 342 1.11936
0 343 1.12234
0 344 1.12532
0 345 1.12831
0 346 1.13129
0 347 1.13427
0 348 1.13725
0 349 1.14023
0 350 1.14321
0 351 1.14619
0 352 1.14917
0 353 1.15215
0 354 1.15513
0 355 1.15811
0 356 1.16109
0 357 1.16407
0 358 1.16705
0 359 1.17003
0 360 1.17301
0 361 1.17599
0 362 1.17898
0 363 1.18196
0 364 1.18494
0 365 1.18792
0 366 1.1909
0 367 1.19388
0 368 1.19686
0 369 1.19984
0 370 1.20282
0 371 1.2058
0 372 1.20878
0 373 1.21176
0 374 1.21474
0 375 1.21772
0 376 1.2207
0 377 1.22368
0 378 1.22666
0 379 1.22965
0 380 1.23263
0 381 1.23561
0 382 1.23859
0 383 1.24157
0 384 1.24455
0 385 1.24753
0 386 1.25051
0 387 1.25349
0 388 1.25647
0 389 1.25945
0 390 1.26243
0 391 1.26541
0 392 1.26839
0 393 1.27137
0 394 1.27435
0 395 1.27734
0 396 1.28032
0 397 1.2833
0 398 1.28628
0 399 1.28926
0 400 1.29224
0 401 1.29522
0 402 1.2982
0 403 1.30118
0 404 1.30416
0 405 1.30714
0 406 1.31012
0 407 1.3131
0 408 1.31608
0 409 1.31906
0 410 1.32204
0 411 1.32502
0 412 1.32801
0 413 1.33099
0 414 1.33397
0 415 1.33695
0 416 1.33993
0 417 1.34291
0 418 1.34589
0 419 1.34887
0 420 1.35185
0 421 1.35483
0 422 1.35781
0 423 1.36079
0 424 1.36377
0 425 1.36675
0 426 1.36973
0 427 1.37271
0 428 1.37569
0 429 1.37868
0 430 1.38166
0 431 1.38464
0 432 1.38762
0 433 1.3906
0 434 1.39358
0 435 1.39656
0 436 1.39954
0 437 1.40252
0 438 1.4055
0 439 1.40848
0 440 1.41146
0 441 1.41444
0 442 1.41742
0 443 1.4204
0 444 1.42338
0 445 1.42637
0 446 1.42935
0 447 1.43233
0 448 1.43531
0 449 1.43829
0 450 1.44127
0 451 1.44425
0 452 1.44723
0 453 1.45021
0 454 1.45319
0 455 1.45617
0 456 1.45915
0 457 1.46213
0 458 1.46511
0 459 1.46809
0 460 1.47107
0 461 1.47405
0 462 1.47704
0 463 1.48002
0 464 1.483
0 465 1.48598
0 466 1.48896
0 467 1.49194
0 468 1.49492
0 469 1.4979
0 470 1.50088
0 471 1.50386
0 472 1.50684
0 473 1.50982
0 474 1.5128
0 475 1.51578
0 476 1.51876
0 477 1.52174
0 478 1.52473
0 479 1.52771
0 480 1.53069
0 481 1.53367
0 482 1.53665
0 483 1.53963
0 484 1.54261
0 485 1.54559
0 486 1.54857
0 487 1.55155
0 488 1.55453
0 489 1.55751
0 490 1.56049
0 491 1.56347
0 492 1.56645
0 493 1.56943
0 494 1.57241
0 495 1.5754
0 496 1.57838
0 497 1.58136
0 498 1.58434
0 499 1.58732
0 500 1.5903
0 501 1.59328
0 502 1.59626
0 503 1.59924
0 504 1.60222
0 505 1.6052
0 506 1.60818
0 507 1.61116
0 508 1.61414
0 509 1.61712
0 510 1.6201
0 511 1.62309
0 512 1.62607
0 513 1.62905
0 514 1.63203
0 515 1.63501
0 516 1.63799
0 517 1.64097
0 518 1.64395
0 519 1.64693
0 520 1.64991
0 521 1.65289
0 522 1.65587
0 523 1.65885
0 524 1.66183
0 525 1.66481
0 526 1.66779
0 527 1.67077
0 528 1.67376
0 529 1.67674
0 530 1.67972
0 531 1.6827
0 532 1.68568
0 533 1.68866
0 534 1.69164
0 535 1.69462
0 536 1.6976
0 537 1.70058
0 538 1.70356
0 539 1.70654
0 540 1.70952
0 541 1.7125
0 542 1.71548
0 543 1.71846
0 544 1.72144
0 545 1.72443
0 546 1.72741
0 547 1.73039
0 548 1.73337
0 549 1.73635
0 550 1.73933
0 551 1.74231
0 552 1.74529
0 553 1.74827
0 554 1.75125
0 555 1.75423
0 556 1.75721
0 557 1.76019
0 558 1.76317
0 559 1.76615
0 560 1.76913
0 561 1.77211
0 562 1.7751
0 563 1.77808
0 564 1.78106
0 565 1.78404
0 566 1.78702
0 567 1.79
0 568 1.79298
0 569 1.79596
0 570 1.79894
0 571 1.80192
0 572 1.8049
0 573 1.80788
0 574 1.81086
0 575 1.81384
0 576 1.81682
0 577 1.8198
0 578 1.82279
0 579 1.82577
0 580 1.82875
0 581 1.83173
0 582 1.83471
0 583 1.83769
0 584 1.84067
0 585 1.84365
0 586 1.84663
0 587 1.84961
0 588 1.85259
0 589 1.85557
0 590 1.85855
0 591 1.86153
0 592 1.86451
0 593 1.86749
0 594 1.87047
0 595 1.87346
0 596 1.87644
0 597 1.87942
0 598 1.8824
0 599 1.88538
0 600 1.88836
0 601 1.89134
0 602 1.89432
0 603 1.8973
0 604 1.90028
0 605 1.90326
0 606 1.90624
0 607 1.90922
0 608 1.9122
0 609 1.91518
0 610 1.91816
0 611 1.92114
0 612 1.92413
0 613 1.92711
0 614 1.93009
0 615 1.93307
0 616 1.93605
0 617 1.93903
0 618 1.94201
0 619 1.94499
0 620 1.94797
0 621 1.95095
0 622 1.95393
0 623 1.95691
0 624 1.95989
0 625 1.96287
0 626 1.96585
0 627 1.96883
0 628 1.97181
0 629 1.9748
0 630 1.97778
0 631 1.98076
0 632 1.98374
0 633 1.98672
0 634 1.9897
0 635 1.99268
0 636 1.99566
0 637 1.99864
0 638 2.00162
0 639 2.0046
0 640 2.00758
0 641 2.01056
0 642 2.01354
0 643 2.01652
0 644 2.0195
0 645 2.02248
0 646 2.02547
0 647 2.02845
0 648 2.03143
0 649 2.03441
0 650 2.03739
0 651 2.04037
0 652 2.04335
0 653 2.04633
0 654 2.04931
0 655 2.05229
0 656 2.05527
0 657 2.05825
0 658 2.06123
0 659 2.06421
0 660 2.06719
0 661 2.07017
0 662 2.07315
0 663 2.07613
0 664 2.07912
0 665 2.0821
0 666 2.08508
0 667 2.08806
0 668 2.09104
0 669 2.09402
0 670 2.097
0 671 2.09998
0 672 2.10296
0 673 2.10594
0 674 2.10892
0 675 2.1119
0 676 2.11488
0 677 2.11786
0 678 2.12084
0 679 2.12383
0 680 2.12681
0 681 2.12979
0 682 2.13277
0 683 2.13575
0 684 2.13873
0 685 2.14171
0 686 2.14469
0 687 2.14767
0 688 2.15065
0 689 2.15363
0 690 2.15661
0 691 2.15959
0 692 2.16257
0 693 2.16555
0 694 2.16853
0 695 2.17151
0 696 2.17449
0 697 2.17747
0 698 2.18046
0 699 2.18344
0 700 2.18642
0 701 2.1894
0 702 2.19238
0 703 2.19536
0 704 2.19834
0 705 2.20132
0 706 2.2043
0 707 2.20728
0 708 2.21026
0 709 2.21324
0 710 2.21622
0 711 2.2192
0 712 2.22218
0 713 2.22517
0 714 2.22815
0 715 2.23113
0 716 2.23411
0 717 2.23709
0 718 2.24007
0 719 2.24305
0 720 2.24603
0 721 2.24901
0 722 2.25199
0 723 2.25497
0 724 2.25795
0 725 2.26093
0 726 2.26391
0 727 2.26689
0 728 2.26987
0 729 2.27285
0 730 2.27583
0 731 2.27882
0 732 2.2818
0 733 2.28478
0 734 2.28776
0 735 2.29074
0 736 2.29372
0 737 2.2967
0 738 2.29968
0 739 2.30266
0 740 2.30564
0 741 2.30862
0 742 2.3116
0 743 2.31458
0 744 2.31756
0 745 2.32054
0 746 2.32353
0 747 2.32651
0 748 2.32949
0 749 2.33247
0 750 2.33545
0 751 2.33843
0 752 2.34141
0 753 2.34439
0 754 2.34737
0 755 2.35035
0 756 2.35333
0 757 2.35631
0 758 2.35929
0 759 2.36227
0 760 2.36525
0 761 2.36823
0 762 2.37121
0 763 2.37419
0 764 2.37717
0 765 2.38016
0 766 2.38314
0 767 2.38612
0 768 2.3891
0 769 2.39208
0 770 2.39506
0 771 2.39804
0 772 2.40102
0 773 2.404
0 774 2.40698
0 775 2.40996
0 776 2.41294
0 777 2.41592
0 778 2.4189
0 779 2.42188
0 780 2.42487
0 781 2.42785
0 782 2.43083
0 783 2.43381
0 784 2.43679
0 785 2.43977
0 786 2.44275
0 787 2.44573
0 788 2.44871
0 789 2.45169
0 790 2.45467
0 791 2.45765
0 792 2.46063
0 793 2.46361
0 794 2.46659
0 795 2.46957
0 796 2.47255
0 797 2.47553
0 798 2.47852
0 799 2.4815
0 800 2.48448
0 801 2.48746
0 802 2.49044
0 803 2.49342
0 804 2.4964
0 805 2.49938
0 806 2.50236
0 807 2.50534
0 808 2.50832
0 809 2.5113
0 810 2.51428
0 811 2.51726
0 812 2.52024
0 813 2.52323
0 814 2.52621
0 815 2.52919
0 816 2.53217
0 817 2.53515
0 818 2.53813
0 819 2.54111
0 820 2.54409
0 821 2.54707
0 822 2.55005
0 823 2.55303
0 824 2.55601
0 825 2.55899
0 826 2.56197
0 827 2.56495
0 828 2.56793
0 829 2.57091
0 830 2.57389
0 831 2.57687
0 832 2.57986
0 833 2.58284
0 834 2.58582
0 835 2.5888
0 836 2.59178
0 837 2.59476
0 838 2.59774
0 839 2.60072
0 840 2.6037
0 841 2.60668
0 842 2.60966
0 843 2.61264
0 844 2.61562
0 845 2.6186
0 846 2.62158
0 847 2.62457
0 848 2.62755
0 849 2.63053
0 850 2.63351
0 851 2.63649
0 852 2.63947
0 853 2.64245
0 854 2.64543
0 855 2.64841
0 856 2.65139
0 857 2.65437
0 858 2.65735
0 859 2.66033
0 860 2.66331
0 861 2.66629
0 862 2.66927
0 863 2.67225
0 864 2.67523
0 865 2.67822
0 866 2.6812
0 867 2.68418
0 868 2.68716
0 869 2.69014
0 870 2.69312
0 871 2.6961
0 872 2.69908
0 873 2.70206
0 874 2.70504
0 875 2.70802
0 876 2.711
0 877 2.71398
0 878 2.71696
0 879 2.71994
0 880 2.72293
0 881 2.72591
0 882 2.72889
0 883 2.73187
0 884 2.73485
0 885 2.73783
0 886 2.74081
0 887 2.74379
0 888 2.74677
0 889 2.74975
0 890 2.75273
0 891 2.75571
0 892 2.75869
0 893 2.76167
0 894 2.76465
0 895 2.76763
0 896 2.77061
0 897 2.77359
0 898 2.77657
0 899 2.77956
0 900 2.78254
0 901 2.78552
0 902 2.7885
0 903 2.79148
0 904 2.79446
0 905 2.79744
0 906 2.80042
0 907 2.8034
0 908 2.80638
0 909 2.80936
0 910 2.81234
0 911 2.81532
0 912 2.8183
0 913 2.82128
0 914 2.82427
0 915 2.82725
0 916 2.83023
0 917 2.83321
0 918 2.83619
0 919 2.83917
0 920 2.84215
0 921 2.84513
0 922 2.84811
0 923 2.85109
0 924 2.85407
0 925 2.85705
0 926 2.86003
0 927 2.86301
0 928 2.86599
0 929 2.86897
0 930 2.87195
0 931 2.87493
0 932 2.87792
0 933 2.8809
0 934 2.88388
0 935 2.88686
0 936 2.88984
0 937 2.89282
0 938 2.8958
0 939 2.89878
0 940 2.90176
0 941 2.90474
0 942 2.90772
0 943 2.9107
0 944 2.91368
0 945 2.91666
0 946 2.91964
0 947 2.92263
0 948 2.92561
0 949 2.92859
0 950 2.93157
0 951 2.93455
0 952 2.93753
0 953 2.94051
0 954 2.94349
0 955 2.94647
0 956 2.94945
0 957 2.95243
0 958 2.95541
0 959 2.95839
0 960 2.96137
0 961 2.96435
0 962 2.96733
0 963 2.97031
0 964 2.97329
0 965 2.97627
0 966 2.97926
0 967 2.98224
0 968 2.98522
0 969 2.9882
0 970 2.99118
0 971 2.99416
0 972 2.99714
0 973 3.00012
0 974 3.0031
0 975 3.00608
0 976 3.00906
0 977 3.01204
0 978 3.01502
0 979 3.018
0 980 3.02098
0 981 3.02397
0 982 3.02694
0 983 3.02993
0 984 3.03291
0 985 3.03589
0 986 3.03887
0 987 3.04185
0 988 3.04483
0 989 3.04781
0 990 3.05079
0 991 3.05377
0 992 3.05675
0 993 3.05973
0 994 3.06271
0 995 3.06569
0 996 3.06867
0 997 3.07165
0 998 3.07463
0 999 3.07762
0 1000 3.0806
0 1001 3.08358
0 1002 3.08656
0 1003 3.08954
0 1004 3.09252
0 1005 3.0955
0 1006 3.09848
0 1007 3.10146
0 1008 3.10444
0 1009 3.10742
0 1010 3.1104
0 1011 3.11338
0 1012 3.11636
0 1013 3.11934
0 1014 3.12232
0 1015 3.1253
0 1016 3.12829
0 1017 3.13127
0 1018 3.13425
0 1019 3.13723
0 1020 3.14021
0 1021 3.14319
0 1022 3.14617
0 1023 3.14915
0 1024 3.15213
0 1025 3.15511
0 1026 3.15809
0 1027 3.16107
0 1028 3.16405
0 1029 3.16703
0 1030 3.17001
0 1031 3.17299
0 1032 3.17598
0 1033 3.17896
0 1034 3.18194
0 1035 3.18492
0 1036 3.1879
0 1037 3.19088
0 1038 3.19386
0 1039 3.19684
0 1040 3.19982
0 1041 3.2028
0 1042 3.20578
0 1043 3.20876
0 1044 3.21174
0 1045 3.21472
0 1046 3.2177
0 1047 3.22068
0 1048 3.22367
0 1049 3.22664
0 1050 3.22963
0 1051 3.23261
0 1052 3.23559
0 1053 3.23857
0 1054 3.24155
0 1055 3.24453
0 1056 3.24751
0 1057 3.25049
0 1058 3.25347
0 1059 3.25645
0 1060 3.25943
0 1061 3.26241
0 1062 3.26539
0 1063 3.26837
0 1064 3.27135
0 1065 3.27434
0 1066 3.27732
0 1067 3.2803
0 1068 3.28328
0 1069 3.28626
0 1070 3.28924
0 1071 3.29222
0 1072 3.2952
0 1073 3.29818
0 1074 3.30116
0 1075 3.30414
0 1076 3.30712
0 1077 3.3101
0 1078 3.31308
0 1079 3.31606
0 1080 3.31904
0 1081 3.32202
0 1082 3.325
0 1083 3.32799
0 1084 3.33097
0 1085 3.33395
0 1086 3.33693
0 1087 3.33991
0 1088 3.34289
0 1089 3.34587
0 1090 3.34885
0 1091 3.35183
0 1092 3.35481
0 1093 3.35779
0 1094 3.36077
0 1095 3.36375
0 1096 3.36673
0 1097 3.36971
0 1098 3.3727
0 1099 3.37568
0 1100 3.37866
0 1101 3.38164
0 1102 3.38462
0 1103 3.3876
0 1104 3.39058
0 1105 3.39356
0 1106 3.39654
0 1107 3.39952
0 1108 3.4025
0 1109 3.40548
0 1110 3.40846
0 1111 3.41144
0 1112 3.41442
0 1113 3.4174
0 1114 3.42038
0 1115 3.42336
0 1116 3.42634
0 1117 3.42933
0 1118 3.43231
0 1119 3.43529
0 1120 3.43827
0 1121 3.44125
0 1122 3.44423
0 1123 3.44721
0 1124 3.45019
0 1125 3.45317
0 1126 3.45615
0 1127 3.45913
0 1128 3.46211
0 1129 3.46509
0 1130 3.46807
0 1131 3.47105
0 1132 3.47404
0 1133 3.47702
0 1134 3.48
0 1135 3.48298
0 1136 3.48596
0 1137 3.48894
0 1138 3.49192
0 1139 3.4949
0 1140 3.49788
0 1141 3.50086
0 1142 3.50384
0 1143 3.50682
0 1144 3.5098
0 1145 3.51278
0 1146 3.51576
0 1147 3.51874
0 1148 3.52172
0 1149 3.5247
0 1150 3.52769
0 1151 3.53067
0 1152 3.53365
0 1153 3.53663
0 1154 3.53961
0 1155 3.54259
0 1156 3.54557
0 1157 3.54855
0 1158 3.55153
0 1159 3.55451
0 1160 3.55749
0 1161 3.56047
0 1162 3.56345
0 1163 3.56643
0 1164 3.56941
0 1165 3.57239
0 1166 3.57538
0 1167 3.57836
0 1168 3.58134
0 1169 3.58432
0 1170 3.5873
0 1171 3.59028
0 1172 3.59326
0 1173 3.59624
0 1174 3.59922
0 1175 3.6022
0 1176 3.60518
0 1177 3.60816
0 1178 3.61114
0 1179 3.61412
0 1180 3.6171
0 1181 3.62008
0 1182 3.62306
0 1183 3.62604
0 1184 3.62903
0 1185 3.63201
0 1186 3.63499
0 1187 3.63797
0 1188 3.64095
0 1189 3.64393
0 1190 3.64691
0 1191 3.64989
0 1192 3.65287
0 1193 3.65585
0 1194 3.65883
0 1195 3.66181
0 1196 3.66479
0 1197 3.66777
0 1198 3.67075
0 1199 3.67374
0 1200 3.67672
0 1201 3.6797
0 1202 3.68268
0 1203 3.68566
0 1204 3.68864
0 1205 3.69162
0 1206 3.6946
0 1207 3.69758
0 1208 3.70056
0 1209 3.70354
0 1210 3.70652
0 1211 3.7095
0 1212 3.71248
0 1213 3.71546
0 1214 3.71844
0 1215 3.72142
0 1216 3.7244
0 1217 3.72738
0 1218 3.73037
0 1219 3.73335
0 1220 3.73633
0 1221 3.73931
0 1222 3.74229
0 1223 3.74527
0 1224 3.74825
0 1225 3.75123
0 1226 3.75421
0 1227 3.75719
0 1228 3.76017
0 1229 3.76315
0 1230 3.76613
0 1231 3.76911
0 1232 3.77209
0 1233 3.77508
0 1234 3.77806
0 1235 3.78104
0 1236 3.78402
0 1237 3.787
0 1238 3.78998
0 1239 3.79296
0 1240 3.79594
0 1241 3.79892
0 1242 3.8019
0 1243 3.80488
0 1244 3.80786
0 1245 3.81084
0 1246 3.81382
0 1247 3.8168
0 1248 3.81978
0 1249 3.82276
0 1250 3.82574
0 1251 3.82873
0 1252 3.83171
0 1253 3.83469
0 1254 3.83767
0 1255 3.84065
0 1256 3.84363
0 1257 3.84661
0 1258 3.84959
0 1259 3.85257
0 1260 3.85555
0 1261 3.85853
0 1262 3.86151
0 1263 3.86449
0 1264 3.86747
0 1265 3.87045
0 1266 3.87344
0 1267 3.87642
0 1268 3.8794
0 1269 3.88238
0 1270 3.88536
0 1271 3.88834
0 1272 3.89132
0 1273 3.8943
0 1274 3.89728
0 1275 3.90026
0 1276 3.90324
0 1277 3.90622
0 1278 3.9092
0 1279 3.91218
0 1280 3.91516
0 1281 3.91814
0 1282 3.92112
0 1283 3.9241
0 1284 3.92708
0 1285 3.93007
0 1286 3.93305
0 1287 3.93603
0 1288 3.93901
0 1289 3.94199
0 1290 3.94497
0 1291 3.94795
0 1292 3.95093
0 1293 3.95391
0 1294 3.95689
0 1295 3.95987
0 1296 3.96285
0 1297 3.96583
0 1298 3.96881
0 1299 3.97179
0 1300 3.97478
0 1301 3.97776
0 1302 3.98074
0 1303 3.98372
0 1304 3.9867
0 1305 3.98968
0 1306 3.99266
0 1307 3.99564
0 1308 3.99862
0 1309 4.0016
0 1310 4.00458
0 1311 4.00756
0 1312 4.01054
0 1313 4.01352
0 1314 4.0165
0 1315 4.01948
0 1316 4.02246
0 1317 4.02545
0 1318 4.02843
0 1319 4.03141
0 1320 4.03439
0 1321 4.03737
0 1322 4.04035
0 1323 4.04333
0 1324 4.04631
0 1325 4.04929
0 1326 4.05227
0 1327 4.05525
0 1328 4.05823
0 1329 4.06121
0 1330 4.06419
0 1331 4.06717
0 1332 4.07015
0 1333 4.07313
0 1334 4.07611
0 1335 4.0791
0 1336 4.08208
0 1337 4.08506
0 1338 4.08804
0 1339 4.09102
0 1340 4.094
0 1341 4.09698
0 1342 4.09996
0 1343 4.10294
0 1344 4.10592
0 1345 4.1089
0 1346 4.11188
0 1347 4.11486
0 1348 4.11784
0 1349 4.12082
0 1350 4.1238
0 1351 4.12678
0 1352 4.12977
0 1353 4.13275
0 1354 4.13573
0 1355 4.13871
0 1356 4.14169
0 1357 4.14467
0 1358 4.14765
0 1359 4.15063
0 1360 4.15361
0 1361 4.15659
0 1362 4.15957
0 1363 4.16255
0 1364 4.16553
0 1365 4.16851
0 1366 4.17149
0 1367 4.17448
0 1368 4.17746
0 1369 4.18044
0 1370 4.18342
0 1371 4.1864
0 1372 4.18938
0 1373 4.19236
0 1374 4.19534
0 1375 4.19832
0 1376 4.2013
0 1377 4.20428
0 1378 4.20726
0 1379 4.21024
0 1380 4.21322
0 1381 4.2162
0 1382 4.21918
0 1383 4.22216
0 1384 4.22515
0 1385 4.22813
0 1386 4.23111
0 1387 4.23409
0 1388 4.23707
0 1389 4.24005
0 1390 4.24303
0 1391 4.24601
0 1392 4.24899
0 1393 4.25197
0 1394 4.25495
0 1395 4.25793
0 1396 4.26091
0 1397 4.26389
0 1398 4.26687
0 1399 4.26985
0 1400 4.27283
0 1401 4.27581
0 1402 4.2788
0 1403 4.28178
0 1404 4.28476
0 1405 4.28774
0 1406 4.29072
0 1407 4.2937
0 1408 4.29668
0 1409 4.29966
0 1410 4.30264
0 1411 4.30562
0 1412 4.3086
0 1413 4.31158
0 1414 4.31456
0 1415 4.31754
0 1416 4.32052
0 1417 4.3235
0 1418 4.32648
0 1419 4.32947
0 1420 4.33245
0 1421 4.33543
0 1422 4.33841
0 1423 4.34139
0 1424 4.34437
0 1425 4.34735
0 1426 4.35033
0 1427 4.35331
0 1428 4.35629
0 1429 4.35927
0 1430 4.36225
0 1431 4.36523
0 1432 4.36821
0 1433 4.37119
0 1434 4.37418
0 1435 4.37716
0 1436 4.38014
0 1437 4.38312
0 1438 4.3861
0 1439 4.38908
0 1440 4.39206
0 1441 4.39504
0 1442 4.39802
0 1443 4.401
0 1444 4.40398
0 1445 4.40696
0 1446 4.40994
0 1447 4.41292
0 1448 4.4159
0 1449 4.41888
0 1450 4.42186
0 1451 4.42485
0 1452 4.42783
0 1453 4.43081
0 1454 4.43379
0 1455 4.43677
0 1456 4.43975
0 1457 4.44273
0 1458 4.44571
0 1459 4.44869
0 1460 4.45167
0 1461 4.45465
0 1462 4.45763
0 1463 4.46061
0 1464 4.46359
0 1465 4.46657
0 1466 4.46955
0 1467 4.47253
0 1468 4.47551
0 1469 4.4785
0 1470 4.48148
0 1471 4.48446
0 1472 4.48744
0 1473 4.49042
0 1474 4.4934
0 1475 4.49638
0 1476 4.49936
0 1477 4.50234
0 1478 4.50532
0 1479 4.5083
0 1480 4.51128
0 1481 4.51426
0 1482 4.51724
0 1483 4.52022
0 1484 4.5232
0 1485 4.52618
0 1486 4.52917
0 1487 4.53215
0 1488 4.53513
0 1489 4.53811
0 1490 4.54109
0 1491 4.54407
0 1492 4.54705
0 1493 4.55003
0 1494 4.55301
0 1495 4.55599
0 1496 4.55897
0 1497 4.56195
0 1498 4.56493
0 1499 4.56791
0 1500 4.57089
0 1501 4.57388
0 1502 4.57686
0 1503 4.57984
0 1504 4.58282
0 1505 4.5858
0 1506 4.58878
0 1507 4.59176
0 1508 4.59474
0 1509 4.59772
0 1510 4.6007
0 1511 4.60368
0 1512 4.60666
0 1513 4.60964
0 1514 4.61262
0 1515 4.6156
0 1516 4.61858
0 1517 4.62156
0 1518 4.62455
0 1519 4.62753
0 1520 4.63051
0 1521 4.63349
0 1522 4.63647
0 1523 4.63945
0 1524 4.64243
0 1525 4.64541
0 1526 4.64839
0 1527 4.65137
0 1528 4.65435
0 1529 4.65733
0 1530 4.66031
0 1531 4.66329
0 1532 4.66627
0 1533 4.66925
0 1534 4.67223
0 1535 4.67521
0 1536 4.6782
0 1537 4.68118
0 1538 4.68416
0 1539 4.68714
0 1540 4.69012
0 1541 4.6931
0 1542 4.69608
0 1543 4.69906
0 1544 4.70204
0 1545 4.70502
0 1546 4.708
0 1547 4.71098
0 1548 4.71396
0 1549 4.71694
0 1550 4.71992
0 1551 4.7229
0 1552 4.72588
0 1553 4.72887
0 1554 4.73185
0 1555 4.73483
0 1556 4.73781
0 1557 4.74079
0 1558 4.74377
0 1559 4.74675
0 1560 4.74973
0 1561 4.75271
0 1562 4.75569
0 1563 4.75867
0 1564 4.76165
0 1565 4.76463
0 1566 4.76761
0 1567 4.77059
0 1568 4.77358
0 1569 4.77656
0 1570 4.77954
0 1571 4.78252
0 1572 4.7855
0 1573 4.78848
0 1574 4.79146
0 1575 4.79444
0 1576 4.79742
0 1577 4.8004
0 1578 4.80338
0 1579 4.80636
0 1580 4.80934
0 1581 4.81232
0 1582 4.8153
0 1583 4.81828
0 1584 4.82126
0 1585 4.82425
0 1586 4.82723
0 1587 4.83021
0 1588 4.83319
0 1589 4.83617
0 1590 4.83915
0 1591 4.84213
0 1592 4.84511
0 1593 4.84809
0 1594 4.85107
0 1595 4.85405
0 1596 4.85703
0 1597 4.86001
0 1598 4.86299
0 1599 4.86597
0 1600 4.86895
0 1601 4.87193
0 1602 4.87491
0 1603 4.8779
0 1604 4.88088
0 1605 4.88386
0 1606 4.88684
0 1607 4.88982
0 1608 4.8928
0 1609 4.89578
0 1610 4.89876
0 1611 4.90174
0 1612 4.90472
0 1613 4.9077
0 1614 4.91068
0 1615 4.91366
0 1616 4.91664
0 1617 4.91962
0 1618 4.9226
0 1619 4.92558
0 1620 4.92857
0 1621 4.93155
0 1622 4.93453
0 1623 4.93751
0 1624 4.94049
0 1625 4.94347
0 1626 4.94645
0 1627 4.94943
0 1628 4.95241
0 1629 4.95539
0 1630 4.95837
0 1631 4.96135
0 1632 4.96433
0 1633 4.96731
0 1634 4.97029
0 1635 4.97328
0 1636 4.97626
0 1637 4.97924
0 1638 4.98222
0 1639 4.9852
0 1640 4.98818
0 1641 4.99116
0 1642 4.99414
0 1643 4.99712
0 1644 5.0001
0 1645 5.00308
0 1646 5.00606
0 1647 5.00904
0 1648 5.01202
0 1649 5.015
0 1650 5.01798
0 1651 5.02096
0 1652 5.02395
0 1653 5.02693
0 1654 5.02991
0 1655 5.03289
0 1656 5.03587
0 1657 5.03885
0 1658 5.04183
0 1659 5.04481
0 1660 5.04779
0 1661 5.05077
0 1662 5.05375
0 1663 5.05673
0 1664 5.05971
0 1665 5.06269
0 1666 5.06567
0 1667 5.06865
0 1668 5.07163
0 1669 5.07461
0 1670 5.0776
0 1671 5.08058
0 1672 5.08356
0 1673 5.08654
0 1674 5.08952
0 1675 5.0925
0 1676 5.09548
0 1677 5.09846
0 1678 5.10144
0 1679 5.10442
0 1680 5.1074
0 1681 5.11038
0 1682 5.11336
0 1683 5.11634
0 1684 5.11932
0 1685 5.1223
0 1686 5.12528
0 1687 5.12827
0 1688 5.13125
0 1689 5.13423
0 1690 5.13721
0 1691 5.14019
0 1692 5.14317
0 1693 5.14615
0 1694 5.14913
0 1695 5.15211
0 1696 5.15509
0 1697 5.15807
0 1698 5.16105
0 1699 5.16403
0 1700 5.16701
0 1701 5.16999
0 1702 5.17298
0 1703 5.17596
0 1704 5.17894
0 1705 5.18192
0 1706 5.1849
0 1707 5.18788
0 1708 5.19086
0 1709 5.19384
0 1710 5.19682
0 1711 5.1998
0 1712 5.20278
0 1713 5.20576
0 1714 5.20874
0 1715 5.21172
0 1716 5.2147
0 1717 5.21768
0 1718 5.22066
0 1719 5.22365
0 1720 5.22663
0 1721 5.22961
0 1722 5.23259
0 1723 5.23557
0 1724 5.23855
0 1725 5.24153
0 1726 5.24451
0 1727 5.24749
0 1728 5.25047
0 1729 5.25345
0 1730 5.25643
0 1731 5.25941
0 1732 5.26239
0 1733 5.26537
0 1734 5.26835
0 1735 5.27133
0 1736 5.27431
0 1737 5.27729
0 1738 5.28028
0 1739 5.28326
0 1740 5.28624
0 1741 5.28922
0 1742 5.2922
0 1743 5.29518
0 1744 5.29816
0 1745 5.30114
0 1746 5.30412
0 1747 5.3071
0 1748 5.31008
0 1749 5.31306
0 1750 5.31604
0 1751 5.31902
0 1752 5.322
0 1753 5.32498
0 1754 5.32797
0 1755 5.33095
0 1756 5.33393
0 1757 5.33691
0 1758 5.33989
0 1759 5.34287
0 1760 5.34585
0 1761 5.34883
0 1762 5.35181
0 1763 5.35479
0 1764 5.35777
0 1765 5.36075
0 1766 5.36373
0 1767 5.36671
0 1768 5.36969
0 1769 5.37268
0 1770 5.37566
0 1771 5.37864
0 1772 5.38162
0 1773 5.3846
0 1774 5.38758
0 1775 5.39056
0 1776 5.39354
0 1777 5.39652
0 1778 5.3995
0 1779 5.40248
0 1780 5.40546
0 1781 5.40844
0 1782 5.41142
0 1783 5.4144
0 1784 5.41738
0 1785 5.42036
0 1786 5.42335
0 1787 5.42633
0 1788 5.42931
0 1789 5.43229
0 1790 5.43527
0 1791 5.43825
0 1792 5.44123
0 1793 5.44421
0 1794 5.44719
0 1795 5.45017
0 1796 5.45315
0 1797 5.45613
0 1798 5.45911
0 1799 5.46209
0 1800 5.46507
0 1801 5.46805
0 1802 5.47103
0 1803 5.47401
0 1804 5.47699
0 1805 5.47998
0 1806 5.48296
0 1807 5.48594
0 1808 5.48892
0 1809 5.4919
0 1810 5.49488
0 1811 5.49786
0 1812 5.50084
0 1813 5.50382
0 1814 5.5068
0 1815 5.50978
0 1816 5.51276
0 1817 5.51574
0 1818 5.51872
0 1819 5.5217
0 1820 5.52468
0 1821 5.52767
0 1822 5.53065
0 1823 5.53363
0 1824 5.53661
0 1825 5.53959
0 1826 5.54257
0 1827 5.54555
0 1828 5.54853
0 1829 5.55151
0 1830 5.55449
0 1831 5.55747
0 1832 5.56045
0 1833 5.56343
0 1834 5.56641
0 1835 5.56939
0 1836 5.57237
0 1837 5.57536
0 1838 5.57834
0 1839 5.58132
0 1840 5.5843
0 1841 5.58728
0 1842 5.59026
0 1843 5.59324
0 1844 5.59622
0 1845 5.5992
0 1846 5.60218
0 1847 5.60516
0 1848 5.60814
0 1849 5.61112
0 1850 5.6141
0 1851 5.61708
0 1852 5.62006
0 1853 5.62305
0 1854 5.62603
0 1855 5.62901
0 1856 5.63199
0 1857 5.63497
0 1858 5.63795
0 1859 5.64093
0 1860 5.64391
0 1861 5.64689
0 1862 5.64987
0 1863 5.65285
0 1864 5.65583
0 1865 5.65881
0 1866 5.66179
0 1867 5.66477
0 1868 5.66775
0 1869 5.67073
0 1870 5.67371
0 1871 5.67669
0 1872 5.67968
0 1873 5.68266
0 1874 5.68564
0 1875 5.68862
0 1876 5.6916
0 1877 5.69458
0 1878 5.69756
0 1879 5.70054
0 1880 5.70352
0 1881 5.7065
0 1882 5.70948
0 1883 5.71246
0 1884 5.71544
0 1885 5.71842
0 1886 5.7214
0 1887 5.72438
0 1888 5.72736
0 1889 5.73035
0 1890 5.73333
0 1891 5.73631
0 1892 5.73929
0 1893 5.74227
0 1894 5.74525
0 1895 5.74823
0 1896 5.75121
0 1897 5.75419
0 1898 5.75717
0 1899 5.76015
0 1900 5.76313
0 1901 5.76611
0 1902 5.76909
0 1903 5.77207
0 1904 5.77506
0 1905 5.77804
0 1906 5.78102
0 1907 5.784
0 1908 5.78698
0 1909 5.78996
0 1910 5.79294
0 1911 5.79592
0 1912 5.7989
0 1913 5.80188
0 1914 5.80486
0 1915 5.80784
0 1916 5.81082
0 1917 5.8138
0 1918 5.81678
0 1919 5.81976
0 1920 5.82275
0 1921 5.82573
0 1922 5.82871
0 1923 5.83169
0 1924 5.83467
0 1925 5.83765
0 1926 5.84063
0 1927 5.84361
0 1928 5.84659
0 1929 5.84957
0 1930 5.85255
0 1931 5.85553
0 1932 5.85851
0 1933 5.86149
0 1934 5.86447
0 1935 5.86745
0 1936 5.87043
0 1937 5.87341
0 1938 5.87639
0 1939 5.87938
0 1940 5.88236
0 1941 5.88534
0 1942 5.88832
0 1943 5.8913
0 1944 5.89428
0 1945 5.89726
0 1946 5.90024
0 1947 5.90322
0 1948 5.9062
0 1949 5.90918
0 1950 5.91216
0 1951 5.91514
0 1952 5.91812
0 1953 5.9211
0 1954 5.92408
0 1955 5.92706
0 1956 5.93005
0 1957 5.93303
0 1958 5.93601
0 1959 5.93899
0 1960 5.94197
0 1961 5.94495
0 1962 5.94793
0 1963 5.95091
0 1964 5.95389
0 1965 5.95687
0 1966 5.95985
0 1967 5.96283
0 1968 5.96581
0 1969 5.96879
0 1970 5.97177
0 1971 5.97476
0 1972 5.97774
0 1973 5.98072
0 1974 5.9837
0 1975 5.98668
0 1976 5.98966
0 1977 5.99264
0 1978 5.99562
0 1979 5.9986
0 1980 6.00158
0 1981 6.00456
0 1982 6.00754
0 1983 6.01052
0 1984 6.0135
0 1985 6.01648
0 1986 6.01946
0 1987 6.02244
0 1988 6.02543
0 1989 6.02841
0 1990 6.03139
0 1991 6.03437
0 1992 6.03735
0 1993 6.04033
0 1994 6.04331
0 1995 6.04629
0 1996 6.04927
0 1997 6.05225
0 1998 6.05523
0 1999 6.05821
0 2000 6.06119
0 2001 6.06417
0 2002 6.06715
0 2003 6.07013
0 2004 6.07311
0 2005 6.07609
0 2006 6.07908
0 2007 6.08206
0 2008 6.08504
0 2009 6.08802
0 2010 6.091
0 2011 6.09398
0 2012 6.09696
0 2013 6.09994
0 2014 6.10292
0 2015 6.1059
0 2016 6.10888
0 2017 6.11186
0 2018 6.11484
0 2019 6.11782
0 2020 6.1208
0 2021 6.12378
0 2022 6.12676
0 2023 6.12975
0 2024 6.13273
0 2025 6.13571
0 2026 6.13869
0 2027 6.14167
0 2028 6.14465
0 2029 6.14763
0 2030 6.15061
0 2031 6.15359
0 2032 6.15657
0 2033 6.15955
0 2034 6.16253
0 2035 6.16551
0 2036 6.16849
0 2037 6.17147
0 2038 6.17446
0 2039 6.17744
0 2040 6.18042
0 2041 6.1834
0 2042 6.18638
0 2043 6.18936
0 2044 6.19234
0 2045 6.19532
0 2046 6.1983
0 2047 6.20128
0 2048 6.20426
0 2049 6.20724
0 2050 6.21022
0 2051 6.2132
0 2052 6.21618
0 2053 6.21916
0 2054 6.22214
0 2055 6.22513
0 2056 6.22811
0 2057 6.23109
0 2058 6.23407
0 2059 6.23705
0 2060 6.24003
0 2061 6.24301
0 2062 6.24599
0 2063 6.24897
0 2064 6.25195
0 2065 6.25493
0 2066 6.25791
0 2067 6.26089
0 2068 6.26387
0 2069 6.26685
0 2070 6.26983
0 2071 6.27281
0 2072 6.27579
0 2073 6.27878
0 2074 6.28176
0 2075 6.28474
0 2076 6.28772
0 2077 6.2907
0 2078 6.29368
0 2079 6.29666
0 2080 6.29964
0 2081 6.30262
0 2082 6.3056
0 2083 6.30858
0 2084 6.31156
0 2085 6.31454
0 2086 6.31752
0 2087 6.3205
0 2088 6.32348
0 2089 6.32646
0 2090 6.32945
0 2091 6.33243
0 2092 6.33541
0 2093 6.33839
0 2094 6.34137
0 2095 6.34435
0 2096 6.34733
0 2097 6.35031
0 2098 6.35329
0 2099 6.35627
0 2100 6.35925
0 2101 6.36223
0 2102 6.36521
0 2103 6.36819
0 2104 6.37117
0 2105 6.37416
0 2106 6.37713
0 2107 6.38012
0 2108 6.3831
0 2109 6.38608
0 2110 6.38906
0 2111 6.39204
0 2112 6.39502
0 2113 6.398
0 2114 6.40098
0 2115 6.40396
0 2116 6.40694
0 2117 6.40992
0 2118 6.4129
0 2119 6.41588
0 2120 6.41886
0 2121 6.42184
0 2122 6.42483
0 2123 6.42781
0 2124 6.43079
0 2125 6.43377
0 2126 6.43675
0 2127 6.43973
0 2128 6.44271
0 2129 6.44569
0 2130 6.44867
0 2131 6.45165
0 2132 6.45463
0 2133 6.45761
0 2134 6.46059
0 2135 6.46357
0 2136 6.46655
0 2137 6.46953
0 2138 6.47251
0 2139 6.47549
0 2140 6.47848
0 2141 6.48146
0 2142 6.48444
0 2143 6.48742
0 2144 6.4904
0 2145 6.49338
0 2146 6.49636
0 2147 6.49934
0 2148 6.50232
0 2149 6.5053
0 2150 6.50828
0 2151 6.51126
0 2152 6.51424
0 2153 6.51722
0 2154 6.5202
0 2155 6.52318
0 2156 6.52616
0 2157 6.52915
0 2158 6.53213
0 2159 6.53511
0 2160 6.53809
0 2161 6.54107
0 2162 6.54405
0 2163 6.54703
0 2164 6.55001
0 2165 6.55299
0 2166 6.55597
0 2167 6.55895
0 2168 6.56193
0 2169 6.56491
0 2170 6.56789
0 2171 6.57087
0 2172 6.57386
0 2173 6.57683
0 2174 6.57982
0 2175 6.5828
0 2176 6.58578
0 2177 6.58876
0 2178 6.59174
0 2179 6.59472
0 2180 6.5977
0 2181 6.60068
0 2182 6.60366
0 2183 6.60664
0 2184 6.60962
0 2185 6.6126
0 2186 6.61558
0 2187 6.61856
0 2188 6.62154
0 2189 6.62453
0 2190 6.62751
0 2191 6.63049
0 2192 6.63347
0 2193 6.63645
0 2194 6.63943
0 2195 6.64241
0 2196 6.64539
0 2197 6.64837
0 2198 6.65135
0 2199 6.65433
0 2200 6.65731
0 2201 6.66029
0 2202 6.66327
0 2203 6.66625
0 2204 6.66923
0 2205 6.67221
0 2206 6.6752
0 2207 6.67818
0 2208 6.68116
0 2209 6.68414
0 2210 6.68712
0 2211 6.6901
0 2212 6.69308
0 2213 6.69606
0 2214 6.69904
0 2215 6.70202
0 2216 6.705
0 2217 6.70798
0 2218 6.71096
0 2219 6.71394
0 2220 6.71692
0 2221 6.7199
0 2222 6.72288
0 2223 6.72586
0 2224 6.72885
0 2225 6.73183
0 2226 6.73481
0 2227 6.73779
0 2228 6.74077
0 2229 6.74375
0 2230 6.74673
0 2231 6.74971
0 2232 6.75269
0 2233 6.75567
0 2234 6.75865
0 2235 6.76163
0 2236 6.76461
0 2237 6.76759
0 2238 6.77057
0 2239 6.77355
0 2240 6.77653
0 2241 6.77952
0 2242 6.7825
0 2243 6.78548
0 2244 6.78846
0 2245 6.79144
0 2246 6.79442
0 2247 6.7974
0 2248 6.80038
0 2249 6.80336
0 2250 6.80634
0 2251 6.80932
0 2252 6.8123
0 2253 6.81528
0 2254 6.81826
0 2255 6.82124
0 2256 6.82423
0 2257 6.82721
0 2258 6.83019
0 2259 6.83317
0 2260 6.83615
0 2261 6.83913
0 2262 6.84211
0 2263 6.84509
0 2264 6.84807
0 2265 6.85105
0 2266 6.85403
0 2267 6.85701
0 2268 6.85999
0 2269 6.86297
0 2270 6.86595
0 2271 6.86893
0 2272 6.87191
0 2273 6.8749
0 2274 6.87788
0 2275 6.88086
0 2276 6.88384
0 2277 6.88682
0 2278 6.8898
0 2279 6.89278
0 2280 6.89576
0 2281 6.89874
0 2282 6.90172
0 2283 6.9047
0 2284 6.90768
0 2285 6.91066
0 2286 6.91364
0 2287 6.91662
0 2288 6.9196
0 2289 6.92258
0 2290 6.92556
0 2291 6.92855
0 2292 6.93153
0 2293 6.93451
0 2294 6.93749
0 2295 6.94047
0 2296 6.94345
0 2297 6.94643
0 2298 6.94941
0 2299 6.95239
0 2300 6.95537
0 2301 6.95835
0 2302 6.96133
0 2303 6.96431
0 2304 6.96729
0 2305 6.97027
0 2306 6.97325
0 2307 6.97623
0 2308 6.97922
0 2309 6.9822
0 2310 6.98518
0 2311 6.98816
0 2312 6.99114
0 2313 6.99412
0 2314 6.9971
0 2315 7.00008
0 2316 7.00306
0 2317 7.00604
0 2318 7.00902
0 2319 7.012
0 2320 7.01498
0 2321 7.01796
0 2322 7.02094
0 2323 7.02393
0 2324 7.02691
0 2325 7.02989
0 2326 7.03287
0 2327 7.03585
0 2328 7.03883
0 2329 7.04181
0 2330 7.04479
0 2331 7.04777
0 2332 7.05075
0 2333 7.05373
0 2334 7.05671
0 2335 7.05969
0 2336 7.06267
0 2337 7.06565
0 2338 7.06863
0 2339 7.07161
0 2340 7.0746
0 2341 7.07758
0 2342 7.08056
0 2343 7.08354
0 2344 7.08652
0 2345 7.0895
0 2346 7.09248
0 2347 7.09546
0 2348 7.09844
0 2349 7.10142
0 2350 7.1044
0 2351 7.10738
0 2352 7.11036
0 2353 7.11334
0 2354 7.11632
0 2355 7.1193
0 2356 7.12228
0 2357 7.12526
0 2358 7.12825
0 2359 7.13123
0 2360 7.13421
0 2361 7.13719
0 2362 7.14017
0 2363 7.14315
0 2364 7.14613
0 2365 7.14911
0 2366 7.15209
0 2367 7.15507
0 2368 7.15805
0 2369 7.16103
0 2370 7.16401
0 2371 7.16699
0 2372 7.16997
0 2373 7.17295
0 2374 7.17593
0 2375 7.17892
0 2376 7.1819
0 2377 7.18488
0 2378 7.18786
0 2379 7.19084
0 2380 7.19382
0 2381 7.1968
0 2382 7.19978
0 2383 7.20276
0 2384 7.20574
0 2385 7.20872
0 2386 7.2117
0 2387 7.21468
0 2388 7.21766
0 2389 7.22064
0 2390 7.22363
0 2391 7.22661
0 2392 7.22959
0 2393 7.23257
0 2394 7.23555
0 2395 7.23853
0 2396 7.24151
0 2397 7.24449
0 2398 7.24747
0 2399 7.25045
0 2400 7.25343
0 2401 7.25641
0 2402 7.25939
0 2403 7.26237
0 2404 7.26535
0 2405 7.26833
0 2406 7.27131
0 2407 7.2743
0 2408 7.27728
0 2409 7.28026
0 2410 7.28324
0 2411 7.28622
0 2412 7.2892
0 2413 7.29218
0 2414 7.29516
0 2415 7.29814
0 2416 7.30112
0 2417 7.3041
0 2418 7.30708
0 2419 7.31006
0 2420 7.31304
0 2421 7.31602
0 2422 7.319
0 2423 7.32198
0 2424 7.32496
0 2425 7.32795
0 2426 7.33093
0 2427 7.33391
0 2428 7.33689
0 2429 7.33987
0 2430 7.34285
0 2431 7.34583
0 2432 7.34881
0 2433 7.35179
0 2434 7.35477
0 2435 7.35775
0 2436 7.36073
0 2437 7.36371
0 2438 7.36669
0 2439 7.36967
0 2440 7.37265
0 2441 7.37563
0 2442 7.37862
0 2443 7.3816
0 2444 7.38458
0 2445 7.38756
0 2446 7.39054
0 2447 7.39352
0 2448 7.3965
0 2449 7.39948
0 2450 7.40246
0 2451 7.40544
0 2452 7.40842
0 2453 7.4114
0 2454 7.41438
0 2455 7.41736
0 2456 7.42034
0 2457 7.42333
0 2458 7.42631
0 2459 7.42929
0 2460 7.43227
0 2461 7.43525
0 2462 7.43823
0 2463 7.44121
0 2464 7.44419
0 2465 7.44717
0 2466 7.45015
0 2467 7.45313
0 2468 7.45611
0 2469 7.45909
0 2470 7.46207
0 2471 7.46505
0 2472 7.46803
0 2473 7.47101
0 2474 7.474
0 2475 7.47698
0 2476 7.47996
0 2477 7.48294
0 2478 7.48592
0 2479 7.4889
0 2480 7.49188
0 2481 7.49486
0 2482 7.49784
0 2483 7.50082
0 2484 7.5038
0 2485 7.50678
0 2486 7.50976
0 2487 7.51274
0 2488 7.51572
0 2489 7.5187
0 2490 7.52168
0 2491 7.52466
0 2492 7.52765
0 2493 7.53063
0 2494 7.53361
0 2495 7.53659
0 2496 7.53957
0 2497 7.54255
0 2498 7.54553
0 2499 7.54851
0 2500 7.55149
0 2501 7.55447
0 2502 7.55745
0 2503 7.56043
0 2504 7.56341
0 2505 7.56639
0 2506 7.56937
0 2507 7.57235
0 2508 7.57533
0 2509 7.57832
0 2510 7.5813
0 2511 7.58428
0 2512 7.58726
0 2513 7.59024
0 2514 7.59322
0 2515 7.5962
0 2516 7.59918
0 2517 7.60216
0 2518 7.60514
0 2519 7.60812
0 2520 7.6111
0 2521 7.61408
0 2522 7.61706
0 2523 7.62004
0 2524 7.62303
0 2525 7.62601
0 2526 7.62899
0 2527 7.63197
0 2528 7.63495
0 2529 7.63793
0 2530 7.64091
0 2531 7.64389
0 2532 7.64687
0 2533 7.64985
0 2534 7.65283
0 2535 7.65581
0 2536 7.65879
0 2537 7.66177
0 2538 7.66475
0 2539 7.66773
0 2540 7.67071
0 2541 7.6737
0 2542 7.67668
0 2543 7.67966
0 2544 7.68264
0 2545 7.68562
0 2546 7.6886
0 2547 7.69158
0 2548 7.69456
0 2549 7.69754
0 2550 7.70052
0 2551 7.7035
0 2552 7.70648
0 2553 7.70946
0 2554 7.71244
0 2555 7.71542
0 2556 7.7184
0 2557 7.72138
0 2558 7.72436
0 2559 7.72734
0 2560 7.73033
0 2561 7.73331
0 2562 7.73629
0 2563 7.73927
0 2564 7.74225
0 2565 7.74523
0 2566 7.74821
0 2567 7.75119
0 2568 7.75417
0 2569 7.75715
0 2570 7.76013
0 2571 7.76311
0 2572 7.76609
0 2573 7.76907
0 2574 7.77205
0 2575 7.77503
0 2576 7.77802
0 2577 7.781
0 2578 7.78398
0 2579 7.78696
0 2580 7.78994
0 2581 7.79292
0 2582 7.7959
0 2583 7.79888
0 2584 7.80186
0 2585 7.80484
0 2586 7.80782
0 2587 7.8108
0 2588 7.81378
0 2589 7.81676
0 2590 7.81974
0 2591 7.82273
0 2592 7.82571
0 2593 7.82869
0 2594 7.83167
0 2595 7.83465
0 2596 7.83763
0 2597 7.84061
0 2598 7.84359
0 2599 7.84657
0 2600 7.84955
0 2601 7.85253
0 2602 7.85551
0 2603 7.85849
0 2604 7.86147
0 2605 7.86445
0 2606 7.86743
0 2607 7.87041
0 2608 7.8734
0 2609 7.87638
0 2610 7.87936
0 2611 7.88234
0 2612 7.88532
0 2613 7.8883
0 2614 7.89128
0 2615 7.89426
0 2616 7.89724
0 2617 7.90022
0 2618 7.9032
0 2619 7.90618
0 2620 7.90916
0 2621 7.91214
0 2622 7.91512
0 2623 7.9181
0 2624 7.92108
0 2625 7.92406
0 2626 7.92704
0 2627 7.93003
0 2628 7.93301
0 2629 7.93599
0 2630 7.93897
0 2631 7.94195
0 2632 7.94493
0 2633 7.94791
0 2634 7.95089
0 2635 7.95387
0 2636 7.95685
0 2637 7.95983
0 2638 7.96281
0 2639 7.96579
0 2640 7.96877
0 2641 7.97175
0 2642 7.97473
0 2643 7.97772
0 2644 7.9807
0 2645 7.98368
0 2646 7.98666
0 2647 7.98964
0 2648 7.99262
0 2649 7.9956
0 2650 7.99858
0 2651 8.00156
0 2652 8.00454
0 2653 8.00752
0 2654 8.0105
0 2655 8.01348
0 2656 8.01646
0 2657 8.01944
0 2658 8.02242
0 2659 8.0254
0 2660 8.02839
0 2661 8.03137
0 2662 8.03435
0 2663 8.03733
0 2664 8.04031
0 2665 8.04329
0 2666 8.04627
0 2667 8.04925
0 2668 8.05223
0 2669 8.05521
0 2670 8.05819
0 2671 8.06117
0 2672 8.06415
0 2673 8.06713
0 2674 8.07011
0 2675 8.0731
0 2676 8.07607
0 2677 8.07906
0 2678 8.08204
0 2679 8.08502
0 2680 8.088
0 2681 8.09098
0 2682 8.09396
0 2683 8.09694
0 2684 8.09992
0 2685 8.1029
0 2686 8.10588
0 2687 8.10886
0 2688 8.11184
0 2689 8.11482
0 2690 8.1178
0 2691 8.12078
0 2692 8.12377
0 2693 8.12674
0 2694 8.12973
0 2695 8.13271
0 2696 8.13569
0 2697 8.13867
0 2698 8.14165
0 2699 8.14463
0 2700 8.14761
0 2701 8.15059
0 2702 8.15357
0 2703 8.15655
0 2704 8.15953
0 2705 8.16251
0 2706 8.16549
0 2707 8.16847
0 2708 8.17145
0 2709 8.17444
0 2710 8.17741
0 2711 8.1804
0 2712 8.18338
0 2713 8.18636
0 2714 8.18934
0 2715 8.19232
0 2716 8.1953
0 2717 8.19828
0 2718 8.20126
0 2719 8.20424
0 2720 8.20722
0 2721 8.2102
0 2722 8.21318
0 2723 8.21616
0 2724 8.21914
0 2725 8.22212
0 2726 8.2251
0 2727 8.22809
0 2728 8.23107
0 2729 8.23405
0 2730 8.23703
0 2731 8.24001
0 2732 8.24299
0 2733 8.24597
0 2734 8.24895
0 2735 8.25193
0 2736 8.25491
0 2737 8.25789
0 2738 8.26087
0 2739 8.26385
0 2740 8.26683
0 2741 8.26981
0 2742 8.2728
0 2743 8.27577
0 2744 8.27876
0 2745 8.28174
0 2746 8.28472
0 2747 8.2877
0 2748 8.29068
0 2749 8.29366
0 2750 8.29664
0 2751 8.29962
0 2752 8.3026
0 2753 8.30558
0 2754 8.30856
0 2755 8.31154
0 2756 8.31452
0 2757 8.3175
0 2758 8.32048
0 2759 8.32347
0 2760 8.32644
0 2761 8.32943
0 2762 8.33241
0 2763 8.33539
0 2764 8.33837
0 2765 8.34135
0 2766 8.34433
0 2767 8.34731
0 2768 8.35029
0 2769 8.35327
0 2770 8.35625
0 2771 8.35923
0 2772 8.36221
0 2773 8.36519
0 2774 8.36817
0 2775 8.37115
0 2776 8.37414
0 2777 8.37711
0 2778 8.3801
0 2779 8.38308
0 2780 8.38606
0 2781 8.38904
0 2782 8.39202
0 2783 8.395
0 2784 8.39798
0 2785 8.40096
0 2786 8.40394
0 2787 8.40692
0 2788 8.4099
0 2789 8.41288
0 2790 8.41586
0 2791 8.41884
0 2792 8.42182
0 2793 8.4248
0 2794 8.42779
0 2795 8.43077
0 2796 8.43375
0 2797 8.43673
0 2798 8.43971
0 2799 8.44269
0 2800 8.44567
0 2801 8.44865
0 2802 8.45163
0 2803 8.45461
0 2804 8.45759
0 2805 8.46057
0 2806 8.46355
0 2807 8.46653
0 2808 8.46951
0 2809 8.47249
0 2810 8.47547
0 2811 8.47846
0 2812 8.48144
0 2813 8.48442
0 2814 8.4874
0 2815 8.49038
0 2816 8.49336
0 2817 8.49634
0 2818 8.49932
0 2819 8.5023
0 2820 8.50528
0 2821 8.50826
0 2822 8.51124
0 2823 8.51422
0 2824 8.5172
0 2825 8.52018
0 2826 8.52317
0 2827 8.52614
0 2828 8.52913
0 2829 8.53211
0 2830 8.53509
0 2831 8.53807
0 2832 8.54105
0 2833 8.54403
0 2834 8.54701
0 2835 8.54999
0 2836 8.55297
0 2837 8.55595
0 2838 8.55893
0 2839 8.56191
0 2840 8.56489
0 2841 8.56787
0 2842 8.57085
0 2843 8.57384
0 2844 8.57681
0 2845 8.5798
0 2846 8.58278
0 2847 8.58576
0 2848 8.58874
0 2849 8.59172
0 2850 8.5947
0 2851 8.59768
0 2852 8.60066
0 2853 8.60364
0 2854 8.60662
0 2855 8.6096
0 2856 8.61258
0 2857 8.61556
0 2858 8.61854
0 2859 8.62152
0 2860 8.6245
0 2861 8.62749
0 2862 8.63047
0 2863 8.63345
0 2864 8.63643
0 2865 8.63941
0 2866 8.64239
0 2867 8.64537
0 2868 8.64835
0 2869 8.65133
0 2870 8.65431
0 2871 8.65729
0 2872 8.66027
0 2873 8.66325
0 2874 8.66623
0 2875 8.66921
0 2876 8.67219
0 2877 8.67517
0 2878 8.67816
0 2879 8.68114
0 2880 8.68412
0 2881 8.6871
0 2882 8.69008
0 2883 8.69306
0 2884 8.69604
0 2885 8.69902
0 2886 8.702
0 2887 8.70498
0 2888 8.70796
0 2889 8.71094
0 2890 8.71392
0 2891 8.7169
0 2892 8.71988
0 2893 8.72287
0 2894 8.72584
0 2895 8.72883
0 2896 8.73181
0 2897 8.73479
0 2898 8.73777
0 2899 8.74075
0 2900 8.74373
0 2901 8.74671
0 2902 8.74969
0 2903 8.75267
0 2904 8.75565
0 2905 8.75863
0 2906 8.76161
0 2907 8.76459
0 2908 8.76757
0 2909 8.77055
0 2910 8.77354
0 2911 8.77651
0 2912 8.7795
0 2913 8.78248
0 2914 8.78546
0 2915 8.78844
0 2916 8.79142
0 2917 8.7944
0 2918 8.79738
0 2919 8.80036
0 2920 8.80334
0 2921 8.80632
0 2922 8.8093
0 2923 8.81228
0 2924 8.81526
0 2925 8.81824
0 2926 8.82122
0 2927 8.8242
0 2928 8.82719
0 2929 8.83017
0 2930 8.83315
0 2931 8.83613
0 2932 8.83911
0 2933 8.84209
0 2934 8.84507
0 2935 8.84805
0 2936 8.85103
0 2937 8.85401
0 2938 8.85699
0 2939 8.85997
0 2940 8.86295
0 2941 8.86593
0 2942 8.86891
0 2943 8.87189
0 2944 8.87487
0 2945 8.87786
0 2946 8.88084
0 2947 8.88382
0 2948 8.8868
0 2949 8.88978
0 2950 8.89276
0 2951 8.89574
0 2952 8.89872
0 2953 8.9017
0 2954 8.90468
0 2955 8.90766
0 2956 8.91064
0 2957 8.91362
0 2958 8.9166
0 2959 8.91958
0 2960 8.92257
0 2961 8.92554
0 2962 8.92853
0 2963 8.93151
0 2964 8.93449
0 2965 8.93747
0 2966 8.94045
0 2967 8.94343
0 2968 8.94641
0 2969 8.94939
0 2970 8.95237
0 2971 8.95535
0 2972 8.95833
0 2973 8.96131
0 2974 8.96429
0 2975 8.96727
0 2976 8.97025
0 2977 8.97324
0 2978 8.97621
0 2979 8.9792
0 2980 8.98218
0 2981 8.98516
0 2982 8.98814
0 2983 8.99112
0 2984 8.9941
0 2985 8.99708
0 2986 9.00006
0 2987 9.00304
0 2988 9.00602
0 2989 9.009
0 2990 9.01198
0 2991 9.01496
0 2992 9.01794
0 2993 9.02092
0 2994 9.0239
0 2995 9.02689
0 2996 9.02987
0 2997 9.03285
0 2998 9.03583
0 2999 9.03881
0 3000 9.04179
0 3001 9.04477
0 3002 9.04775
0 3003 9.05073
0 3004 9.05371
0 3005 9.05669
0 3006 9.05967
0 3007 9.06265
0 3008 9.06563
0 3009 9.06861
0 3010 9.07159
0 3011 9.07457
0 3012 9.07756
0 3013 9.08054
0 3014 9.08352
0 3015 9.0865
0 3016 9.08948
0 3017 9.09246
0 3018 9.09544
0 3019 9.09842
0 3020 9.1014
0 3021 9.10438
0 3022 9.10736
0 3023 9.11034
0 3024 9.11332
0 3025 9.1163
0 3026 9.11928
0 3027 9.12226
0 3028 9.12524
0 3029 9.12823
0 3030 9.13121
0 3031 9.13419
0 3032 9.13717
0 3033 9.14015
0 3034 9.14313
0 3035 9.14611
0 3036 9.14909
0 3037 9.15207
0 3038 9.15505
0 3039 9.15803
0 3040 9.16101
0 3041 9.16399
0 3042 9.16697
0 3043 9.16995
0 3044 9.17294
0 3045 9.17591
0 3046 9.1789
0 3047 9.18188
0 3048 9.18486
0 3049 9.18784
0 3050 9.19082
0 3051 9.1938
0 3052 9.19678
0 3053 9.19976
0 3054 9.20274
0 3055 9.20572
0 3056 9.2087
0 3057 9.21168
0 3058 9.21466
0 3059 9.21764
0 3060 9.22062
0 3061 9.2236
0 3062 9.22659
0 3063 9.22957
0 3064 9.23255
0 3065 9.23553
0 3066 9.23851
0 3067 9.24149
0 3068 9.24447
0 3069 9.24745
0 3070 9.25043
0 3071 9.25341
0 3072 9.25639
0 3073 9.25937
0 3074 9.26235
0 3075 9.26533
0 3076 9.26831
0 3077 9.27129
0 3078 9.27427
0 3079 9.27726
0 3080 9.28024
0 3081 9.28322
0 3082 9.2862
0 3083 9.28918
0 3084 9.29216
0 3085 9.29514
0 3086 9.29812
0 3087 9.3011
0 3088 9.30408
0 3089 9.30706
0 3090 9.31004
0 3091 9.31302
0 3092 9.316
0 3093 9.31898
0 3094 9.32196
0 3095 9.32494
0 3096 9.32793
0 3097 9.33091
0 3098 9.33389
0 3099 9.33687
0 3100 9.33985
0 3101 9.34283
0 3102 9.34581
0 3103 9.34879
0 3104 9.35177
0 3105 9.35475
0 3106 9.35773
0 3107 9.36071
0 3108 9.36369
0 3109 9.36667
0 3110 9.36965
0 3111 9.37264
0 3112 9.37561
0 3113 9.3786
0 3114 9.38158
0 3115 9.38456
0 3116 9.38754
0 3117 9.39052
0 3118 9.3935
0 3119 9.39648
0 3120 9.39946
0 3121 9.40244
0 3122 9.40542
0 3123 9.4084
0 3124 9.41138
0 3125 9.41436
0 3126 9.41734
0 3127 9.42032
0 3128 9.4233
0 3129 9.42629
0 3130 9.42927
0 3131 9.43225
0 3132 9.43523
0 3133 9.43821
0 3134 9.44119
0 3135 9.44417
0 3136 9.44715
0 3137 9.45013
0 3138 9.45311
0 3139 9.45609
0 3140 9.45907
0 3141 9.46205
0 3142 9.46503
0 3143 9.46801
0 3144 9.47099
0 3145 9.47397
0 3146 9.47696
0 3147 9.47994
0 3148 9.48292
0 3149 9.4859
0 3150 9.48888
0 3151 9.49186
0 3152 9.49484
0 3153 9.49782
0 3154 9.5008
0 3155 9.50378
0 3156 9.50676
0 3157 9.50974
0 3158 9.51272
0 3159 9.5157
0 3160 9.51868
0 3161 9.52166
0 3162 9.52464
0 3163 9.52763
0 3164 9.53061
0 3165 9.53359
0 3166 9.53657
0 3167 9.53955
0 3168 9.54253
0 3169 9.54551
0 3170 9.54849
0 3171 9.55147
0 3172 9.55445
0 3173 9.55743
0 3174 9.56041
0 3175 9.56339
0 3176 9.56637
0 3177 9.56935
0 3178 9.57233
0 3179 9.57531
0 3180 9.5783
0 3181 9.58128
0 3182 9.58426
0 3183 9.58724
0 3184 9.59022
0 3185 9.5932
0 3186 9.59618
0 3187 9.59916
0 3188 9.60214
0 3189 9.60512
0 3190 9.6081
0 3191 9.61108
0 3192 9.61406
0 3193 9.61704
0 3194 9.62002
0 3195 9.623
0 3196 9.62599
0 3197 9.62897
0 3198 9.63195
0 3199 9.63493
0 3200 9.63791
0 3201 9.64089
0 3202 9.64387
0 3203 9.64685
0 3204 9.64983
0 3205 9.65281
0 3206 9.65579
0 3207 9.65877
0 3208 9.66175
0 3209 9.66473
0 3210 9.66771
0 3211 9.67069
0 3212 9.67367
0 3213 9.67666
0 3214 9.67964
0 3215 9.68262
0 3216 9.6856
0 3217 9.68858
0 3218 9.69156
0 3219 9.69454
0 3220 9.69752
0 3221 9.7005
0 3222 9.70348
0 3223 9.70646
0 3224 9.70944
0 3225 9.71242
0 3226 9.7154
0 3227 9.71838
0 3228 9.72136
0 3229 9.72434
0 3230 9.72733
0 3231 9.73031
0 3232 9.73329
0 3233 9.73627
0 3234 9.73925
0 3235 9.74223
0 3236 9.74521
0 3237 9.74819
0 3238 9.75117
0 3239 9.75415
0 3240 9.75713
0 3241 9.76011
0 3242 9.76309
0 3243 9.76607
0 3244 9.76905
0 3245 9.77203
0 3246 9.77501
0 3247 9.778
0 3248 9.78098
0 3249 9.78396
0 3250 9.78694
0 3251 9.78992
0 3252 9.7929
0 3253 9.79588
0 3254 9.79886
0 3255 9.80184
0 3256 9.80482
0 3257 9.8078
0 3258 9.81078
0 3259 9.81376
0 3260 9.81674
0 3261 9.81972
0 3262 9.8227
0 3263 9.82569
0 3264 9.82867
0 3265 9.83165
0 3266 9.83463
0 3267 9.83761
0 3268 9.84059
0 3269 9.84357
0 3270 9.84655
0 3271 9.84953
0 3272 9.85251
0 3273 9.85549
0 3274 9.85847
0 3275 9.86145
0 3276 9.86443
0 3277 9.86741
0 3278 9.87039
0 3279 9.87337
0 3280 9.87636
0 3281 9.87934
0 3282 9.88232
0 3283 9.8853
0 3284 9.88828
0 3285 9.89126
0 3286 9.89424
0 3287 9.89722
0 3288 9.9002
0 3289 9.90318
0 3290 9.90616
0 3291 9.90914
0 3292 9.91212
0 3293 9.9151
0 3294 9.91808
0 3295 9.92106
0 3296 9.92404
0 3297 9.92703
0 3298 9.93001
0 3299 9.93299
0 3300 9.93597
0 3301 9.93895
0 3302 9.94193
0 3303 9.94491
0 3304 9.94789
0 3305 9.95087
0 3306 9.95385
0 3307 9.95683
0 3308 9.95981
0 3309 9.96279
0 3310 9.96577
0 3311 9.96875
0 3312 9.97173
0 3313 9.97471
0 3314 9.9777
0 3315 9.98068
0 3316 9.98366
0 3317 9.98664
0 3318 9.98962
0 3319 9.9926
0 3320 9.99558
0 3321 9.99856
0 3322 10.0015
0 3323 10.0045
0 3324 10.0075
0 3325 10.0105
0 3326 10.0135
0 3327 10.0164
0 3328 10.0194
0 3329 10.0224
0 3330 10.0254
0 3331 10.0284
0 3332 10.0313
0 3333 10.0343
0 3334 10.0373
0 3335 10.0403
0 3336 10.0433
0 3337 10.0463
0 3338 10.0492
0 3339 10.0522
0 3340 10.0552
0 3341 10.0582
0 3342 10.0611
0 3343 10.0641
0 3344 10.0671
0 3345 10.0701
0 3346 10.0731
0 3347 10.0761
0 3348 10.079
0 3349 10.082
0 3350 10.085
0 3351 10.088
0 3352 10.091
0 3353 10.0939
0 3354 10.0969
0 3355 10.0999
0 3356 10.1029
0 3357 10.1059
0 3358 10.1088
0 3359 10.1118
0 3360 10.1148
0 3361 10.1178
0 3362 10.1208
0 3363 10.1237
0 3364 10.1267
0 3365 10.1297
0 3366 10.1327
0 3367 10.1357
0 3368 10.1387
0 3369 10.1416
0 3370 10.1446
0 3371 10.1476
0 3372 10.1506
0 3373 10.1535
0 3374 10.1565
0 3375 10.1595
0 3376 10.1625
0 3377 10.1655
0 3378 10.1684
0 3379 10.1714
0 3380 10.1744
0 3381 10.1774
0 3382 10.1804
0 3383 10.1834
0 3384 10.1863
0 3385 10.1893
0 3386 10.1923
0 3387 10.1953
0 3388 10.1983
0 3389 10.2012
0 3390 10.2042
0 3391 10.2072
0 3392 10.2102
0 3393 10.2132
0 3394 10.2161
0 3395 10.2191
0 3396 10.2221
0 3397 10.2251
0 3398 10.2281
0 3399 10.231
0 3400 10.234
0 3401 10.237
0 3402 10.24
0 3403 10.243
0 3404 10.246
0 3405 10.2489
0 3406 10.2519
0 3407 10.2549
0 3408 10.2579
0 3409 10.2608
0 3410 10.2638
0 3411 10.2668
0 3412 10.2698
0 3413 10.2728
0 3414 10.2758
0 3415 10.2787
0 3416 10.2817
0 3417 10.2847
0 3418 10.2877
0 3419 10.2907
0 3420 10.2936
0 3421 10.2966
0 3422 10.2996
0 3423 10.3026
0 3424 10.3056
0 3425 10.3085
0 3426 10.3115
0 3427 10.3145
0 3428 10.3175
0 3429 10.3205
0 3430 10.3234
0 3431 10.3264
0 3432 10.3294
0 3433 10.3324
0 3434 10.3354
0 3435 10.3384
0 3436 10.3413
0 3437 10.3443
0 3438 10.3473
0 3439 10.3503
0 3440 10.3532
0 3441 10.3562
0 3442 10.3592
0 3443 10.3622
0 3444 10.3652
0 3445 10.3681
0 3446 10.3711
0 3447 10.3741
0 3448 10.3771
0 3449 10.3801
0 3450 10.3831
0 3451 10.386
0 3452 10.389
0 3453 10.392
0 3454 10.395
0 3455 10.398
0 3456 10.4009
0 3457 10.4039
0 3458 10.4069
0 3459 10.4099
0 3460 10.4129
0 3461 10.4158
0 3462 10.4188
0 3463 10.4218
0 3464 10.4248
0 3465 10.4278
0 3466 10.4307
0 3467 10.4337
0 3468 10.4367
0 3469 10.4397
0 3470 10.4427
0 3471 10.4457
0 3472 10.4486
0 3473 10.4516
0 3474 10.4546
0 3475 10.4576
0 3476 10.4605
0 3477 10.4635
0 3478 10.4665
0 3479 10.4695
0 3480 10.4725
0 3481 10.4755
0 3482 10.4784
0 3483 10.4814
0 3484 10.4844
0 3485 10.4874
0 3486 10.4904
0 3487 10.4933
0 3488 10.4963
0 3489 10.4993
0 3490 10.5023
0 3491 10.5053
0 3492 10.5082
0 3493 10.5112
0 3494 10.5142
0 3495 10.5172
0 3496 10.5202
0 3497 10.5231
0 3498 10.5261
0 3499 10.5291
0 3500 10.5321
0 3501 10.5351
0 3502 10.5381
0 3503 10.541
0 3504 10.544
0 3505 10.547
0 3506 10.55
0 3507 10.5529
0 3508 10.5559
0 3509 10.5589
0 3510 10.5619
0 3511 10.5649
0 3512 10.5678
0 3513 10.5708
0 3514 10.5738
0 3515 10.5768
0 3516 10.5798
0 3517 10.5828
0 3518 10.5857
0 3519 10.5887
0 3520 10.5917
0 3521 10.5947
0 3522 10.5977
0 3523 10.6006
0 3524 10.6036
0 3525 10.6066
0 3526 10.6096
0 3527 10.6126
0 3528 10.6155
0 3529 10.6185
0 3530 10.6215
0 3531 10.6245
0 3532 10.6275
0 3533 10.6304
0 3534 10.6334
0 3535 10.6364
0 3536 10.6394
0 3537 10.6424
0 3538 10.6454
0 3539 10.6483
0 3540 10.6513
0 3541 10.6543
0 3542 10.6573
0 3543 10.6602
0 3544 10.6632
0 3545 10.6662
0 3546 10.6692
0 3547 10.6722
0 3548 10.6752
0 3549 10.6781
0 3550 10.6811
0 3551 10.6841
0 3552 10.6871
0 3553 10.6901
0 3554 10.693
0 3555 10.696
0 3556 10.699
0 3557 10.702
0 3558 10.705
0 3559 10.7079
0 3560 10.7109
0 3561 10.7139
0 3562 10.7169
0 3563 10.7199
0 3564 10.7228
0 3565 10.7258
0 3566 10.7288
0 3567 10.7318
0 3568 10.7348
0 3569 10.7378
0 3570 10.7407
0 3571 10.7437
0 3572 10.7467
0 3573 10.7497
0 3574 10.7526
0 3575 10.7556
0 3576 10.7586
0 3577 10.7616
0 3578 10.7646
0 3579 10.7675
0 3580 10.7705
0 3581 10.7735
0 3582 10.7765
0 3583 10.7795
0 3584 10.7825
0 3585 10.7854
0 3586 10.7884
0 3587 10.7914
0 3588 10.7944
0 3589 10.7974
0 3590 10.8003
0 3591 10.8033
0 3592 10.8063
0 3593 10.8093
0 3594 10.8123
0 3595 10.8152
0 3596 10.8182
0 3597 10.8212
0 3598 10.8242
0 3599 10.8272
0 3600 10.8301
0 3601 10.8331
0 3602 10.8361
0 3603 10.8391
0 3604 10.8421
0 3605 10.8451
0 3606 10.848
0 3607 10.851
0 3608 10.854
0 3609 10.857
0 3610 10.8599
0 3611 10.8629
0 3612 10.8659
0 3613 10.8689
0 3614 10.8719
0 3615 10.8749
0 3616 10.8778
0 3617 10.8808
0 3618 10.8838
0 3619 10.8868
0 3620 10.8898
0 3621 10.8927
0 3622 10.8957
0 3623 10.8987
0 3624 10.9017
0 3625 10.9047
0 3626 10.9076
0 3627 10.9106
0 3628 10.9136
0 3629 10.9166
0 3630 10.9196
0 3631 10.9225
0 3632 10.9255
0 3633 10.9285
0 3634 10.9315
0 3635 10.9345
0 3636 10.9375
0 3637 10.9404
0 3638 10.9434
0 3639 10.9464
0 3640 10.9494
0 3641 10.9523
0 3642 10.9553
0 3643 10.9583
0 3644 10.9613
0 3645 10.9643
0 3646 10.9672
0 3647 10.9702
0 3648 10.9732
0 3649 10.9762
0 3650 10.9792
0 3651 10.9822
0 3652 10.9851
0 3653 10.9881
0 3654 10.9911
0 3655 10.9941
0 3656 10.9971
0 3657 11
0 3658 11.003
0 3659 11.006
0 3660 11.009
0 3661 11.012
0 3662 11.0149
0 3663 11.0179
0 3664 11.0209
0 3665 11.0239
0 3666 11.0269
0 3667 11.0298
0 3668 11.0328
0 3669 11.0358
0 3670 11.0388
0 3671 11.0418
0 3672 11.0448
0 3673 11.0477
0 3674 11.0507
0 3675 11.0537
0 3676 11.0567
0 3677 11.0596
0 3678 11.0626
0 3679 11.0656
0 3680 11.0686
0 3681 11.0716
0 3682 11.0746
0 3683 11.0775
0 3684 11.0805
0 3685 11.0835
0 3686 11.0865
0 3687 11.0895
0 3688 11.0924
0 3689 11.0954
0 3690 11.0984
0 3691 11.1014
0 3692 11.1044
0 3693 11.1073
0 3694 11.1103
0 3695 11.1133
0 3696 11.1163
0 3697 11.1193
0 3698 11.1222
0 3699 11.1252
0 3700 11.1282
0 3701 11.1312
0 3702 11.1342
0 3703 11.1372
0 3704 11.1401
0 3705 11.1431
0 3706 11.1461
0 3707 11.1491
0 3708 11.152
0 3709 11.155
0 3710 11.158
0 3711 11.161
0 3712 11.164
0 3713 11.1669
0 3714 11.1699
0 3715 11.1729
0 3716 11.1759
0 3717 11.1789
0 3718 11.1819
0 3719 11.1848
0 3720 11.1878
0 3721 11.1908
0 3722 11.1938
0 3723 11.1968
0 3724 11.1997
0 3725 11.2027
0 3726 11.2057
0 3727 11.2087
0 3728 11.2117
0 3729 11.2146
0 3730 11.2176
0 3731 11.2206
0 3732 11.2236
0 3733 11.2266
0 3734 11.2295
0 3735 11.2325
0 3736 11.2355
0 3737 11.2385
0 3738 11.2415
0 3739 11.2445
0 3740 11.2474
0 3741 11.2504
0 3742 11.2534
0 3743 11.2564
0 3744 11.2593
0 3745 11.2623
0 3746 11.2653
0 3747 11.2683
0 3748 11.2713
0 3749 11.2743
0 3750 11.2772
0 3751 11.2802
0 3752 11.2832
0 3753 11.2862
0 3754 11.2892
0 3755 11.2921
0 3756 11.2951
0 3757 11.2981
0 3758 11.3011
0 3759 11.3041
0 3760 11.307
0 3761 11.31
0 3762 11.313
0 3763 11.316
0 3764 11.319
0 3765 11.3219
0 3766 11.3249
0 3767 11.3279
0 3768 11.3309
0 3769 11.3339
0 3770 11.3369
0 3771 11.3398
0 3772 11.3428
0 3773 11.3458
0 3774 11.3488
0 3775 11.3517
0 3776 11.3547
0 3777 11.3577
0 3778 11.3607
0 3779 11.3637
0 3780 11.3666
0 3781 11.3696
0 3782 11.3726
0 3783 11.3756
0 3784 11.3786
0 3785 11.3816
0 3786 11.3845
0 3787 11.3875
0 3788 11.3905
0 3789 11.3935
0 3790 11.3965
0 3791 11.3994
0 3792 11.4024
0 3793 11.4054
0 3794 11.4084
0 3795 11.4114
0 3796 11.4143
0 3797 11.4173
0 3798 11.4203
0 3799 11.4233
0 3800 11.4263
0 3801 11.4292
0 3802 11.4322
0 3803 11.4352
0 3804 11.4382
0 3805 11.4412
0 3806 11.4442
0 3807 11.4471
0 3808 11.4501
0 3809 11.4531
0 3810 11.4561
0 3811 11.459
0 3812 11.462
0 3813 11.465
0 3814 11.468
0 3815 11.471
0 3816 11.474
0 3817 11.4769
0 3818 11.4799
0 3819 11.4829
0 3820 11.4859
0 3821 11.4889
0 3822 11.4918
0 3823 11.4948
0 3824 11.4978
0 3825 11.5008
0 3826 11.5038
0 3827 11.5067
0 3828 11.5097
0 3829 11.5127
0 3830 11.5157
0 3831 11.5187
0 3832 11.5216
0 3833 11.5246
0 3834 11.5276
0 3835 11.5306
0 3836 11.5336
0 3837 11.5366
0 3838 11.5395
0 3839 11.5425
0 3840 11.5455
0 3841 11.5485
0 3842 11.5515
0 3843 11.5544
0 3844 11.5574
0 3845 11.5604
0 3846 11.5634
0 3847 11.5663
0 3848 11.5693
0 3849 11.5723
0 3850 11.5753
0 3851 11.5783
0 3852 11.5813
0 3853 11.5842
0 3854 11.5872
0 3855 11.5902
0 3856 11.5932
0 3857 11.5962
0 3858 11.5991
0 3859 11.6021
0 3860 11.6051
0 3861 11.6081
0 3862 11.6111
0 3863 11.614
0 3864 11.617
0 3865 11.62
0 3866 11.623
0 3867 11.626
0 3868 11.6289
0 3869 11.6319
0 3870 11.6349
0 3871 11.6379
0 3872 11.6409
0 3873 11.6439
0 3874 11.6468
0 3875 11.6498
0 3876 11.6528
0 3877 11.6558
0 3878 11.6587
0 3879 11.6617
0 3880 11.6647
0 3881 11.6677
0 3882 11.6707
0 3883 11.6737
0 3884 11.6766
0 3885 11.6796
0 3886 11.6826
0 3887 11.6856
0 3888 11.6886
0 3889 11.6915
0 3890 11.6945
0 3891 11.6975
0 3892 11.7005
0 3893 11.7035
0 3894 11.7064
0 3895 11.7094
0 3896 11.7124
0 3897 11.7154
0 3898 11.7184
0 3899 11.7213
0 3900 11.7243
0 3901 11.7273
0 3902 11.7303
0 3903 11.7333
0 3904 11.7363
0 3905 11.7392
0 3906 11.7422
0 3907 11.7452
0 3908 11.7482
0 3909 11.7512
0 3910 11.7541
0 3911 11.7571
0 3912 11.7601
0 3913 11.7631
0 3914 11.766
0 3915 11.769
0 3916 11.772
0 3917 11.775
0 3918 11.778
0 3919 11.781
0 3920 11.7839
0 3921 11.7869
0 3922 11.7899
0 3923 11.7929
0 3924 11.7959
0 3925 11.7988
0 3926 11.8018
0 3927 11.8048
0 3928 11.8078
0 3929 11.8108
0 3930 11.8137
0 3931 11.8167
0 3932 11.8197
0 3933 11.8227
0 3934 11.8257
0 3935 11.8286
0 3936 11.8316
0 3937 11.8346
0 3938 11.8376
0 3939 11.8406
0 3940 11.8436
0 3941 11.8465
0 3942 11.8495
0 3943 11.8525
0 3944 11.8555
0 3945 11.8584
0 3946 11.8614
0 3947 11.8644
0 3948 11.8674
0 3949 11.8704
0 3950 11.8734
0 3951 11.8763
0 3952 11.8793
0 3953 11.8823
0 3954 11.8853
0 3955 11.8883
0 3956 11.8912
0 3957 11.8942
0 3958 11.8972
0 3959 11.9002
0 3960 11.9032
0 3961 11.9061
0 3962 11.9091
0 3963 11.9121
0 3964 11.9151
0 3965 11.9181
0 3966 11.921
0 3967 11.924
0 3968 11.927
0 3969 11.93
0 3970 11.933
0 3971 11.936
0 3972 11.9389
0 3973 11.9419
0 3974 11.9449
0 3975 11.9479
0 3976 11.9509
0 3977 11.9538
0 3978 11.9568
0 3979 11.9598
0 3980 11.9628
0 3981 11.9657
0 3982 11.9687
0 3983 11.9717
0 3984 11.9747
0 3985 11.9777
0 3986 11.9807
0 3987 11.9836
0 3988 11.9866
0 3989 11.9896
0 3990 11.9926
0 3991 11.9956
0 3992 11.9985
0 3993 12.0015
0 3994 12.0045
0 3995 12.0075
0 3996 12.0105
0 3997 12.0134
0 3998 12.0164
0 3999 12.0194
0 4000 12.0224
0 4001 12.0254
0 4002 12.0283
0 4003 12.0313
0 4004 12.0343
0 4005 12.0373
0 4006 12.0403
0 4007 12.0433
0 4008 12.0462
0 4009 12.0492
0 4010 12.0522
0 4011 12.0552
0 4012 12.0581
0 4013 12.0611
0 4014 12.0641
0 4015 12.0671
0 4016 12.0701
0 4017 12.0731
0 4018 12.076
0 4019 12.079
0 4020 12.082
0 4021 12.085
0 4022 12.088
0 4023 12.0909
0 4024 12.0939
0 4025 12.0969
0 4026 12.0999
0 4027 12.1029
0 4028 12.1058
0 4029 12.1088
0 4030 12.1118
0 4031 12.1148
0 4032 12.1178
0 4033 12.1207
0 4034 12.1237
0 4035 12.1267
0 4036 12.1297
0 4037 12.1327
0 4038 12.1357
0 4039 12.1386
0 4040 12.1416
0 4041 12.1446
0 4042 12.1476
0 4043 12.1506
0 4044 12.1535
0 4045 12.1565
0 4046 12.1595
0 4047 12.1625
0 4048 12.1654
0 4049 12.1684
0 4050 12.1714
0 4051 12.1744
0 4052 12.1774
0 4053 12.1804
0 4054 12.1833
0 4055 12.1863
0 4056 12.1893
0 4057 12.1923
0 4058 12.1953
0 4059 12.1982
0 4060 12.2012
0 4061 12.2042
0 4062 12.2072
0 4063 12.2102
0 4064 12.2131
0 4065 12.2161
0 4066 12.2191
0 4067 12.2221
0 4068 12.2251
0 4069 12.228
0 4070 12.231
0 4071 12.234
0 4072 12.237
0 4073 12.24
0 4074 12.243
0 4075 12.2459
0 4076 12.2489
0 4077 12.2519
0 4078 12.2549
0 4079 12.2578
0 4080 12.2608
0 4081 12.2638
0 4082 12.2668
0 4083 12.2698
0 4084 12.2728
0 4085 12.2757
0 4086 12.2787
0 4087 12.2817
0 4088 12.2847
0 4089 12.2877
0 4090 12.2906
0 4091 12.2936
0 4092 12.2966
0 4093 12.2996
0 4094 12.3026
0 4095 12.3055
0 4096 12.3085
0 4097 12.3115
0 4098 12.3145
0 4099 12.3175
0 4100 12.3204
0 4101 12.3234
0 4102 12.3264
0 4103 12.3294
0 4104 12.3324
0 4105 12.3354
0 4106 12.3383
0 4107 12.3413
0 4108 12.3443
0 4109 12.3473
0 4110 12.3503
0 4111 12.3532
0 4112 12.3562
0 4113 12.3592
0 4114 12.3622
0 4115 12.3651
0 4116 12.3681
0 4117 12.3711
0 4118 12.3741
0 4119 12.3771
0 4120 12.3801
0 4121 12.383
0 4122 12.386
0 4123 12.389
0 4124 12.392
0 4125 12.395
0 4126 12.3979
0 4127 12.4009
0 4128 12.4039
0 4129 12.4069
0 4130 12.4099
0 4131 12.4128
0 4132 12.4158
0 4133 12.4188
0 4134 12.4218
0 4135 12.4248
0 4136 12.4277
0 4137 12.4307
0 4138 12.4337
0 4139 12.4367
0 4140 12.4397
0 4141 12.4427
0 4142 12.4456
0 4143 12.4486
0 4144 12.4516
0 4145 12.4546
0 4146 12.4575
0 4147 12.4605
0 4148 12.4635
0 4149 12.4665
0 4150 12.4695
0 4151 12.4725
0 4152 12.4754
0 4153 12.4784
0 4154 12.4814
0 4155 12.4844
0 4156 12.4874
0 4157 12.4903
0 4158 12.4933
0 4159 12.4963
0 4160 12.4993
0 4161 12.5023
0 4162 12.5052
0 4163 12.5082
0 4164 12.5112
0 4165 12.5142
0 4166 12.5172
0 4167 12.5201
0 4168 12.5231
0 4169 12.5261
0 4170 12.5291
0 4171 12.5321
0 4172 12.5351
0 4173 12.538
0 4174 12.541
0 4175 12.544
0 4176 12.547
0 4177 12.55
0 4178 12.5529
0 4179 12.5559
0 4180 12.5589
0 4181 12.5619
0 4182 12.5648
0 4183 12.5678
0 4184 12.5708
0 4185 12.5738
0 4186 12.5768
0 4187 12.5798
0 4188 12.5827
0 4189 12.5857
0 4190 12.5887
0 4191 12.5917
0 4192 12.5947
0 4193 12.5976
0 4194 12.6006
0 4195 12.6036
0 4196 12.6066
0 4197 12.6096
0 4198 12.6125
0 4199 12.6155
0 4200 12.6185
0 4201 12.6215
0 4202 12.6245
0 4203 12.6274
0 4204 12.6304
0 4205 12.6334
0 4206 12.6364
0 4207 12.6394
0 4208 12.6424
0 4209 12.6453
0 4210 12.6483
0 4211 12.6513
0 4212 12.6543
0 4213 12.6572
0 4214 12.6602
0 4215 12.6632
0 4216 12.6662
0 4217 12.6692
0 4218 12.6722
0 4219 12.6751
0 4220 12.6781
0 4221 12.6811
0 4222 12.6841
0 4223 12.6871
0 4224 12.69
0 4225 12.693
0 4226 12.696
0 4227 12.699
0 4228 12.702
0 4229 12.7049
0 4230 12.7079
0 4231 12.7109
0 4232 12.7139
0 4233 12.7169
0 4234 12.7198
0 4235 12.7228
0 4236 12.7258
0 4237 12.7288
0 4238 12.7318
0 4239 12.7348
0 4240 12.7377
0 4241 12.7407
0 4242 12.7437
0 4243 12.7467
0 4244 12.7497
0 4245 12.7526
0 4246 12.7556
0 4247 12.7586
0 4248 12.7616
0 4249 12.7645
0 4250 12.7675
0 4251 12.7705
0 4252 12.7735
0 4253 12.7765
0 4254 12.7795
0 4255 12.7824
0 4256 12.7854
0 4257 12.7884
0 4258 12.7914
0 4259 12.7944
0 4260 12.7973
0 4261 12.8003
0 4262 12.8033
0 4263 12.8063
0 4264 12.8093
0 4265 12.8122
0 4266 12.8152
0 4267 12.8182
0 4268 12.8212
0 4269 12.8242
0 4270 12.8271
0 4271 12.8301
0 4272 12.8331
0 4273 12.8361
0 4274 12.8391
0 4275 12.8421
0 4276 12.845
0 4277 12.848
0 4278 12.851
0 4279 12.854
0 4280 12.8569
0 4281 12.8599
0 4282 12.8629
0 4283 12.8659
0 4284 12.8689
0 4285 12.8719
0 4286 12.8748
0 4287 12.8778
0 4288 12.8808
0 4289 12.8838
0 4290 12.8868
0 4291 12.8897
0 4292 12.8927
0 4293 12.8957
0 4294 12.8987
0 4295 12.9017
0 4296 12.9046
0 4297 12.9076
0 4298 12.9106
0 4299 12.9136
0 4300 12.9166
0 4301 12.9195
0 4302 12.9225
0 4303 12.9255
0 4304 12.9285
0 4305 12.9315
0 4306 12.9345
0 4307 12.9374
0 4308 12.9404
0 4309 12.9434
0 4310 12.9464
0 4311 12.9494
0 4312 12.9523
0 4313 12.9553
0 4314 12.9583
0 4315 12.9613
0 4316 12.9642
0 4317 12.9672
0 4318 12.9702
0 4319 12.9732
0 4320 12.9762
0 4321 12.9792
0 4322 12.9821
0 4323 12.9851
0 4324 12.9881
0 4325 12.9911
0 4326 12.9941
0 4327 12.997
0 4328 13
0 4329 13.003
0 4330 13.006
0 4331 13.009
0 4332 13.0119
0 4333 13.0149
0 4334 13.0179
0 4335 13.0209
0 4336 13.0239
0 4337 13.0268
0 4338 13.0298
0 4339 13.0328
0 4340 13.0358
0 4341 13.0388
0 4342 13.0418
0 4343 13.0447
0 4344 13.0477
0 4345 13.0507
0 4346 13.0537
0 4347 13.0566
0 4348 13.0596
0 4349 13.0626
0 4350 13.0656
0 4351 13.0686
0 4352 13.0716
0 4353 13.0745
0 4354 13.0775
0 4355 13.0805
0 4356 13.0835
0 4357 13.0865
0 4358 13.0894
0 4359 13.0924
0 4360 13.0954
0 4361 13.0984
0 4362 13.1014
0 4363 13.1043
0 4364 13.1073
0 4365 13.1103
0 4366 13.1133
0 4367 13.1163
0 4368 13.1192
0 4369 13.1222
0 4370 13.1252
0 4371 13.1282
0 4372 13.1312
0 4373 13.1341
0 4374 13.1371
0 4375 13.1401
0 4376 13.1431
0 4377 13.1461
0 4378 13.1491
0 4379 13.152
0 4380 13.155
0 4381 13.158
0 4382 13.161
0 4383 13.1639
0 4384 13.1669
0 4385 13.1699
0 4386 13.1729
0 4387 13.1759
0 4388 13.1789
0 4389 13.1818
0 4390 13.1848
0 4391 13.1878
0 4392 13.1908
0 4393 13.1938
0 4394 13.1967
0 4395 13.1997
0 4396 13.2027
0 4397 13.2057
0 4398 13.2087
0 4399 13.2116
0 4400 13.2146
0 4401 13.2176
0 4402 13.2206
0 4403 13.2236
0 4404 13.2265
0 4405 13.2295
0 4406 13.2325
0 4407 13.2355
0 4408 13.2385
0 4409 13.2415
0 4410 13.2444
0 4411 13.2474
0 4412 13.2504
0 4413 13.2534
0 4414 13.2563
0 4415 13.2593
0 4416 13.2623
0 4417 13.2653
0 4418 13.2683
0 4419 13.2713
0 4420 13.2742
0 4421 13.2772
0 4422 13.2802
0 4423 13.2832
0 4424 13.2862
0 4425 13.2891
0 4426 13.2921
0 4427 13.2951
0 4428 13.2981
0 4429 13.3011
0 4430 13.304
0 4431 13.307
0 4432 13.31
0 4433 13.313
0 4434 13.316
0 4435 13.3189
0 4436 13.3219
0 4437 13.3249
0 4438 13.3279
0 4439 13.3309
0 4440 13.3338
0 4441 13.3368
0 4442 13.3398
0 4443 13.3428
0 4444 13.3458
0 4445 13.3488
0 4446 13.3517
0 4447 13.3547
0 4448 13.3577
0 4449 13.3607
0 4450 13.3636
0 4451 13.3666
0 4452 13.3696
0 4453 13.3726
0 4454 13.3756
0 4455 13.3786
0 4456 13.3815
0 4457 13.3845
0 4458 13.3875
0 4459 13.3905
0 4460 13.3935
0 4461 13.3964
0 4462 13.3994
0 4463 13.4024
0 4464 13.4054
0 4465 13.4084
0 4466 13.4113
0 4467 13.4143
0 4468 13.4173
0 4469 13.4203
0 4470 13.4233
0 4471 13.4262
0 4472 13.4292
0 4473 13.4322
0 4474 13.4352
0 4475 13.4382
0 4476 13.4412
0 4477 13.4441
0 4478 13.4471
0 4479 13.4501
0 4480 13.4531
0 4481 13.456
0 4482 13.459
0 4483 13.462
0 4484 13.465
0 4485 13.468
0 4486 13.471
0 4487 13.4739
0 4488 13.4769
0 4489 13.4799
0 4490 13.4829
0 4491 13.4859
0 4492 13.4888
0 4493 13.4918
0 4494 13.4948
0 4495 13.4978
0 4496 13.5008
0 4497 13.5037
0 4498 13.5067
0 4499 13.5097
0 4500 13.5127
0 4501 13.5157
0 4502 13.5186
0 4503 13.5216
0 4504 13.5246
0 4505 13.5276
0 4506 13.5306
0 4507 13.5335
0 4508 13.5365
0 4509 13.5395
0 4510 13.5425
0 4511 13.5455
0 4512 13.5485
0 4513 13.5514
0 4514 13.5544
0 4515 13.5574
0 4516 13.5604
0 4517 13.5633
0 4518 13.5663
0 4519 13.5693
0 4520 13.5723
0 4521 13.5753
0 4522 13.5783
0 4523 13.5812
0 4524 13.5842
0 4525 13.5872
0 4526 13.5902
0 4527 13.5932
0 4528 13.5961
0 4529 13.5991
0 4530 13.6021
0 4531 13.6051
0 4532 13.6081
0 4533 13.611
0 4534 13.614
0 4535 13.617
0 4536 13.62
0 4537 13.623
0 4538 13.6259
0 4539 13.6289
0 4540 13.6319
0 4541 13.6349
0 4542 13.6379
0 4543 13.6409
0 4544 13.6438
0 4545 13.6468
0 4546 13.6498
0 4547 13.6528
0 4548 13.6557
0 4549 13.6587
0 4550 13.6617
0 4551 13.6647
0 4552 13.6677
0 4553 13.6707
0 4554 13.6736
0 4555 13.6766
0 4556 13.6796
0 4557 13.6826
0 4558 13.6856
0 4559 13.6885
0 4560 13.6915
0 4561 13.6945
0 4562 13.6975
0 4563 13.7005
0 4564 13.7034
0 4565 13.7064
0 4566 13.7094
0 4567 13.7124
0 4568 13.7154
0 4569 13.7183
0 4570 13.7213
0 4571 13.7243
0 4572 13.7273
0 4573 13.7303
0 4574 13.7332
0 4575 13.7362
0 4576 13.7392
0 4577 13.7422
0 4578 13.7452
0 4579 13.7482
0 4580 13.7511
0 4581 13.7541
0 4582 13.7571
0 4583 13.7601
0 4584 13.763
0 4585 13.766
0 4586 13.769
0 4587 13.772
0 4588 13.775
0 4589 13.778
0 4590 13.7809
0 4591 13.7839
0 4592 13.7869
0 4593 13.7899
0 4594 13.7929
0 4595 13.7958
0 4596 13.7988
0 4597 13.8018
0 4598 13.8048
0 4599 13.8078
0 4600 13.8107
0 4601 13.8137
0 4602 13.8167
0 4603 13.8197
0 4604 13.8227
0 4605 13.8256
0 4606 13.8286
0 4607 13.8316
0 4608 13.8346
0 4609 13.8376
0 4610 13.8406
0 4611 13.8435
0 4612 13.8465
0 4613 13.8495
0 4614 13.8525
0 4615 13.8554
0 4616 13.8584
0 4617 13.8614
0 4618 13.8644
0 4619 13.8674
0 4620 13.8704
0 4621 13.8733
0 4622 13.8763
0 4623 13.8793
0 4624 13.8823
0 4625 13.8853
0 4626 13.8882
0 4627 13.8912
0 4628 13.8942
0 4629 13.8972
0 4630 13.9002
0 4631 13.9031
0 4632 13.9061
0 4633 13.9091
0 4634 13.9121
0 4635 13.9151
0 4636 13.918
0 4637 13.921
0 4638 13.924
0 4639 13.927
0 4640 13.93
0 4641 13.9329
0 4642 13.9359
0 4643 13.9389
0 4644 13.9419
0 4645 13.9449
0 4646 13.9479
0 4647 13.9508
0 4648 13.9538
0 4649 13.9568
0 4650 13.9598
0 4651 13.9627
0 4652 13.9657
0 4653 13.9687
0 4654 13.9717
0 4655 13.9747
0 4656 13.9777
0 4657 13.9806
0 4658 13.9836
0 4659 13.9866
0 4660 13.9896
0 4661 13.9926
0 4662 13.9955
0 4663 13.9985
0 4664 14.0015
0 4665 14.0045
0 4666 14.0075
0 4667 14.0104
0 4668 14.0134
0 4669 14.0164
0 4670 14.0194
0 4671 14.0224
0 4672 14.0253
0 4673 14.0283
0 4674 14.0313
0 4675 14.0343
0 4676 14.0373
0 4677 14.0403
0 4678 14.0432
0 4679 14.0462
0 4680 14.0492
0 4681 14.0522
0 4682 14.0551
0 4683 14.0581
0 4684 14.0611
0 4685 14.0641
0 4686 14.0671
0 4687 14.0701
0 4688 14.073
0 4689 14.076
0 4690 14.079
0 4691 14.082
0 4692 14.085
0 4693 14.0879
0 4694 14.0909
0 4695 14.0939
0 4696 14.0969
0 4697 14.0999
0 4698 14.1028
0 4699 14.1058
0 4700 14.1088
0 4701 14.1118
0 4702 14.1148
0 4703 14.1177
0 4704 14.1207
0 4705 14.1237
0 4706 14.1267
0 4707 14.1297
0 4708 14.1326
0 4709 14.1356
0 4710 14.1386
0 4711 14.1416
0 4712 14.1446
0 4713 14.1476
0 4714 14.1505
0 4715 14.1535
0 4716 14.1565
0 4717 14.1595
0 4718 14.1624
0 4719 14.1654
0 4720 14.1684
0 4721 14.1714
0 4722 14.1744
0 4723 14.1774
0 4724 14.1803
0 4725 14.1833
0 4726 14.1863
0 4727 14.1893
0 4728 14.1923
0 4729 14.1952
0 4730 14.1982
0 4731 14.2012
0 4732 14.2042
0 4733 14.2072
0 4734 14.2101
0 4735 14.2131
0 4736 14.2161
0 4737 14.2191
0 4738 14.2221
0 4739 14.225
0 4740 14.228
0 4741 14.231
0 4742 14.234
0 4743 14.237
0 4744 14.24
0 4745 14.2429
0 4746 14.2459
0 4747 14.2489
0 4748 14.2519
0 4749 14.2548
0 4750 14.2578
0 4751 14.2608
0 4752 14.2638
0 4753 14.2668
0 4754 14.2698
0 4755 14.2727
0 4756 14.2757
0 4757 14.2787
0 4758 14.2817
0 4759 14.2847
0 4760 14.2876
0 4761 14.2906
0 4762 14.2936
0 4763 14.2966
0 4764 14.2996
0 4765 14.3025
0 4766 14.3055
0 4767 14.3085
0 4768 14.3115
0 4769 14.3145
0 4770 14.3174
0 4771 14.3204
0 4772 14.3234
0 4773 14.3264
0 4774 14.3294
0 4775 14.3323
0 4776 14.3353
0 4777 14.3383
0 4778 14.3413
0 4779 14.3443
0 4780 14.3473
0 4781 14.3502
0 4782 14.3532
0 4783 14.3562
0 4784 14.3592
0 4785 14.3621
0 4786 14.3651
0 4787 14.3681
0 4788 14.3711
0 4789 14.3741
0 4790 14.3771
0 4791 14.38
0 4792 14.383
0 4793 14.386
0 4794 14.389
0 4795 14.392
0 4796 14.3949
0 4797 14.3979
0 4798 14.4009
0 4799 14.4039
0 4800 14.4069
0 4801 14.4098
0 4802 14.4128
0 4803 14.4158
0 4804 14.4188
0 4805 14.4218
0 4806 14.4247
0 4807 14.4277
0 4808 14.4307
0 4809 14.4337
0 4810 14.4367
0 4811 14.4397
0 4812 14.4426
0 4813 14.4456
0 4814 14.4486
0 4815 14.4516
0 4816 14.4545
0 4817 14.4575
0 4818 14.4605
0 4819 14.4635
0 4820 14.4665
0 4821 14.4695
0 4822 14.4724
0 4823 14.4754
0 4824 14.4784
0 4825 14.4814
0 4826 14.4844
0 4827 14.4873
0 4828 14.4903
0 4829 14.4933
0 4830 14.4963
0 4831 14.4993
0 4832 14.5022
0 4833 14.5052
0 4834 14.5082
0 4835 14.5112
0 4836 14.5142
0 4837 14.5171
0 4838 14.5201
0 4839 14.5231
0 4840 14.5261
0 4841 14.5291
0 4842 14.532
0 4843 14.535
0 4844 14.538
0 4845 14.541
0 4846 14.544
0 4847 14.547
0 4848 14.5499
0 4849 14.5529
0 4850 14.5559
0 4851 14.5589
0 4852 14.5618
0 4853 14.5648
0 4854 14.5678
0 4855 14.5708
0 4856 14.5738
0 4857 14.5768
0 4858 14.5797
0 4859 14.5827
0 4860 14.5857
0 4861 14.5887
0 4862 14.5917
0 4863 14.5946
0 4864 14.5976
0 4865 14.6006
0 4866 14.6036
0 4867 14.6066
0 4868 14.6095
0 4869 14.6125
0 4870 14.6155
0 4871 14.6185
0 4872 14.6215
0 4873 14.6244
0 4874 14.6274
0 4875 14.6304
0 4876 14.6334
0 4877 14.6364
0 4878 14.6394
0 4879 14.6423
0 4880 14.6453
0 4881 14.6483
0 4882 14.6513
0 4883 14.6542
0 4884 14.6572
0 4885 14.6602
0 4886 14.6632
0 4887 14.6662
0 4888 14.6692
0 4889 14.6721
0 4890 14.6751
0 4891 14.6781
0 4892 14.6811
0 4893 14.6841
0 4894 14.687
0 4895 14.69
0 4896 14.693
0 4897 14.696
0 4898 14.699
0 4899 14.7019
0 4900 14.7049
0 4901 14.7079
0 4902 14.7109
0 4903 14.7139
0 4904 14.7168
0 4905 14.7198
0 4906 14.7228
0 4907 14.7258
0 4908 14.7288
0 4909 14.7317
0 4910 14.7347
0 4911 14.7377
0 4912 14.7407
0 4913 14.7437
0 4914 14.7467
0 4915 14.7496
0 4916 14.7526
0 4917 14.7556
0 4918 14.7586
0 4919 14.7615
0 4920 14.7645
0 4921 14.7675
0 4922 14.7705
0 4923 14.7735
0 4924 14.7765
0 4925 14.7794
0 4926 14.7824
0 4927 14.7854
0 4928 14.7884
0 4929 14.7914
0 4930 14.7943
0 4931 14.7973
0 4932 14.8003
0 4933 14.8033
0 4934 14.8063
0 4935 14.8092
0 4936 14.8122
0 4937 14.8152
0 4938 14.8182
0 4939 14.8212
0 4940 14.8241
0 4941 14.8271
0 4942 14.8301
0 4943 14.8331
0 4944 14.8361
0 4945 14.8391
0 4946 14.842
0 4947 14.845
0 4948 14.848
0 4949 14.851
0 4950 14.8539
0 4951 14.8569
0 4952 14.8599
0 4953 14.8629
0 4954 14.8659
0 4955 14.8689
0 4956 14.8718
0 4957 14.8748
0 4958 14.8778
0 4959 14.8808
0 4960 14.8838
0 4961 14.8867
0 4962 14.8897
0 4963 14.8927
0 4964 14.8957
0 4965 14.8987
0 4966 14.9016
0 4967 14.9046
0 4968 14.9076
0 4969 14.9106
0 4970 14.9136
0 4971 14.9165
0 4972 14.9195
0 4973 14.9225
0 4974 14.9255
0 4975 14.9285
0 4976 14.9314
0 4977 14.9344
0 4978 14.9374
0 4979 14.9404
0 4980 14.9434
0 4981 14.9464
0 4982 14.9493
0 4983 14.9523
0 4984 14.9553
0 4985 14.9583
0 4986 14.9612
0 4987 14.9642
0 4988 14.9672
0 4989 14.9702
0 4990 14.9732
0 4991 14.9762
0 4992 14.9791
0 4993 14.9821
0 4994 14.9851
0 4995 14.9881
0 4996 14.9911
0 4997 14.994
0 4998 14.997
0 4999 15
