1  0.00153809 
1.05  0.00149956 
1.1  0.00146379 
1.15  0.00143047 
1.2  0.00139931 
1.25  0.00137011 
1.3  0.00134266 
1.35  0.0013168 
1.4  0.00129238 
1.45  0.00126926 
1.5  0.00124735 
1.55  0.00122653 
1.6  0.00120672 
1.65  0.00118783 
1.7  0.00116981 
1.75  0.00115259 
1.8  0.0011361 
1.85  0.0011203 
1.9  0.00110514 
1.95  0.00109058 
2  0.00107658 
2.05  0.00106311 
2.1  0.00105013 
2.15  0.00103761 
2.2  0.00102553 
2.25  0.00101387 
2.3  0.00100259 
2.35  0.000991681 
2.4  0.000981121 
2.45  0.00097089 
2.5  0.000960973 
2.55  0.000951354 
2.6  0.000942018 
2.65  0.000932951 
2.7  0.000924141 
2.75  0.000915576 
2.8  0.000907246 
2.85  0.000899138 
2.9  0.000891244 
2.95  0.000883554 
3  0.00087606 
3.05  0.000868753 
3.1  0.000861626 
3.15  0.000854672 
3.2  0.000847883 
3.25  0.000841254 
3.3  0.000834777 
3.35  0.000828448 
3.4  0.000822261 
3.45  0.00081621 
3.5  0.000810291 
3.55  0.000804499 
3.6  0.00159211 
3.65  0.000787841 
3.7  0.000782514 
3.75  0.000777293 
3.8  0.000772176 
3.85  0.000767159 
3.9  0.000762238 
3.95  0.00075741 
4  0.000752673 
4.05  0.000748024 
4.1  0.00074346 
4.15  0.000738978 
4.2  0.000734577 
4.25  0.000730253 
4.3  0.000726005 
4.35  0.00072183 
4.4  0.000717726 
4.45  0.000713692 
4.5  0.000709724 
4.55  0.000705822 
4.6  0.000701984 
4.65  0.000698208 
4.7  0.000694492 
4.75  0.000690835 
4.8  0.000687234 
4.85  0.00068369 
4.9  0.0006802 
4.95  0.000676763 
5  0.000673377 
5.05  0.000670042 
5.1  0.000666756 
5.15  0.000663517 
5.2  0.000660326 
5.25  0.000657179 
5.3  0.000654078 
5.35  0.00065102 
5.4  0.000648005 
5.45  0.000645031 
5.5  0.000642097 
5.55  0.000639203 
5.6  0.000636348 
5.65  0.000633531 
5.7  0.000630751 
5.75  0.000628008 
5.8  0.0006253 
5.85  0.000622626 
5.9  0.000619987 
5.95  0.00061738 
6  0.000614807 
6.05  0.000612265 
6.1  0.000609755 
6.15  0.000607275 
6.2  0.000604825 
6.25  0.000602405 
6.3  0.000600013 
6.35  0.00059765 
6.4  0.000595315 
6.45  0.000593006 
6.5  0.000590724 
6.55  0.000588469 
6.6  0.000586239 
6.65  0.000584034 
6.7  0.000581854 
6.75  0.000579698 
6.8  0.000577566 
6.85  0.000575457 
6.9  0.000573371 
6.95  0.000571308 
7  0.000569267 
7.05  0.000567247 
7.1  0.000565249 
7.15  0.000563272 
7.2  0.000561315 
7.25  0.000559379 
7.3  0.000557463 
7.35  0.000555566 
7.4  0.000553688 
7.45  0.00055183 
7.5  0.000549989 
7.55  0.000548168 
7.6  0.000546364 
7.65  0.000544578 
7.7  0.000542809 
7.75  0.000541057 
7.8  0.000539323 
7.85  0.000537604 
7.9  0.000535902 
7.95  0.000534217 
8  0.000532547 
8.05  0.000530892 
8.1  0.000529253 
8.15  0.000527629 
8.2  0.00052602 
8.25  0.000524425 
8.3  0.000522845 
8.35  0.000521279 
8.4  0.000519727 
8.45  0.000518189 
8.5  0.000516665 
8.55  0.000515153 
8.6  0.000513655 
8.65  0.00051217 
8.7  0.000510698 
8.75  0.000509239 
8.8  0.00101415 
8.85  0.000504934 
8.9  0.000503523 
8.95  0.000502124 
9  0.000500736 
9.05  0.00049936 
9.1  0.000497995 
9.15  0.000496642 
9.2  0.000495299 
9.25  0.000493967 
9.3  0.000492646 
9.35  0.000491335 
9.4  0.000490035 
9.45  0.000488745 
9.5  0.000487465 
9.55  0.000486196 
9.6  0.000484936 
9.65  0.000483686 
9.7  0.000482445 
9.75  0.000481214 
9.8  0.000479992 
9.85  0.00047878 
9.9  0.000477576 
9.95  0.000476382 
10  0.000475197 
10.05  0.00047402 
10.1  0.000472852 
10.15  0.000471693 
10.2  0.000470542 
10.25  0.0004694 
10.3  0.000468266 
10.35  0.00046714 
10.4  0.000466022 
10.45  0.000464912 
10.5  0.00046381 
10.55  0.000462716 
10.6  0.00046163 
10.65  0.000460551 
10.7  0.000459479 
10.75  0.000458415 
10.8  0.000457359 
10.85  0.000456309 
10.9  0.000455268 
10.95  0.000454232 
11  0.000453205 
11.05  0.000452183 
11.1  0.00045117 
11.15  0.000450162 
11.2  0.000449162 
11.25  0.000448167 
11.3  0.00044718 
11.35  0.000446199 
11.4  0.000445225 
11.45  0.000444257 
11.5  0.000443295 
11.55  0.000442339 
11.6  0.00044139 
11.65  0.000440447 
11.7  0.000439509 
11.75  0.000438578 
11.8  0.000437652 
11.85  0.000436733 
11.9  0.000435819 
11.95  0.000434911 
12  0.000434008 
12.05  0.000433111 
12.1  0.00043222 
12.15  0.000431334 
12.2  0.000430453 
12.25  0.000429578 
12.3  0.000428708 
12.35  0.000427844 
12.4  0.000426984 
12.45  0.00042613 
12.5  0.000425282 
12.55  0.000424437 
12.6  0.000423599 
12.65  0.000422764 
12.7  0.000421935 
12.75  0.000421111 
12.8  0.000420292 
12.85  0.000419477 
12.9  0.000418667 
12.95  0.000417861 
13  0.000417061 
13.05  0.000416265 
13.1  0.000415473 
13.15  0.000414686 
13.2  0.000413904 
13.25  0.000413125 
13.3  0.000412352 
13.35  0.000411582 
13.4  0.000410817 
13.45  0.000410056 
13.5  0.000409299 
13.55  0.000408547 
13.6  0.000407798 
13.65  0.000407054 
13.7  0.000406314 
13.75  0.000405578 
13.8  0.000404845 
13.85  0.000404117 
13.9  0.000403393 
13.95  0.000402672 
14  0.000401955 
14.05  0.000801776 
14.1  0.000399828 
14.15  0.000399127 
14.2  0.000398429 
14.25  0.000397734 
14.3  0.000397044 
14.35  0.000396357 
14.4  0.000395673 
14.45  0.000394993 
14.5  0.000394317 
14.55  0.000393644 
14.6  0.000392974 
14.65  0.000392308 
14.7  0.000391645 
14.75  0.000390986 
14.8  0.00039033 
14.85  0.000389677 
14.9  0.000389027 
14.95  0.000388381 
15  0.000387738 
15.05  0.000387098 
15.1  0.000386461 
15.15  0.000385827 
15.2  0.000385197 
15.25  0.000384569 
15.3  0.000383945 
15.35  0.000383324 
15.4  0.000382705 
15.45  0.00038209 
15.5  0.000381477 
15.55  0.000380868 
15.6  0.000380261 
15.65  0.000379657 
15.7  0.000379057 
15.75  0.000378459 
15.8  0.000377864 
15.85  0.000377271 
15.9  0.000376682 
15.95  0.000376095 
16  0.000375511 
16.05  0.000374929 
16.1  0.000374351 
16.15  0.000373774 
16.2  0.000373201 
16.25  0.00037263 
16.3  0.000372062 
16.35  0.000371497 
16.4  0.000370934 
16.45  0.000370373 
16.5  0.000369815 
16.55  0.00036926 
16.6  0.000368707 
16.65  0.000368157 
16.7  0.000367609 
16.75  0.000367063 
16.8  0.00036652 
16.85  0.00036598 
16.9  0.000365441 
16.95  0.000364905 
17  0.000364372 
17.05  0.000363841 
17.1  0.000363312 
17.15  0.000362785 
17.2  0.000362261 
17.25  0.000361739 
17.3  0.000361219 
17.35  0.000360701 
17.4  0.000360186 
17.45  0.000359673 
17.5  0.000359162 
17.55  0.000358653 
17.6  0.000358146 
17.65  0.000357642 
17.7  0.000357139 
17.75  0.000356639 
17.8  0.000356141 
17.85  0.000355645 
17.9  0.000355151 
17.95  0.000354659 
18  0.000354169 
18.05  0.000353681 
18.1  0.000353195 
18.15  0.000352711 
18.2  0.000352229 
18.25  0.000351749 
18.3  0.000351271 
18.35  0.000350795 
18.4  0.000350321 
18.45  0.000349849 
18.5  0.000349379 
18.55  0.00034891 
18.6  0.000348444 
18.65  0.000347979 
18.7  0.000347516 
18.75  0.000347055 
18.8  0.000346596 
18.85  0.000346139 
18.9  0.000345683 
18.95  0.00034523 
19  0.000344777 
19.05  0.000344327 
19.1  0.000343879 
19.15  0.000343432 
19.2  0.000342987 
19.25  0.000684647 
19.3  0.000341663 
19.35  0.000341225 
19.4  0.000340788 
19.45  0.000340354 
19.5  0.000339921 
19.55  0.000339489 
19.6  0.000339059 
19.65  0.000338631 
19.7  0.000338205 
19.75  0.00033778 
19.8  0.000337356 
19.85  0.000336935 
19.9  0.000336514 
19.95  0.000336096 
20  0.000335679 
20.05  0.000335263 
20.1  0.000334849 
20.15  0.000334437 
20.2  0.000334026 
20.25  0.000333617 
20.3  0.000333209 
20.35  0.000332802 
20.4  0.000332397 
20.45  0.000331994 
20.5  0.000331592 
20.55  0.000331191 
20.6  0.000330792 
20.65  0.000330395 
20.7  0.000329998 
20.75  0.000329604 
20.8  0.00032921 
20.85  0.000328818 
20.9  0.000328428 
20.95  0.000328038 
21  0.000327651 
21.05  0.000327264 
21.1  0.000326879 
21.15  0.000326495 
21.2  0.000326113 
21.25  0.000325732 
21.3  0.000325352 
21.35  0.000324974 
21.4  0.000324597 
21.45  0.000324221 
21.5  0.000323847 
21.55  0.000323474 
21.6  0.000323102 
21.65  0.000322731 
21.7  0.000322362 
21.75  0.000321994 
21.8  0.000321627 
21.85  0.000321262 
21.9  0.000320897 
21.95  0.000320534 
22  0.000320172 
22.05  0.000319812 
22.1  0.000319452 
22.15  0.000319094 
22.2  0.000318737 
22.25  0.000318382 
22.3  0.000318027 
22.35  0.000317674 
22.4  0.000317321 
22.45  0.00031697 
22.5  0.00031662 
22.55  0.000316272 
22.6  0.000315924 
22.65  0.000315577 
22.7  0.000315232 
22.75  0.000314888 
22.8  0.000314545 
22.85  0.000314203 
22.9  0.000313862 
22.95  0.000313522 
23  0.000313184 
23.05  0.000312846 
23.1  0.00031251 
23.15  0.000312174 
23.2  0.00031184 
23.25  0.000311507 
23.3  0.000311175 
23.35  0.000310844 
23.4  0.000310514 
23.45  0.000310185 
23.5  0.000309857 
23.55  0.00030953 
23.6  0.000309204 
23.65  0.000308879 
23.7  0.000308556 
23.75  0.000308233 
23.8  0.000307911 
23.85  0.00030759 
23.9  0.00030727 
23.95  0.000306952 
24  0.000306634 
24.05  0.000306317 
24.1  0.000306001 
24.15  0.000305686 
24.2  0.000305372 
24.25  0.00030506 
24.3  0.000304748 
24.35  0.000304437 
24.4  0.000304126 
24.45  0.000607327 
24.5  0.000303202 
24.55  0.000302896 
24.6  0.00030259 
24.65  0.000302286 
24.7  0.000301982 
24.75  0.00030168 
24.8  0.000301378 
24.85  0.000301077 
24.9  0.000300777 
24.95  0.000300478 
25  0.00030018 
25.05  0.000299883 
25.1  0.000299586 
25.15  0.000299291 
25.2  0.000298996 
25.25  0.000298703 
25.3  0.00029841 
25.35  0.000298118 
25.4  0.000297827 
25.45  0.000297536 
25.5  0.000297247 
25.55  0.000296958 
25.6  0.00029667 
25.65  0.000296383 
25.7  0.000296097 
25.75  0.000295812 
25.8  0.000295528 
25.85  0.000295244 
25.9  0.000294961 
25.95  0.000294679 
26  0.000294398 
26.05  0.000294117 
26.1  0.000293838 
26.15  0.000293559 
26.2  0.000293281 
26.25  0.000293004 
26.3  0.000292727 
26.35  0.000292452 
26.4  0.000292177 
26.45  0.000291903 
26.5  0.000291629 
26.55  0.000291357 
26.6  0.000291085 
26.65  0.000290814 
26.7  0.000290544 
26.75  0.000290274 
26.8  0.000290005 
26.85  0.000289737 
26.9  0.00028947 
26.95  0.000289203 
27  0.000288937 
27.05  0.000288672 
27.1  0.000288408 
27.15  0.000288144 
27.2  0.000287881 
27.25  0.000287619 
27.3  0.000287358 
27.35  0.000287097 
27.4  0.000286837 
27.45  0.000286577 
27.5  0.000286319 
27.55  0.000286061 
27.6  0.000285803 
27.65  0.000285547 
27.7  0.000285291 
27.75  0.000285036 
27.8  0.000284781 
27.85  0.000284527 
27.9  0.000284274 
27.95  0.000284022 
28  0.00028377 
28.05  0.000283519 
28.1  0.000283268 
28.15  0.000283019 
28.2  0.000282769 
28.25  0.000282521 
28.3  0.000282273 
28.35  0.000282026 
28.4  0.000281779 
28.45  0.000281533 
28.5  0.000281288 
28.55  0.000281043 
28.6  0.0002808 
28.65  0.000280556 
28.7  0.000280313 
28.75  0.000280071 
28.8  0.00027983 
28.85  0.000279589 
28.9  0.000279349 
28.95  0.000279109 
29  0.00027887 
29.05  0.000278632 
29.1  0.000278394 
29.15  0.000278157 
29.2  0.00027792 
29.25  0.000277684 
29.3  0.000277449 
29.35  0.000277214 
29.4  0.00027698 
29.45  0.000276747 
29.5  0.000276514 
29.55  0.000276281 
29.6  0.000276049 
29.65  0.000551406 
29.7  0.000275358 
29.75  0.000275128 
29.8  0.000274899 
29.85  0.000274671 
29.9  0.000274443 
29.95  0.000274216 
30  0.000273989 
30.05  0.000273763 
30.1  0.000273538 
30.15  0.000273313 
30.2  0.000273088 
30.25  0.000272864 
30.3  0.000272641 
30.35  0.000272418 
30.4  0.000272196 
30.45  0.000271974 
30.5  0.000271753 
30.55  0.000271533 
30.6  0.000271312 
30.65  0.000271093 
30.7  0.000270874 
30.75  0.000270656 
30.8  0.000270438 
30.85  0.00027022 
30.9  0.000270003 
30.95  0.000269787 
31  0.000269571 
31.05  0.000269356 
31.1  0.000269141 
31.15  0.000268927 
31.2  0.000268713 
31.25  0.0002685 
31.3  0.000268287 
31.35  0.000268074 
31.4  0.000267863 
31.45  0.000267651 
31.5  0.000267441 
31.55  0.00026723 
31.6  0.000267021 
31.65  0.000266811 
31.7  0.000266603 
31.75  0.000266394 
31.8  0.000266186 
31.85  0.000265979 
31.9  0.000265772 
31.95  0.000265566 
32  0.00026536 
32.05  0.000265155 
32.1  0.00026495 
32.15  0.000264745 
32.2  0.000264541 
32.25  0.000264338 
32.3  0.000264135 
32.35  0.000263932 
32.4  0.00026373 
32.45  0.000263528 
32.5  0.000263327 
32.55  0.000263126 
32.6  0.000262926 
32.65  0.000262726 
32.7  0.000262527 
32.75  0.000262328 
32.8  0.00026213 
32.85  0.000261932 
32.9  0.000261734 
32.95  0.000261537 
33  0.00026134 
33.05  0.000261144 
33.1  0.000260948 
33.15  0.000260753 
33.2  0.000260558 
33.25  0.000260364 
33.3  0.00026017 
33.35  0.000259976 
33.4  0.000259783 
33.45  0.00025959 
33.5  0.000259398 
33.55  0.000259206 
33.6  0.000259015 
33.65  0.000258823 
33.7  0.000258633 
33.75  0.000258443 
33.8  0.000258253 
33.85  0.000258064 
33.9  0.000257875 
33.95  0.000257686 
34  0.000257498 
34.05  0.00025731 
34.1  0.000257123 
34.15  0.000256936 
34.2  0.00025675 
34.25  0.000256564 
34.3  0.000256378 
34.35  0.000256193 
34.4  0.000256008 
34.45  0.000255823 
34.5  0.000255639 
34.55  0.000255456 
34.6  0.000255272 
34.65  0.00025509 
34.7  0.000254907 
34.75  0.000254725 
34.8  0.000254543 
34.85  0.000508543 
34.9  0.000254 
34.95  0.00025382 
35  0.00025364 
35.05  0.000253461 
35.1  0.000253282 
35.15  0.000253103 
35.2  0.000252925 
35.25  0.000252747 
35.3  0.00025257 
35.35  0.000252393 
35.4  0.000252216 
35.45  0.00025204 
35.5  0.000251864 
35.55  0.000251688 
35.6  0.000251513 
35.65  0.000251338 
35.7  0.000251163 
35.75  0.000250989 
35.8  0.000250815 
35.85  0.000250642 
35.9  0.000250468 
35.95  0.000250296 
36  0.000250123 
36.05  0.000249951 
36.1  0.00024978 
36.15  0.000249608 
36.2  0.000249437 
36.25  0.000249267 
36.3  0.000249096 
36.35  0.000248926 
36.4  0.000248757 
36.45  0.000248588 
36.5  0.000248419 
36.55  0.00024825 
36.6  0.000248082 
36.65  0.000247914 
36.7  0.000247747 
36.75  0.000247579 
36.8  0.000247413 
36.85  0.000247246 
36.9  0.00024708 
36.95  0.000246914 
37  0.000246749 
37.05  0.000246583 
37.1  0.000246419 
37.15  0.000246254 
37.2  0.00024609 
37.25  0.000245926 
37.3  0.000245763 
37.35  0.000245599 
37.4  0.000245436 
37.45  0.000245274 
37.5  0.000245112 
37.55  0.00024495 
37.6  0.000244788 
37.65  0.000244627 
37.7  0.000244466 
37.75  0.000244305 
37.8  0.000244145 
37.85  0.000243985 
37.9  0.000243825 
37.95  0.000243666 
38  0.000243507 
38.05  0.000243348 
38.1  0.00024319 
38.15  0.000243032 
38.2  0.000242874 
38.25  0.000242716 
38.3  0.000242559 
38.35  0.000242402 
38.4  0.000242245 
38.45  0.000242089 
38.5  0.000241933 
38.55  0.000241777 
38.6  0.000241622 
38.65  0.000241467 
38.7  0.000241312 
38.75  0.000241158 
38.8  0.000241003 
38.85  0.00024085 
38.9  0.000240696 
38.95  0.000240543 
39  0.00024039 
39.05  0.000240237 
39.1  0.000240084 
39.15  0.000239932 
39.2  0.00023978 
39.25  0.000239629 
39.3  0.000239478 
39.35  0.000239326 
39.4  0.000239176 
39.45  0.000239025 
39.5  0.000238875 
39.55  0.000238725 
39.6  0.000238576 
39.65  0.000238426 
39.7  0.000238277 
39.75  0.000238129 
39.8  0.00023798 
39.85  0.000237832 
39.9  0.000237684 
39.95  0.000237536 
40  0.000237389 
40.05  0.000237242 
40.1  0.000474044 
40.15  0.000236802 
40.2  0.000236656 
40.25  0.000236511 
40.3  0.000236365 
40.35  0.00023622 
40.4  0.000236075 
40.45  0.00023593 
40.5  0.000235786 
40.55  0.000235642 
40.6  0.000235498 
40.65  0.000235354 
40.7  0.000235211 
40.75  0.000235068 
40.8  0.000234925 
40.85  0.000234783 
40.9  0.00023464 
40.95  0.000234498 
41  0.000234356 
41.05  0.000234215 
41.1  0.000234074 
41.15  0.000233933 
41.2  0.000233792 
41.25  0.000233651 
41.3  0.000233511 
41.35  0.000233371 
41.4  0.000233231 
41.45  0.000233092 
41.5  0.000232953 
41.55  0.000232814 
41.6  0.000232675 
41.65  0.000232536 
41.7  0.000232398 
41.75  0.00023226 
41.8  0.000232122 
41.85  0.000231985 
41.9  0.000231847 
41.95  0.00023171 
42  0.000231574 
42.05  0.000231437 
42.1  0.000231301 
42.15  0.000231165 
42.2  0.000231029 
42.25  0.000230893 
42.3  0.000230758 
42.35  0.000230623 
42.4  0.000230488 
42.45  0.000230353 
42.5  0.000230219 
42.55  0.000230085 
42.6  0.000229951 
42.65  0.000229817 
42.7  0.000229684 
42.75  0.00022955 
42.8  0.000229417 
42.85  0.000229285 
42.9  0.000229152 
42.95  0.00022902 
43  0.000228888 
43.05  0.000228756 
43.1  0.000228624 
43.15  0.000228493 
43.2  0.000228362 
43.25  0.000228231 
43.3  0.0002281 
43.35  0.000227969 
43.4  0.000227839 
43.45  0.000227709 
43.5  0.000227579 
43.55  0.00022745 
43.6  0.00022732 
43.65  0.000227191 
43.7  0.000227062 
43.75  0.000226933 
43.8  0.000226805 
43.85  0.000226677 
43.9  0.000226549 
43.95  0.000226421 
44  0.000226293 
44.05  0.000226166 
44.1  0.000226038 
44.15  0.000225911 
44.2  0.000225785 
44.25  0.000225658 
44.3  0.000225532 
44.35  0.000225406 
44.4  0.00022528 
44.45  0.000225154 
44.5  0.000225028 
44.55  0.000224903 
44.6  0.000224778 
44.65  0.000224653 
44.7  0.000224528 
44.75  0.000224404 
44.8  0.00022428 
44.85  0.000224156 
44.9  0.000224032 
44.95  0.000223908 
45  0.000223785 
45.05  0.000223661 
45.1  0.000223538 
45.15  0.000223416 
45.2  0.000223293 
45.25  0.000223171 
45.3  0.000445975 
45.35  0.000222804 
45.4  0.000222683 
45.45  0.000222561 
45.5  0.00022244 
45.55  0.000222319 
45.6  0.000222198 
45.65  0.000222078 
45.7  0.000221957 
45.75  0.000221837 
45.8  0.000221717 
45.85  0.000221597 
45.9  0.000221477 
45.95  0.000221358 
46  0.000221239 
46.05  0.00022112 
46.1  0.000221001 
46.15  0.000220882 
46.2  0.000220764 
46.25  0.000220645 
46.3  0.000220527 
46.35  0.000220409 
46.4  0.000220291 
46.45  0.000220174 
46.5  0.000220056 
46.55  0.000219939 
46.6  0.000219822 
46.65  0.000219705 
46.7  0.000219589 
46.75  0.000219472 
46.8  0.000219356 
46.85  0.00021924 
46.9  0.000219124 
46.95  0.000219009 
47  0.000218893 
47.05  0.000218778 
47.1  0.000218663 
47.15  0.000218548 
47.2  0.000218433 
47.25  0.000218318 
47.3  0.000218204 
47.35  0.000218089 
47.4  0.000217975 
47.45  0.000217861 
47.5  0.000217748 
47.55  0.000217634 
47.6  0.000217521 
47.65  0.000217408 
47.7  0.000217295 
47.75  0.000217182 
47.8  0.000217069 
47.85  0.000216957 
47.9  0.000216844 
47.95  0.000216732 
48  0.00021662 
48.05  0.000216509 
48.1  0.000216397 
48.15  0.000216286 
48.2  0.000216174 
48.25  0.000216063 
48.3  0.000215952 
48.35  0.000215842 
48.4  0.000215731 
48.45  0.000215621 
48.5  0.00021551 
48.55  0.0002154 
48.6  0.00021529 
48.65  0.000215181 
48.7  0.000215071 
48.75  0.000214962 
48.8  0.000214852 
48.85  0.000214743 
48.9  0.000214634 
48.95  0.000214526 
49  0.000214417 
49.05  0.000214309 
49.1  0.0002142 
49.15  0.000214092 
49.2  0.000213984 
49.25  0.000213877 
49.3  0.000213769 
49.35  0.000213662 
49.4  0.000213554 
49.45  0.000213447 
49.5  0.00021334 
49.55  0.000213234 
49.6  0.000213127 
49.65  0.00021302 
49.7  0.000212914 
49.75  0.000212808 
49.8  0.000212702 
49.85  0.000212596 
49.9  0.000212491 
49.95  0.000212385 
50  0.00021228 
50.05  0.000212174 
50.1  0.000212069 
50.15  0.000211965 
50.2  0.00021186 
50.25  0.000211755 
50.3  0.000211651 
50.35  0.000211547 
50.4  0.000211442 
50.45  0.000211338 
50.5  0.000422366 
50.55  0.000211027 
50.6  0.000210924 
50.65  0.000210821 
50.7  0.000210718 
50.75  0.000210615 
50.8  0.000210512 
50.85  0.00021041 
50.9  0.000210307 
50.95  0.000210205 
51  0.000210103 
51.05  0.000210001 
51.1  0.000209899 
51.15  0.000209797 
51.2  0.000209696 
51.25  0.000209594 
51.3  0.000209493 
51.35  0.000209392 
51.4  0.000209291 
51.45  0.00020919 
51.5  0.000209089 
51.55  0.000208989 
51.6  0.000208889 
51.65  0.000208788 
51.7  0.000208688 
51.75  0.000208588 
51.8  0.000208488 
51.85  0.000208389 
51.9  0.000208289 
51.95  0.00020819 
52  0.000208091 
52.05  0.000207992 
52.1  0.000207893 
52.15  0.000207794 
52.2  0.000207695 
52.25  0.000207597 
52.3  0.000207498 
52.35  0.0002074 
52.4  0.000207302 
52.45  0.000207204 
52.5  0.000207106 
52.55  0.000207008 
52.6  0.000206911 
52.65  0.000206813 
52.7  0.000206716 
52.75  0.000206619 
52.8  0.000206522 
52.85  0.000206425 
52.9  0.000206328 
52.95  0.000206232 
53  0.000206135 
53.05  0.000206039 
53.1  0.000205943 
53.15  0.000205847 
53.2  0.000205751 
53.25  0.000205655 
53.3  0.000205559 
53.35  0.000205464 
53.4  0.000205368 
53.45  0.000205273 
53.5  0.000205178 
53.55  0.000205083 
53.6  0.000204988 
53.65  0.000204893 
53.7  0.000204799 
53.75  0.000204704 
53.8  0.00020461 
53.85  0.000204516 
53.9  0.000204422 
53.95  0.000204328 
54  0.000204234 
54.05  0.00020414 
54.1  0.000204047 
54.15  0.000203953 
54.2  0.00020386 
54.25  0.000203767 
54.3  0.000203674 
54.35  0.000203581 
54.4  0.000203488 
54.45  0.000203395 
54.5  0.000203303 
54.55  0.00020321 
54.6  0.000203118 
54.65  0.000203026 
54.7  0.000202934 
54.75  0.000202842 
54.8  0.00020275 
54.85  0.000202658 
54.9  0.000202567 
54.95  0.000202476 
55  0.000202384 
55.05  0.000202293 
55.1  0.000202202 
55.15  0.000202111 
55.2  0.00020202 
55.25  0.00020193 
55.3  0.000201839 
55.35  0.000201749 
55.4  0.000201658 
55.45  0.000201568 
55.5  0.000201478 
55.55  0.000201388 
55.6  0.000201298 
55.65  0.000201209 
55.7  0.000402148 
55.75  0.00020094 
55.8  0.000200851 
55.85  0.000200762 
55.9  0.000200673 
55.95  0.000200584 
56  0.000200495 
56.05  0.000200407 
56.1  0.000200318 
56.15  0.00020023 
56.2  0.000200141 
56.25  0.000200053 
56.3  0.000199965 
56.35  0.000199877 
56.4  0.000199789 
56.45  0.000199702 
56.5  0.000199614 
56.55  0.000199527 
56.6  0.000199439 
56.65  0.000199352 
56.7  0.000199265 
56.75  0.000199178 
56.8  0.000199091 
56.85  0.000199004 
56.9  0.000198917 
56.95  0.000198831 
57  0.000198744 
57.05  0.000198658 
57.1  0.000198572 
57.15  0.000198486 
57.2  0.0001984 
57.25  0.000198314 
57.3  0.000198228 
57.35  0.000198142 
57.4  0.000198057 
57.45  0.000197971 
57.5  0.000197886 
57.55  0.000197801 
57.6  0.000197716 
57.65  0.000197631 
57.7  0.000197546 
57.75  0.000197461 
57.8  0.000197376 
57.85  0.000197292 
57.9  0.000197207 
57.95  0.000197123 
58  0.000197039 
58.05  0.000196955 
58.1  0.000196871 
58.15  0.000196787 
58.2  0.000196703 
58.25  0.000196619 
58.3  0.000196535 
58.35  0.000196452 
58.4  0.000196369 
58.45  0.000196285 
58.5  0.000196202 
58.55  0.000196119 
58.6  0.000196036 
58.65  0.000195953 
58.7  0.00019587 
58.75  0.000195788 
58.8  0.000195705 
58.85  0.000195623 
58.9  0.00019554 
58.95  0.000195458 
59  0.000195376 
59.05  0.000195294 
59.1  0.000195212 
59.15  0.00019513 
59.2  0.000195049 
59.25  0.000194967 
59.3  0.000194886 
59.35  0.000194804 
59.4  0.000194723 
59.45  0.000194642 
59.5  0.000194561 
59.55  0.000194479 
59.6  0.000194399 
59.65  0.000194318 
59.7  0.000194237 
59.75  0.000194156 
59.8  0.000194076 
59.85  0.000193996 
59.9  0.000193915 
59.95  0.000193835 
60  0.000193755 
60.05  0.000193675 
60.1  0.000193595 
60.15  0.000193515 
60.2  0.000193436 
60.25  0.000193356 
60.3  0.000193276 
60.35  0.000193197 
60.4  0.000193118 
60.45  0.000193039 
60.5  0.000192959 
60.55  0.00019288 
60.6  0.000192801 
60.65  0.000192723 
60.7  0.000192644 
60.75  0.000192565 
60.8  0.000192487 
60.85  0.000192408 
60.9  0.000384582 
60.95  0.000192174 
61  0.000192095 
61.05  0.000192018 
61.1  0.00019194 
61.15  0.000191862 
61.2  0.000191784 
61.25  0.000191707 
61.3  0.000191629 
61.35  0.000191552 
61.4  0.000191474 
61.45  0.000191397 
61.5  0.00019132 
61.55  0.000191243 
61.6  0.000191166 
61.65  0.000191089 
61.7  0.000191013 
61.75  0.000190936 
61.8  0.000190859 
61.85  0.000190783 
61.9  0.000190706 
61.95  0.00019063 
62  0.000190554 
62.05  0.000190478 
62.1  0.000190402 
62.15  0.000190326 
62.2  0.00019025 
62.25  0.000190174 
62.3  0.000190099 
62.35  0.000190023 
62.4  0.000189948 
62.45  0.000189872 
62.5  0.000189797 
62.55  0.000189722 
62.6  0.000189647 
62.65  0.000189572 
62.7  0.000189497 
62.75  0.000189422 
62.8  0.000189347 
62.85  0.000189273 
62.9  0.000189198 
62.95  0.000189123 
63  0.000189049 
63.05  0.000188975 
63.1  0.0001889 
63.15  0.000188826 
63.2  0.000188752 
63.25  0.000188678 
63.3  0.000188604 
63.35  0.000188531 
63.4  0.000188457 
63.45  0.000188383 
63.5  0.00018831 
63.55  0.000188236 
63.6  0.000188163 
63.65  0.00018809 
63.7  0.000188017 
63.75  0.000187943 
63.8  0.00018787 
63.85  0.000187797 
63.9  0.000187725 
63.95  0.000187652 
64  0.000187579 
64.05  0.000187507 
64.1  0.000187434 
64.15  0.000187362 
64.2  0.000187289 
64.25  0.000187217 
64.3  0.000187145 
64.35  0.000187073 
64.4  0.000187001 
64.45  0.000186929 
64.5  0.000186857 
64.55  0.000186785 
64.6  0.000186714 
64.65  0.000186642 
64.7  0.00018657 
64.75  0.000186499 
64.8  0.000186428 
64.85  0.000186356 
64.9  0.000186285 
64.95  0.000186214 
65  0.000186143 
65.05  0.000186072 
65.1  0.000186001 
65.15  0.00018593 
65.2  0.00018586 
65.25  0.000185789 
65.3  0.000185719 
65.35  0.000185648 
65.4  0.000185578 
65.45  0.000185507 
65.5  0.000185437 
65.55  0.000185367 
65.6  0.000185297 
65.65  0.000185227 
65.7  0.000185157 
65.75  0.000185087 
65.8  0.000185018 
65.85  0.000184948 
65.9  0.000184878 
65.95  0.000184809 
66  0.000184739 
66.05  0.00018467 
66.1  0.000184601 
66.15  0.000368994 
66.2  0.000184394 
66.25  0.000184325 
66.3  0.000184256 
66.35  0.000184187 
66.4  0.000184118 
66.45  0.000184049 
66.5  0.000183981 
66.55  0.000183912 
66.6  0.000183844 
66.65  0.000183776 
66.7  0.000183707 
66.75  0.000183639 
66.8  0.000183571 
66.85  0.000183503 
66.9  0.000183435 
66.95  0.000183367 
67  0.000183299 
67.05  0.000183232 
67.1  0.000183164 
67.15  0.000183096 
67.2  0.000183029 
67.25  0.000182961 
67.3  0.000182894 
67.35  0.000182827 
67.4  0.000182759 
67.45  0.000182692 
67.5  0.000182625 
67.55  0.000182558 
67.6  0.000182491 
67.65  0.000182425 
67.7  0.000182358 
67.75  0.000182291 
67.8  0.000182224 
67.85  0.000182158 
67.9  0.000182091 
67.95  0.000182025 
68  0.000181959 
68.05  0.000181892 
68.1  0.000181826 
68.15  0.00018176 
68.2  0.000181694 
68.25  0.000181628 
68.3  0.000181562 
68.35  0.000181496 
68.4  0.000181431 
68.45  0.000181365 
68.5  0.000181299 
68.55  0.000181234 
68.6  0.000181168 
68.65  0.000181103 
68.7  0.000181037 
68.75  0.000180972 
68.8  0.000180907 
68.85  0.000180842 
68.9  0.000180777 
68.95  0.000180712 
69  0.000180647 
69.05  0.000180582 
69.1  0.000180517 
69.15  0.000180453 
69.2  0.000180388 
69.25  0.000180323 
69.3  0.000180259 
69.35  0.000180194 
69.4  0.00018013 
69.45  0.000180066 
69.5  0.000180002 
69.55  0.000179937 
69.6  0.000179873 
69.65  0.000179809 
69.7  0.000179745 
69.75  0.000179682 
69.8  0.000179618 
69.85  0.000179554 
69.9  0.00017949 
69.95  0.000179427 
70  0.000179363 
70.05  0.0001793 
70.1  0.000179236 
70.15  0.000179173 
70.2  0.00017911 
70.25  0.000179046 
70.3  0.000178983 
70.35  0.00017892 
70.4  0.000178857 
70.45  0.000178794 
70.5  0.000178731 
70.55  0.000178669 
70.6  0.000178606 
70.65  0.000178543 
70.7  0.000178481 
70.75  0.000178418 
70.8  0.000178356 
70.85  0.000178293 
70.9  0.000178231 
70.95  0.000178169 
71  0.000178106 
71.05  0.000178044 
71.1  0.000177982 
71.15  0.00017792 
71.2  0.000177858 
71.25  0.000177796 
71.3  0.000177734 
71.35  0.000355284 
71.4  0.000177549 
71.45  0.000177488 
71.5  0.000177426 
71.55  0.000177365 
71.6  0.000177303 
71.65  0.000177242 
71.7  0.000177181 
71.75  0.00017712 
71.8  0.000177059 
71.85  0.000176998 
71.9  0.000176937 
71.95  0.000176876 
72  0.000176815 
72.05  0.000176754 
72.1  0.000176693 
72.15  0.000176633 
72.2  0.000176572 
72.25  0.000176511 
72.3  0.000176451 
72.35  0.00017639 
72.4  0.00017633 
72.45  0.00017627 
72.5  0.00017621 
72.55  0.000176149 
72.6  0.000176089 
72.65  0.000176029 
72.7  0.000175969 
72.75  0.000175909 
72.8  0.000175849 
72.85  0.00017579 
72.9  0.00017573 
72.95  0.00017567 
73  0.00017561 
73.05  0.000175551 
73.1  0.000175491 
73.15  0.000175432 
73.2  0.000175373 
73.25  0.000175313 
73.3  0.000175254 
73.35  0.000175195 
73.4  0.000175136 
73.45  0.000175076 
73.5  0.000175017 
73.55  0.000174958 
73.6  0.0001749 
73.65  0.000174841 
73.7  0.000174782 
73.75  0.000174723 
73.8  0.000174665 
73.85  0.000174606 
73.9  0.000174547 
73.95  0.000174489 
74  0.00017443 
74.05  0.000174372 
74.1  0.000174314 
74.15  0.000174255 
74.2  0.000174197 
74.25  0.000174139 
74.3  0.000174081 
74.35  0.000174023 
74.4  0.000173965 
74.45  0.000173907 
74.5  0.000173849 
74.55  0.000173791 
74.6  0.000173734 
74.65  0.000173676 
74.7  0.000173618 
74.75  0.000173561 
74.8  0.000173503 
74.85  0.000173446 
74.9  0.000173388 
74.95  0.000173331 
75  0.000173274 
75.05  0.000173217 
75.1  0.000173159 
75.15  0.000173102 
75.2  0.000173045 
75.25  0.000172988 
75.3  0.000172931 
75.35  0.000172874 
75.4  0.000172818 
75.45  0.000172761 
75.5  0.000172704 
75.55  0.000172647 
75.6  0.000172591 
75.65  0.000172534 
75.7  0.000172478 
75.75  0.000172421 
75.8  0.000172365 
75.85  0.000172309 
75.9  0.000172252 
75.95  0.000172196 
76  0.00017214 
76.05  0.000172084 
76.1  0.000172028 
76.15  0.000171972 
76.2  0.000171916 
76.25  0.00017186 
76.3  0.000171804 
76.35  0.000171748 
76.4  0.000171693 
76.45  0.000171637 
76.5  0.000171581 
76.55  0.000342996 
76.6  0.000171415 
76.65  0.000171359 
76.7  0.000171304 
76.75  0.000171249 
76.8  0.000171194 
76.85  0.000171138 
76.9  0.000171083 
76.95  0.000171028 
77  0.000170973 
77.05  0.000170918 
77.1  0.000170863 
77.15  0.000170808 
77.2  0.000170753 
77.25  0.000170699 
77.3  0.000170644 
77.35  0.000170589 
77.4  0.000170535 
77.45  0.00017048 
77.5  0.000170426 
77.55  0.000170371 
77.6  0.000170317 
77.65  0.000170262 
77.7  0.000170208 
77.75  0.000170154 
77.8  0.0001701 
77.85  0.000170046 
77.9  0.000169992 
77.95  0.000169937 
78  0.000169883 
78.05  0.00016983 
78.1  0.000169776 
78.15  0.000169722 
78.2  0.000169668 
78.25  0.000169614 
78.3  0.000169561 
78.35  0.000169507 
78.4  0.000169453 
78.45  0.0001694 
78.5  0.000169346 
78.55  0.000169293 
78.6  0.00016924 
78.65  0.000169186 
78.7  0.000169133 
78.75  0.00016908 
78.8  0.000169027 
78.85  0.000168974 
78.9  0.00016892 
78.95  0.000168867 
79  0.000168814 
79.05  0.000168762 
79.1  0.000168709 
79.15  0.000168656 
79.2  0.000168603 
79.25  0.00016855 
79.3  0.000168498 
79.35  0.000168445 
79.4  0.000168393 
79.45  0.00016834 
79.5  0.000168288 
79.55  0.000168235 
79.6  0.000168183 
79.65  0.00016813 
79.7  0.000168078 
79.75  0.000168026 
79.8  0.000167974 
79.85  0.000167922 
79.9  0.000167869 
79.95  0.000167817 
80  0.000167765 
80.05  0.000167713 
80.1  0.000167662 
80.15  0.00016761 
80.2  0.000167558 
80.25  0.000167506 
80.3  0.000167455 
80.35  0.000167403 
80.4  0.000167351 
80.45  0.0001673 
80.5  0.000167248 
80.55  0.000167197 
80.6  0.000167145 
80.65  0.000167094 
80.7  0.000167043 
80.75  0.000166991 
80.8  0.00016694 
80.85  0.000166889 
80.9  0.000166838 
80.95  0.000166787 
81  0.000166736 
81.05  0.000166685 
81.1  0.000166634 
81.15  0.000166583 
81.2  0.000166532 
81.25  0.000166481 
81.3  0.00016643 
81.35  0.00016638 
81.4  0.000166329 
81.45  0.000166278 
81.5  0.000166228 
81.55  0.000166177 
81.6  0.000166127 
81.65  0.000166076 
81.7  0.000166026 
81.75  0.000331901 
81.8  0.000165875 
81.85  0.000165825 
81.9  0.000165775 
81.95  0.000165725 
82  0.000165675 
82.05  0.000165625 
82.1  0.000165575 
82.15  0.000165525 
82.2  0.000165475 
82.25  0.000165425 
82.3  0.000165375 
82.35  0.000165325 
82.4  0.000165276 
82.45  0.000165226 
82.5  0.000165176 
82.55  0.000165127 
82.6  0.000165077 
82.65  0.000165028 
82.7  0.000164978 
82.75  0.000164929 
82.8  0.00016488 
82.85  0.00016483 
82.9  0.000164781 
82.95  0.000164732 
83  0.000164683 
83.05  0.000164633 
83.1  0.000164584 
83.15  0.000164535 
83.2  0.000164486 
83.25  0.000164437 
83.3  0.000164388 
83.35  0.00016434 
83.4  0.000164291 
83.45  0.000164242 
83.5  0.000164193 
83.55  0.000164145 
83.6  0.000164096 
83.65  0.000164047 
83.7  0.000163999 
83.75  0.00016395 
83.8  0.000163902 
83.85  0.000163853 
83.9  0.000163805 
83.95  0.000163757 
84  0.000163708 
84.05  0.00016366 
84.1  0.000163612 
84.15  0.000163564 
84.2  0.000163515 
84.25  0.000163467 
84.3  0.000163419 
84.35  0.000163371 
84.4  0.000163323 
84.45  0.000163275 
84.5  0.000163228 
84.55  0.00016318 
84.6  0.000163132 
84.65  0.000163084 
84.7  0.000163036 
84.75  0.000162989 
84.8  0.000162941 
84.85  0.000162894 
84.9  0.000162846 
84.95  0.000162798 
85  0.000162751 
85.05  0.000162704 
85.1  0.000162656 
85.15  0.000162609 
85.2  0.000162562 
85.25  0.000162514 
85.3  0.000162467 
85.35  0.00016242 
85.4  0.000162373 
85.45  0.000162326 
85.5  0.000162279 
85.55  0.000162232 
85.6  0.000162185 
85.65  0.000162138 
85.7  0.000162091 
85.75  0.000162044 
85.8  0.000161997 
85.85  0.00016195 
85.9  0.000161904 
85.95  0.000161857 
86  0.00016181 
86.05  0.000161764 
86.1  0.000161717 
86.15  0.000161671 
86.2  0.000161624 
86.25  0.000161578 
86.3  0.000161531 
86.35  0.000161485 
86.4  0.000161439 
86.45  0.000161392 
86.5  0.000161346 
86.55  0.0001613 
86.6  0.000161254 
86.65  0.000161208 
86.7  0.000161162 
86.75  0.000161115 
86.8  0.000161069 
86.85  0.000161023 
86.9  0.000160978 
86.95  0.000321817 
87  0.00016084 
87.05  0.000160794 
87.1  0.000160748 
87.15  0.000160703 
87.2  0.000160657 
87.25  0.000160612 
87.3  0.000160566 
87.35  0.00016052 
87.4  0.000160475 
87.45  0.000160429 
87.5  0.000160384 
87.55  0.000160339 
87.6  0.000160293 
87.65  0.000160248 
87.7  0.000160203 
87.75  0.000160157 
87.8  0.000160112 
87.85  0.000160067 
87.9  0.000160022 
87.95  0.000159977 
88  0.000159932 
88.05  0.000159887 
88.1  0.000159842 
88.15  0.000159797 
88.2  0.000159752 
88.25  0.000159707 
88.3  0.000159662 
88.35  0.000159618 
88.4  0.000159573 
88.45  0.000159528 
88.5  0.000159484 
88.55  0.000159439 
88.6  0.000159394 
88.65  0.00015935 
88.7  0.000159305 
88.75  0.000159261 
88.8  0.000159216 
88.85  0.000159172 
88.9  0.000159128 
88.95  0.000159083 
89  0.000159039 
89.05  0.000158995 
89.1  0.000158951 
89.15  0.000158906 
89.2  0.000158862 
89.25  0.000158818 
89.3  0.000158774 
89.35  0.00015873 
89.4  0.000158686 
89.45  0.000158642 
89.5  0.000158598 
89.55  0.000158554 
89.6  0.00015851 
89.65  0.000158467 
89.7  0.000158423 
89.75  0.000158379 
89.8  0.000158335 
89.85  0.000158292 
89.9  0.000158248 
89.95  0.000158204 
90  0.000158161 
90.05  0.000158117 
90.1  0.000158074 
90.15  0.00015803 
90.2  0.000157987 
90.25  0.000157944 
90.3  0.0001579 
90.35  0.000157857 
90.4  0.000157814 
90.45  0.00015777 
90.5  0.000157727 
90.55  0.000157684 
90.6  0.000157641 
90.65  0.000157598 
90.7  0.000157555 
90.75  0.000157512 
90.8  0.000157469 
90.85  0.000157426 
90.9  0.000157383 
90.95  0.00015734 
91  0.000157297 
91.05  0.000157254 
91.1  0.000157212 
91.15  0.000157169 
91.2  0.000157126 
91.25  0.000157083 
91.3  0.000157041 
91.35  0.000156998 
91.4  0.000156956 
91.45  0.000156913 
91.5  0.000156871 
91.55  0.000156828 
91.6  0.000156786 
91.65  0.000156743 
91.7  0.000156701 
91.75  0.000156659 
91.8  0.000156616 
91.85  0.000156574 
91.9  0.000156532 
91.95  0.00015649 
92  0.000156447 
92.05  0.000156405 
92.1  0.000156363 
92.15  0.000156321 
92.2  0.000312516 
92.25  0.000156195 
92.3  0.000156153 
92.35  0.000156111 
92.4  0.00015607 
92.45  0.000156028 
92.5  0.000155986 
92.55  0.000155944 
92.6  0.000155903 
92.65  0.000155861 
92.7  0.000155819 
92.75  0.000155778 
92.8  0.000155736 
92.85  0.000155694 
92.9  0.000155653 
92.95  0.000155611 
93  0.00015557 
93.05  0.000155529 
93.1  0.000155487 
93.15  0.000155446 
93.2  0.000155404 
93.25  0.000155363 
93.3  0.000155322 
93.35  0.000155281 
93.4  0.00015524 
93.45  0.000155198 
93.5  0.000155157 
93.55  0.000155116 
93.6  0.000155075 
93.65  0.000155034 
93.7  0.000154993 
93.75  0.000154952 
93.8  0.000154911 
93.85  0.00015487 
93.9  0.000154829 
93.95  0.000154789 
94  0.000154748 
94.05  0.000154707 
94.1  0.000154666 
94.15  0.000154626 
94.2  0.000154585 
94.25  0.000154544 
94.3  0.000154504 
94.35  0.000154463 
94.4  0.000154423 
94.45  0.000154382 
94.5  0.000154342 
94.55  0.000154301 
94.6  0.000154261 
94.65  0.00015422 
94.7  0.00015418 
94.75  0.00015414 
94.8  0.000154099 
94.85  0.000154059 
94.9  0.000154019 
94.95  0.000153979 
95  0.000153938 
95.05  0.000153898 
95.1  0.000153858 
95.15  0.000153818 
95.2  0.000153778 
95.25  0.000153738 
95.3  0.000153698 
95.35  0.000153658 
95.4  0.000153618 
95.45  0.000153578 
95.5  0.000153539 
95.55  0.000153499 
95.6  0.000153459 
95.65  0.000153419 
95.7  0.000153379 
95.75  0.00015334 
95.8  0.0001533 
95.85  0.000153261 
95.9  0.000153221 
95.95  0.000153181 
96  0.000153142 
96.05  0.000153102 
96.1  0.000153063 
96.15  0.000153023 
96.2  0.000152984 
96.25  0.000152945 
96.3  0.000152905 
96.35  0.000152866 
96.4  0.000152827 
96.45  0.000152787 
96.5  0.000152748 
96.55  0.000152709 
96.6  0.00015267 
96.65  0.000152631 
96.7  0.000152591 
96.75  0.000152552 
96.8  0.000152513 
96.85  0.000152474 
96.9  0.000152435 
96.95  0.000152396 
97  0.000152357 
97.05  0.000152318 
97.1  0.00015228 
97.15  0.000152241 
97.2  0.000152202 
97.25  0.000152163 
97.3  0.000152124 
97.35  0.000152086 
97.4  0.000304055 
97.45  0.00015197 
97.5  0.000151931 
97.55  0.000151892 
97.6  0.000151854 
97.65  0.000151815 
97.7  0.000151777 
97.75  0.000151738 
97.8  0.0001517 
97.85  0.000151662 
97.9  0.000151623 
97.95  0.000151585 
98  0.000151546 
98.05  0.000151508 
98.1  0.00015147 
98.15  0.000151432 
98.2  0.000151393 
98.25  0.000151355 
98.3  0.000151317 
98.35  0.000151279 
98.4  0.000151241 
98.45  0.000151203 
98.5  0.000151165 
98.55  0.000151127 
98.6  0.000151089 
98.65  0.000151051 
98.7  0.000151013 
98.75  0.000150975 
98.8  0.000150937 
98.85  0.000150899 
98.9  0.000150862 
98.95  0.000150824 
99  0.000150786 
99.05  0.000150748 
99.1  0.000150711 
99.15  0.000150673 
99.2  0.000150635 
99.25  0.000150598 
99.3  0.00015056 
99.35  0.000150523 
99.4  0.000150485 
99.45  0.000150448 
99.5  0.00015041 
99.55  0.000150373 
99.6  0.000150335 
99.65  0.000150298 
99.7  0.000150261 
99.75  0.000150223 
99.8  0.000150186 
99.85  0.000150149 
99.9  0.000150112 
99.95  0.000150074 
100  0.000150037 
