2 0.100201 0 
2 0.103246 0 
2 0.106288 0 
2 0.109327 0 
2 0.112365 0 
2 0.1154 0 
2 0.118433 0 
2 0.121464 0 
2 0.124494 0 
2 0.127522 0 
2 0.130548 0 
2 0.133573 0 
2 0.136596 0 
2 0.139619 0 
2 0.14264 0 
2 0.145659 0 
2 0.148678 0 
2 0.151695 0 
2 0.154712 0 
2 0.157728 0 
2 0.160742 0 
2 0.163756 0 
2 0.166769 0 
2 0.169781 0 
2 0.172793 0 
2 0.175803 0 
2 0.178813 0 
2 0.181823 0 
2 0.184832 0 
2 0.18784 0 
2 0.190847 0 
2 0.193854 0 
2 0.196861 0 
2 0.199867 0 
2 0.202872 0 
2 0.205877 0 
2 0.208882 0 
2 0.211886 0 
2 0.214889 0 
2 0.217892 0 
2 0.220895 0 
2 0.223898 0 
2 0.2269 0 
2 0.229901 0 
2 0.232903 0 
2 0.235904 0 
2 0.238905 0 
2 0.241905 0 
2 0.244905 0 
2 0.247905 0 
2 0.250905 0 
2 0.253904 0 
2 0.256903 0 
2 0.259902 0 
2 0.2629 0 
2 0.265899 0 
2 0.268897 0 
2 0.271895 0 
2 0.274892 0 
2 0.27789 0 
2 0.280887 0 
2 0.283884 0 
2 0.286881 0 
2 0.289878 0 
2 0.292874 0 
2 0.29587 0 
2 0.298867 0 
2 0.301863 0 
2 0.304858 0 
2 0.307854 0 
2 0.31085 0 
2 0.313845 0 
2 0.31684 0 
2 0.319836 0 
2 0.322831 0 
2 0.325825 0 
2 0.32882 0 
2 0.331815 0 
2 0.334809 0 
2 0.337804 0 
2 0.340798 0 
2 0.343792 0 
2 0.346786 0 
2 0.34978 0 
2 0.352774 0 
2 0.355768 0 
2 0.358762 0 
2 0.361756 0 
2 0.364749 0 
2 0.367742 0 
2 0.370736 0 
2 0.373729 0 
2 0.376722 0 
2 0.379716 0 
2 0.382709 0 
2 0.385702 0 
2 0.388695 0 
2 0.391688 0 
2 0.394681 0 
2 0.397673 0 
2 0.400666 0 
2 0.403659 0 
2 0.406651 0 
2 0.409644 0 
2 0.412636 0 
2 0.415629 0 
2 0.418621 0 
2 0.421614 0 
2 0.424606 0 
2 0.427598 0 
2 0.430591 0 
2 0.433583 0 
2 0.436575 0 
2 0.439567 0 
2 0.442559 0 
2 0.445551 0 
2 0.448543 0 
2 0.451535 0 
2 0.454527 0 
2 0.457519 0 
2 0.460511 0 
2 0.463503 0 
2 0.466495 0 
2 0.469487 0 
2 0.472479 0 
2 0.475471 0 
2 0.478462 0 
2 0.481454 0 
2 0.484446 0 
2 0.487438 0 
2 0.49043 0 
2 0.493421 0 
2 0.496413 0 
2 0.499405 0 
2 0.502396 0 
2 0.505388 0 
2 0.50838 0 
2 0.511371 0 
2 0.514363 0 
2 0.517355 0 
2 0.520346 0 
2 0.523338 0 
2 0.526329 0 
2 0.529321 0 
2 0.532313 0 
2 0.535304 0 
2 0.538296 0 
2 0.541287 0 
2 0.544279 0 
2 0.547271 0 
2 0.550262 0 
2 0.553254 0 
2 0.556245 0 
2 0.559237 0 
2 0.562229 0 
2 0.56522 0 
2 0.568212 0 
2 0.571203 0 
2 0.574195 0 
2 0.577187 0 
2 0.580178 0 
2 0.58317 0 
2 0.586161 0 
2 0.589153 0 
2 0.592144 0 
2 0.595136 0 
2 0.598128 0 
2 0.601119 0 
2 0.604111 0 
2 0.607102 0 
2 0.610094 0 
2 0.613086 0 
2 0.616077 0 
2 0.619069 0 
2 0.622061 0 
2 0.625052 0 
2 0.628044 0 
2 0.631036 0 
2 0.634027 0 
2 0.637019 0 
2 0.640011 0 
2 0.643002 0 
2 0.645994 0 
2 0.648986 0 
2 0.651977 0 
2 0.654969 0 
2 0.657961 0 
2 0.660952 0 
2 0.663944 0 
2 0.666936 0 
2 0.669927 0 
2 0.672919 0 
2 0.675911 0 
2 0.678902 0 
2 0.681894 0 
2 0.684886 0 
2 0.687877 0 
2 0.690869 0 
2 0.693861 0 
2 0.696852 0 
2 0.699844 0 
2 0.702836 0 
2 0.705827 0 
2 0.708819 0 
2 0.711811 0 
2 0.714802 0 
2 0.717794 0 
2 0.720786 0 
2 0.723777 0 
2 0.726769 0 
2 0.729761 0 
2 0.732752 0 
2 0.735744 0 
2 0.738735 0 
2 0.741727 0 
2 0.744719 0 
2 0.74771 0 
2 0.750702 0 
2 0.753693 0 
2 0.756685 0 
2 0.759676 0 
2 0.762668 0 
2 0.765659 0 
2 0.768651 0 
2 0.771642 0 
2 0.774633 0 
2 0.777625 0 
2 0.780616 0 
2 0.783608 0 
2 0.786599 0 
2 0.78959 0 
2 0.792582 0 
2 0.795573 0 
2 0.798564 0 
2 0.801555 0 
2 0.804546 0 
2 0.807538 0 
2 0.810529 0 
2 0.81352 0 
2 0.816511 0 
2 0.819502 0 
2 0.822493 0 
2 0.825484 0 
2 0.828475 0 
2 0.831466 0 
2 0.834456 0 
2 0.837447 0 
2 0.840438 0 
2 0.843429 0 
2 0.846419 0 
2 0.84941 0 
2 0.852401 0 
2 0.855391 0 
2 0.858382 0 
2 0.861372 0 
2 0.864363 0 
2 0.867353 0 
2 0.870343 0 
2 0.873334 0 
2 0.876324 0 
2 0.879314 0 
2 0.882304 0 
2 0.885294 0 
2 0.888284 0 
2 0.891274 0 
2 0.894264 0 
2 0.897254 0 
2 0.900243 0 
2 0.903233 0 
2 0.906223 0 
2 0.909212 0 
2 0.912202 0 
2 0.915191 0 
2 0.918181 0 
2 0.92117 0 
2 0.924159 0 
2 0.927148 0 
2 0.930137 0 
2 0.933127 0 
2 0.936115 0 
2 0.939104 0 
2 0.942093 0 
2 0.945082 0 
2 0.948071 0 
2 0.951059 0 
2 0.954048 0 
2 0.957036 0 
2 0.960025 0 
2 0.963013 0 
2 0.966001 0 
2 0.968989 0 
2 0.971977 0 
2 0.974965 0 
2 0.977953 0 
2 0.980941 0 
2 0.983929 0 
2 0.986916 0 
2 0.989904 0 
2 0.992891 0 
2 0.995879 0 
2 0.998866 0 
2 1.00185 0 
2 1.00484 0 
2 1.00783 0 
2 1.01081 0 
2 1.0138 0 
2 1.01679 0 
2 1.01977 0 
2 1.02276 0 
2 1.02575 0 
2 1.02873 0 
2 1.03172 0 
2 1.03471 0 
2 1.03769 0 
2 1.04068 0 
2 1.04367 0 
2 1.04665 0 
2 1.04964 0 
2 1.05262 0 
2 1.05561 0 
2 1.05859 0 
2 1.06158 0 
2 1.06456 0 
2 1.06755 0 
2 1.07053 0 
2 1.07352 0 
2 1.0765 0 
2 1.07949 0 
2 1.08247 0 
2 1.08546 0 
2 1.08844 0 
2 1.09143 0 
2 1.09441 0 
2 1.0974 0 
2 1.10038 0 
2 1.10337 0 
2 1.10635 0 
2 1.10933 0 
2 1.11232 0 
2 1.1153 0 
2 1.11829 0 
2 1.12127 0 
2 1.12425 0 
2 1.12724 0 
2 1.13022 0 
2 1.1332 0 
2 1.13619 0 
2 1.13917 0 
2 1.14215 0 
2 1.14514 0 
2 1.14812 0 
2 1.1511 0 
2 1.15408 0 
2 1.15707 0 
2 1.16005 0 
2 1.16303 0 
2 1.16601 0 
2 1.169 0 
2 1.17198 0 
2 1.17496 0 
2 1.17794 0 
2 1.18092 0 
2 1.18391 0 
2 1.18689 0 
2 1.18987 0 
2 1.19285 0 
2 1.19583 0 
2 1.19882 0 
2 1.2018 0 
2 1.20478 0 
2 1.20776 0 
2 1.21074 0 
2 1.21372 0 
2 1.2167 0 
2 1.21968 0 
2 1.22266 0 
2 1.22565 0 
2 1.22863 0 
2 1.23161 0 
2 1.23459 0 
2 1.23757 0 
2 1.24055 0 
2 1.24353 0 
2 1.24651 0 
2 1.24949 0 
2 1.25247 0 
2 1.25545 0 
2 1.25843 0 
2 1.26141 0 
2 1.26439 0 
2 1.26737 0 
2 1.27035 0 
2 1.27333 0 
2 1.27631 0 
2 1.27929 0 
2 1.28227 0 
2 1.28525 0 
2 1.28823 0 
2 1.29121 0 
2 1.29419 0 
2 1.29717 0 
2 1.30015 0 
2 1.30313 0 
2 1.30611 0 
2 1.30909 0 
2 1.31207 0 
2 1.31505 0 
2 1.31803 0 
2 1.32101 0 
2 1.32399 0 
2 1.32696 0 
2 1.32994 0 
2 1.33292 0 
2 1.3359 0 
2 1.33888 0 
2 1.34186 0 
2 1.34484 0 
2 1.34782 0 
2 1.3508 0 
2 1.35378 0 
2 1.35675 0 
2 1.35973 0 
2 1.36271 0 
2 1.36569 0 
2 1.36867 0 
2 1.37165 0 
2 1.37463 0 
2 1.37761 0 
2 1.38059 0 
2 1.38356 0 
2 1.38654 0 
2 1.38952 0 
2 1.3925 0 
2 1.39548 0 
2 1.39846 0 
2 1.40144 0 
2 1.40441 0 
2 1.40739 0 
2 1.41037 0 
2 1.41335 0 
2 1.41633 0 
2 1.41931 0 
2 1.42228 0 
2 1.42526 0 
2 1.42824 0 
2 1.43122 0 
2 1.4342 0 
2 1.43718 0 
2 1.44016 0 
2 1.44313 0 
2 1.44611 0 
2 1.44909 0 
2 1.45207 0 
2 1.45505 0 
2 1.45803 0 
2 1.461 0 
2 1.46398 0 
2 1.46696 0 
2 1.46994 0 
2 1.47292 0 
2 1.4759 0 
2 1.47887 0 
2 1.48185 0 
2 1.48483 0 
2 1.48781 0 
2 1.49079 0 
2 1.49377 0 
2 1.49674 0 
2 1.49972 0 
2 1.5027 0 
2 1.50568 0 
2 1.50866 0 
2 1.51164 0 
2 1.51461 0 
2 1.51759 0 
2 1.52057 0 
2 1.52355 0 
2 1.52653 0 
2 1.52951 0 
2 1.53248 0 
2 1.53546 0 
2 1.53844 0 
2 1.54142 0 
2 1.5444 0 
2 1.54737 0 
2 1.55035 0 
2 1.55333 0 
2 1.55631 0 
2 1.55929 0 
2 1.56227 0 
2 1.56525 0 
2 1.56822 0 
2 1.5712 0 
2 1.57418 0 
2 1.57716 0 
2 1.58014 0 
2 1.58312 0 
2 1.58609 0 
2 1.58907 0 
2 1.59205 0 
2 1.59503 0 
2 1.59801 0 
2 1.60099 0 
2 1.60396 0 
2 1.60694 0 
2 1.60992 0 
2 1.6129 0 
2 1.61588 0 
2 1.61886 0 
2 1.62184 0 
2 1.62481 0 
2 1.62779 0 
2 1.63077 0 
2 1.63375 0 
2 1.63673 0 
2 1.63971 0 
2 1.64269 0 
2 1.64566 0 
2 1.64864 0 
2 1.65162 0 
2 1.6546 0 
2 1.65758 0 
2 1.66056 0 
2 1.66354 0 
2 1.66651 0 
2 1.66949 0 
2 1.67247 0 
2 1.67545 0 
2 1.67843 0 
2 1.68141 0 
2 1.68439 0 
2 1.68737 0 
2 1.69034 0 
2 1.69332 0 
2 1.6963 0 
2 1.69928 0 
2 1.70226 0 
2 1.70524 0 
2 1.70822 0 
2 1.7112 0 
2 1.71418 0 
2 1.71715 0 
2 1.72013 0 
2 1.72311 0 
2 1.72609 0 
2 1.72907 0 
2 1.73205 0 
2 1.73503 0 
2 1.73801 0 
2 1.74099 0 
2 1.74396 0 
2 1.74694 0 
2 1.74992 0 
2 1.7529 0 
2 1.75588 0 
2 1.75886 0 
2 1.76184 0 
2 1.76482 0 
2 1.7678 0 
2 1.77078 0 
2 1.77375 0 
2 1.77673 0 
2 1.77971 0 
2 1.78269 0 
2 1.78567 0 
2 1.78865 0 
2 1.79163 0 
2 1.79461 0 
2 1.79759 0 
2 1.80057 0 
2 1.80355 0 
2 1.80652 0 
2 1.8095 0 
2 1.81248 0 
2 1.81546 0 
2 1.81844 0 
2 1.82142 0 
2 1.8244 0 
2 1.82738 0 
2 1.83036 0 
2 1.83334 0 
2 1.83632 0 
2 1.8393 0 
2 1.84228 0 
2 1.84526 0 
2 1.84824 0 
2 1.85121 0 
2 1.85419 0 
2 1.85717 0 
2 1.86015 0 
2 1.86313 0 
2 1.86611 0 
2 1.86909 0 
2 1.87207 0 
2 1.87505 0 
2 1.87803 0 
2 1.88101 0 
2 1.88399 0 
2 1.88697 0 
2 1.88995 0 
2 1.89293 0 
2 1.89591 0 
2 1.89889 0 
2 1.90187 0 
2 1.90485 0 
2 1.90783 0 
2 1.9108 0 
2 1.91378 0 
2 1.91676 0 
2 1.91974 0 
2 1.92272 0 
2 1.9257 0 
2 1.92868 0 
2 1.93166 0 
2 1.93464 0 
2 1.93762 0 
2 1.9406 0 
2 1.94358 0 
2 1.94656 0 
2 1.94954 0 
2 1.95252 0 
2 1.9555 0 
2 1.95848 0 
2 1.96146 0 
2 1.96444 0 
2 1.96742 0 
2 1.9704 0 
2 1.97338 0 
2 1.97636 0 
2 1.97934 0 
2 1.98232 0 
2 1.9853 0 
2 1.98828 0 
2 1.99126 0 
2 1.99424 0 
2 1.99722 0 
2 2.0002 0 
2 2.00318 0 
2 2.00615 0 
2 2.00914 0 
2 2.01211 0 
2 2.01509 0 
2 2.01807 0 
2 2.02105 0 
2 2.02403 0 
2 2.02701 0 
2 2.02999 0 
2 2.03297 0 
2 2.03595 0 
2 2.03893 0 
2 2.04191 0 
2 2.04489 0 
2 2.04787 0 
2 2.05085 0 
2 2.05383 0 
2 2.05681 0 
2 2.05979 0 
2 2.06277 0 
2 2.06575 0 
2 2.06873 0 
2 2.07171 0 
2 2.07469 0 
2 2.07767 0 
2 2.08065 0 
2 2.08363 0 
2 2.08661 0 
2 2.08959 0 
2 2.09257 0 
2 2.09555 0 
2 2.09853 0 
2 2.10151 0 
2 2.10449 0 
2 2.10747 0 
2 2.11045 0 
2 2.11343 0 
2 2.11641 0 
2 2.11939 0 
2 2.12237 0 
2 2.12535 0 
2 2.12833 0 
2 2.13131 0 
2 2.13429 0 
2 2.13727 0 
2 2.14025 0 
2 2.14323 0 
2 2.14621 0 
2 2.14919 0 
2 2.15217 0 
2 2.15515 0 
2 2.15814 0 
2 2.16111 0 
2 2.1641 0 
2 2.16708 0 
2 2.17006 0 
2 2.17304 0 
2 2.17602 0 
2 2.179 0 
2 2.18198 0 
2 2.18496 0 
2 2.18794 0 
2 2.19092 0 
2 2.1939 0 
2 2.19688 0 
2 2.19986 0 
2 2.20284 0 
2 2.20582 0 
2 2.2088 0 
2 2.21178 0 
2 2.21476 0 
2 2.21774 0 
2 2.22072 0 
2 2.2237 0 
2 2.22668 0 
2 2.22966 0 
2 2.23264 0 
2 2.23562 0 
2 2.2386 0 
2 2.24158 0 
2 2.24456 0 
2 2.24754 0 
2 2.25052 0 
2 2.2535 0 
2 2.25648 0 
2 2.25946 0 
2 2.26244 0 
2 2.26542 0 
2 2.2684 0 
2 2.27138 0 
2 2.27436 0 
2 2.27734 0 
2 2.28032 0 
2 2.2833 0 
2 2.28628 0 
2 2.28927 0 
2 2.29225 0 
2 2.29523 0 
2 2.29821 0 
2 2.30119 0 
2 2.30417 0 
2 2.30715 0 
2 2.31013 0 
2 2.31311 0 
2 2.31609 0 
2 2.31907 0 
2 2.32205 0 
2 2.32503 0 
2 2.32801 0 
2 2.33099 0 
2 2.33397 0 
2 2.33695 0 
2 2.33993 0 
2 2.34291 0 
2 2.34589 0 
2 2.34887 0 
2 2.35185 0 
2 2.35483 0 
2 2.35781 0 
2 2.36079 0 
2 2.36377 0 
2 2.36675 0 
2 2.36973 0 
2 2.37272 0 
2 2.3757 0 
2 2.37868 0 
2 2.38166 0 
2 2.38464 0 
2 2.38762 0 
2 2.3906 0 
2 2.39358 0 
2 2.39656 0 
2 2.39954 0 
2 2.40252 0 
2 2.4055 0 
2 2.40848 0 
2 2.41146 0 
2 2.41444 0 
2 2.41742 0 
2 2.4204 0 
2 2.42338 0 
2 2.42636 0 
2 2.42934 0 
2 2.43232 0 
2 2.4353 0 
2 2.43828 0 
2 2.44126 0 
2 2.44424 0 
2 2.44722 0 
2 2.45021 0 
2 2.45319 0 
2 2.45617 0 
2 2.45915 0 
2 2.46213 0 
2 2.46511 0 
2 2.46809 0 
2 2.47107 0 
2 2.47405 0 
2 2.47703 0 
2 2.48001 0 
2 2.48299 0 
2 2.48597 0 
2 2.48895 0 
2 2.49193 0 
2 2.49491 0 
2 2.49789 0 
2 2.50087 0 
2 2.50385 0 
2 2.50683 0 
2 2.50981 0 
2 2.5128 0 
2 2.51578 0 
2 2.51876 0 
2 2.52174 0 
2 2.52472 0 
2 2.5277 0 
2 2.53068 0 
2 2.53366 0 
2 2.53664 0 
2 2.53962 0 
2 2.5426 0 
2 2.54558 0 
2 2.54856 0 
2 2.55154 0 
2 2.55452 0 
2 2.5575 0 
2 2.56048 0 
2 2.56346 0 
2 2.56644 0 
2 2.56942 0 
2 2.5724 0 
2 2.57539 0 
2 2.57837 0 
2 2.58135 0 
2 2.58433 0 
2 2.58731 0 
2 2.59029 0 
2 2.59327 0 
2 2.59625 0 
2 2.59923 0 
2 2.60221 0 
2 2.60519 0 
2 2.60817 0 
2 2.61115 0 
2 2.61413 0 
2 2.61711 0 
2 2.62009 0 
2 2.62307 0 
2 2.62605 0 
2 2.62903 0 
2 2.63201 0 
2 2.635 0 
2 2.63798 0 
2 2.64096 0 
2 2.64394 0 
2 2.64692 0 
2 2.6499 0 
2 2.65288 0 
2 2.65586 0 
2 2.65884 0 
2 2.66182 0 
2 2.6648 0 
2 2.66778 0 
2 2.67076 0 
2 2.67374 0 
2 2.67672 0 
2 2.6797 0 
2 2.68268 0 
2 2.68566 0 
2 2.68864 0 
2 2.69162 0 
2 2.69461 0 
2 2.69759 0 
2 2.70057 0 
2 2.70355 0 
2 2.70653 0 
2 2.70951 0 
2 2.71249 0 
2 2.71547 0 
2 2.71845 0 
2 2.72143 0 
2 2.72441 0 
2 2.72739 0 
2 2.73037 0 
2 2.73335 0 
2 2.73633 0 
2 2.73931 0 
2 2.74229 0 
2 2.74527 0 
2 2.74826 0 
2 2.75124 0 
2 2.75422 0 
2 2.7572 0 
2 2.76018 0 
2 2.76316 0 
2 2.76614 0 
2 2.76912 0 
2 2.7721 0 
2 2.77508 0 
2 2.77806 0 
2 2.78104 0 
2 2.78402 0 
2 2.787 0 
2 2.78998 0 
2 2.79296 0 
2 2.79594 0 
2 2.79892 0 
2 2.8019 0 
2 2.80489 0 
2 2.80787 0 
2 2.81085 0 
2 2.81383 0 
2 2.81681 0 
2 2.81979 0 
2 2.82277 0 
2 2.82575 0 
2 2.82873 0 
2 2.83171 0 
2 2.83469 0 
2 2.83767 0 
2 2.84065 0 
2 2.84363 0 
2 2.84661 0 
2 2.84959 0 
2 2.85257 0 
2 2.85555 0 
2 2.85854 0 
2 2.86152 0 
2 2.8645 0 
2 2.86748 0 
2 2.87046 0 
2 2.87344 0 
2 2.87642 0 
2 2.8794 0 
2 2.88238 0 
2 2.88536 0 
2 2.88834 0 
2 2.89132 0 
2 2.8943 0 
2 2.89728 0 
2 2.90026 0 
2 2.90324 0 
2 2.90622 0 
2 2.9092 0 
2 2.91218 0 
2 2.91517 0 
2 2.91815 0 
2 2.92113 0 
2 2.92411 0 
2 2.92709 0 
2 2.93007 0 
2 2.93305 0 
2 2.93603 0 
2 2.93901 0 
2 2.94199 0 
2 2.94497 0 
2 2.94795 0 
2 2.95093 0 
2 2.95391 0 
2 2.95689 0 
2 2.95987 0 
2 2.96285 0 
2 2.96583 0 
2 2.96882 0 
2 2.9718 0 
2 2.97478 0 
2 2.97776 0 
2 2.98074 0 
2 2.98372 0 
2 2.9867 0 
2 2.98968 0 
2 2.99266 0 
2 2.99564 0 
2 2.99862 0 
2 3.0016 0 
2 3.00458 0 
2 3.00756 0 
2 3.01054 0 
2 3.01352 0 
2 3.0165 0 
2 3.01948 0 
2 3.02246 0 
2 3.02545 0 
2 3.02843 0 
2 3.03141 0 
2 3.03439 0 
2 3.03737 0 
2 3.04035 0 
2 3.04333 0 
2 3.04631 0 
2 3.04929 0 
2 3.05227 0 
2 3.05525 0 
2 3.05823 0 
2 3.06121 0 
2 3.06419 0 
2 3.06717 0 
2 3.07015 0 
2 3.07314 0 
2 3.07612 0 
2 3.0791 0 
2 3.08208 0 
2 3.08506 0 
2 3.08804 0 
2 3.09102 0 
2 3.094 0 
2 3.09698 0 
2 3.09996 0 
2 3.10294 0 
2 3.10592 0 
2 3.1089 0 
2 3.11188 0 
2 3.11486 0 
2 3.11784 0 
2 3.12082 0 
2 3.1238 0 
2 3.12678 0 
2 3.12977 0 
2 3.13275 0 
2 3.13573 0 
2 3.13871 0 
2 3.14169 0 
2 3.14467 0 
2 3.14765 0 
2 3.15063 0 
2 3.15361 0 
2 3.15659 0 
2 3.15957 0 
2 3.16255 0 
2 3.16553 0 
2 3.16851 0 
2 3.17149 0 
2 3.17447 0 
2 3.17745 0 
2 3.18043 0 
2 3.18341 0 
2 3.18639 0 
2 3.18938 0 
2 3.19236 0 
2 3.19534 0 
2 3.19832 0 
2 3.2013 0 
2 3.20428 0 
2 3.20726 0 
2 3.21024 0 
2 3.21322 0 
2 3.2162 0 
2 3.21918 0 
2 3.22216 0 
2 3.22514 0 
2 3.22812 0 
2 3.2311 0 
2 3.23408 0 
2 3.23706 0 
2 3.24004 0 
2 3.24303 0 
2 3.24601 0 
2 3.24899 0 
2 3.25197 0 
2 3.25495 0 
2 3.25793 0 
2 3.26091 0 
2 3.26389 0 
2 3.26687 0 
2 3.26985 0 
2 3.27283 0 
2 3.27581 0 
2 3.27879 0 
2 3.28177 0 
2 3.28475 0 
2 3.28773 0 
2 3.29071 0 
2 3.29369 0 
2 3.29667 0 
2 3.29965 0 
2 3.30264 0 
2 3.30562 0 
2 3.3086 0 
2 3.31158 0 
2 3.31456 0 
2 3.31754 0 
2 3.32052 0 
2 3.3235 0 
2 3.32648 0 
2 3.32946 0 
2 3.33244 0 
2 3.33542 0 
2 3.3384 0 
2 3.34138 0 
2 3.34436 0 
2 3.34734 0 
2 3.35032 0 
2 3.3533 0 
2 3.35628 0 
2 3.35926 0 
2 3.36224 0 
2 3.36522 0 
2 3.36821 0 
2 3.37119 0 
2 3.37417 0 
2 3.37715 0 
2 3.38013 0 
2 3.38311 0 
2 3.38609 0 
2 3.38907 0 
2 3.39205 0 
2 3.39503 0 
2 3.39801 0 
2 3.40099 0 
2 3.40397 0 
2 3.40695 0 
2 3.40993 0 
2 3.41291 0 
2 3.41589 0 
2 3.41887 0 
2 3.42185 0 
2 3.42483 0 
2 3.42781 0 
2 3.43079 0 
2 3.43378 0 
2 3.43676 0 
2 3.43974 0 
2 3.44272 0 
2 3.4457 0 
2 3.44868 0 
2 3.45166 0 
2 3.45464 0 
2 3.45762 0 
2 3.4606 0 
2 3.46358 0 
2 3.46656 0 
2 3.46954 0 
2 3.47252 0 
2 3.4755 0 
2 3.47848 0 
2 3.48146 0 
2 3.48444 0 
2 3.48742 0 
2 3.4904 0 
2 3.49338 0 
2 3.49636 0 
2 3.49934 0 
2 3.50232 0 
2 3.5053 0 
2 3.50828 0 
2 3.51126 0 
2 3.51425 0 
2 3.51723 0 
2 3.52021 0 
2 3.52319 0 
2 3.52617 0 
2 3.52915 0 
2 3.53213 0 
2 3.53511 0 
2 3.53809 0 
2 3.54107 0 
2 3.54405 0 
2 3.54703 0 
2 3.55001 0 
2 3.55299 0 
2 3.55597 0 
2 3.55895 0 
2 3.56193 0 
2 3.56491 0 
2 3.56789 0 
2 3.57087 0 
2 3.57385 0 
2 3.57683 0 
2 3.57981 0 
2 3.58279 0 
2 3.58577 0 
2 3.58875 0 
2 3.59173 0 
2 3.59471 0 
2 3.59769 0 
2 3.60067 0 
2 3.60365 0 
2 3.60663 0 
2 3.60961 0 
2 3.6126 0 
2 3.61558 0 
2 3.61856 0 
2 3.62154 0 
2 3.62452 0 
2 3.6275 0 
2 3.63048 0 
2 3.63346 0 
2 3.63644 0 
2 3.63942 0 
2 3.6424 0 
2 3.64538 0 
2 3.64836 0 
2 3.65134 0 
2 3.65432 0 
2 3.6573 0 
2 3.66028 0 
2 3.66326 0 
2 3.66624 0 
2 3.66922 0 
2 3.6722 0 
2 3.67518 0 
2 3.67816 0 
2 3.68114 0 
2 3.68412 0 
2 3.6871 0 
2 3.69008 0 
2 3.69306 0 
2 3.69604 0 
2 3.69902 0 
2 3.702 0 
2 3.70498 0 
2 3.70796 0 
2 3.71094 0 
2 3.71392 0 
2 3.7169 0 
2 3.71988 0 
2 3.72286 0 
2 3.72584 0 
2 3.72882 0 
2 3.7318 0 
2 3.73478 0 
2 3.73776 0 
2 3.74074 0 
2 3.74372 0 
2 3.7467 0 
2 3.74968 0 
2 3.75266 0 
2 3.75564 0 
2 3.75862 0 
2 3.7616 0 
2 3.76458 0 
2 3.76756 0 
2 3.77054 0 
2 3.77352 0 
2 3.7765 0 
2 3.77948 0 
2 3.78246 0 
2 3.78544 0 
2 3.78842 0 
2 3.7914 0 
2 3.79438 0 
2 3.79736 0 
2 3.80034 0 
2 3.80332 0 
2 3.8063 0 
2 3.80928 0 
2 3.81226 0 
2 3.81524 0 
2 3.81822 0 
2 3.8212 0 
2 3.82418 0 
2 3.82716 0 
2 3.83014 0 
2 3.83312 0 
2 3.83609 0 
2 3.83908 0 
2 3.84205 0 
2 3.84503 0 
2 3.84801 0 
2 3.85099 0 
2 3.85397 0 
2 3.85695 0 
2 3.85993 0 
2 3.86291 0 
2 3.86589 0 
2 3.86887 0 
2 3.87185 0 
2 3.87483 0 
2 3.87781 0 
2 3.88079 0 
2 3.88377 0 
2 3.88675 0 
2 3.88973 0 
2 3.89271 0 
2 3.89569 0 
2 3.89867 0 
2 3.90165 0 
2 3.90463 0 
2 3.9076 0 
2 3.91058 0 
2 3.91356 0 
2 3.91654 0 
2 3.91952 0 
2 3.9225 0 
2 3.92548 0 
2 3.92846 0 
2 3.93144 0 
2 3.93442 0 
2 3.9374 0 
2 3.94038 0 
2 3.94336 0 
2 3.94634 0 
2 3.94931 0 
2 3.95229 0 
2 3.95527 0 
2 3.95825 0 
2 3.96123 0 
2 3.96421 0 
2 3.96719 0 
2 3.97017 0 
2 3.97315 0 
2 3.97613 0 
2 3.97911 0 
2 3.98208 0 
2 3.98506 0 
2 3.98804 0 
2 3.99102 0 
2 3.994 0 
2 3.99698 0 
2 3.99996 0 
2 4.00294 0 
2 4.00592 0 
2 4.0089 0 
2 4.01187 0 
2 4.01485 0 
2 4.01783 0 
2 4.02081 0 
2 4.02379 0 
2 4.02677 0 
2 4.02975 0 
2 4.03273 0 
2 4.0357 0 
2 4.03868 0 
2 4.04166 0 
2 4.04464 0 
2 4.04762 0 
2 4.0506 0 
2 4.05358 0 
2 4.05655 0 
2 4.05953 0 
2 4.06251 0 
2 4.06549 0 
2 4.06847 0 
2 4.07145 0 
2 4.07442 0 
2 4.0774 0 
2 4.08038 0 
2 4.08336 0 
2 4.08634 0 
2 4.08932 0 
2 4.09229 0 
2 4.09527 0 
2 4.09825 0 
2 4.10123 0 
2 4.10421 0 
2 4.10718 0 
2 4.11016 0 
2 4.11314 0 
2 4.11612 0 
2 4.1191 0 
2 4.12207 0 
2 4.12505 0 
2 4.12803 0 
2 4.13101 0 
2 4.13399 0 
2 4.13696 0 
2 4.13994 0 
2 4.14292 0 
2 4.1459 0 
2 4.14887 0 
2 4.15185 0 
2 4.15483 0 
2 4.15781 0 
2 4.16078 0 
2 4.16376 0 
2 4.16674 0 
2 4.16972 0 
2 4.17269 0 
2 4.17567 0 
2 4.17865 0 
2 4.18163 0 
2 4.1846 0 
2 4.18758 0 
2 4.19056 0 
2 4.19354 0 
2 4.19651 0 
2 4.19949 0 
2 4.20247 0 
2 4.20544 0 
2 4.20842 0 
2 4.2114 0 
2 4.21437 0 
2 4.21735 0 
2 4.22033 0 
2 4.2233 0 
2 4.22628 0 
2 4.22926 0 
2 4.23223 0 
2 4.23521 0 
2 4.23819 0 
2 4.24116 0 
2 4.24414 0 
2 4.24712 0 
2 4.25009 0 
2 4.25307 0 
2 4.25605 0 
2 4.25902 0 
2 4.262 0 
2 4.26497 0 
2 4.26795 0 
2 4.27093 0 
2 4.2739 0 
2 4.27688 0 
2 4.27985 0 
2 4.28283 0 
2 4.28581 0 
2 4.28878 0 
2 4.29176 0 
2 4.29473 0 
2 4.29771 0 
2 4.30068 0 
2 4.30366 0 
2 4.30664 0 
2 4.30961 0 
2 4.31259 0 
2 4.31556 0 
2 4.31854 0 
2 4.32151 0 
2 4.32449 0 
2 4.32746 0 
2 4.33044 0 
2 4.33341 0 
2 4.33639 0 
2 4.33936 0 
2 4.34234 0 
2 4.34531 0 
2 4.34829 0 
2 4.35126 0 
2 4.35424 0 
2 4.35721 0 
2 4.36019 0 
2 4.36316 0 
2 4.36614 0 
2 4.36911 0 
2 4.37209 0 
2 4.37506 0 
2 4.37803 0 
2 4.38101 0 
2 4.38398 0 
2 4.38696 0 
2 4.38993 0 
2 4.39291 0 
2 4.39588 0 
2 4.39885 0 
2 4.40183 0 
2 4.4048 0 
2 4.40777 0 
2 4.41075 0 
2 4.41372 0 
2 4.41669 0 
2 4.41967 0 
2 4.42264 0 
2 4.42562 0 
2 4.42859 0 
2 4.43156 0 
2 4.43454 0 
2 4.43751 0 
2 4.44048 0 
2 4.44345 0 
2 4.44643 0 
2 4.4494 0 
2 4.45237 0 
2 4.45535 0 
2 4.45832 0 
2 4.46129 0 
2 4.46426 0 
2 4.46724 0 
2 4.47021 0 
2 4.47318 0 
2 4.47615 0 
2 4.47913 0 
2 4.4821 0 
2 4.48507 0 
2 4.48804 0 
2 4.49102 0 
2 4.49399 0 
2 4.49696 0 
2 4.49993 0 
2 4.5029 0 
2 4.50588 0 
2 4.50885 0 
2 4.51182 0 
2 4.51479 0 
2 4.51776 0 
2 4.52073 0 
2 4.52371 0 
2 4.52668 0 
2 4.52965 0 
2 4.53262 0 
2 4.53559 0 
2 4.53856 0 
2 4.54154 0 
2 4.54451 0 
2 4.54748 0 
2 4.55045 0 
2 4.55342 0 
2 4.55639 0 
2 4.55936 0 
2 4.56233 0 
2 4.5653 0 
2 4.56827 0 
2 4.57124 0 
2 4.57422 0 
2 4.57719 0 
2 4.58016 0 
2 4.58313 0 
2 4.5861 0 
2 4.58907 0 
2 4.59204 0 
2 4.59501 0 
2 4.59798 0 
2 4.60095 0 
2 4.60392 0 
2 4.60689 0 
2 4.60986 0 
2 4.61283 0 
2 4.6158 0 
2 4.61877 0 
2 4.62174 0 
2 4.62471 0 
2 4.62768 0 
2 4.63065 0 
2 4.63362 0 
2 4.63659 0 
2 4.63956 0 
2 4.64253 0 
2 4.6455 0 
2 4.64847 0 
2 4.65144 0 
2 4.65441 0 
2 4.65738 0 
2 4.66035 0 
2 4.66332 0 
2 4.66629 0 
2 4.66926 0 
2 4.67223 0 
2 4.6752 0 
2 4.67817 0 
2 4.68114 0 
2 4.68411 0 
2 4.68708 0 
2 4.69005 0 
2 4.69302 0 
2 4.69599 0 
2 4.69896 0 
2 4.70193 0 
2 4.70489 0 
2 4.70786 0 
2 4.71083 0 
2 4.7138 0 
2 4.71677 0 
2 4.71974 0 
2 4.72271 0 
2 4.72568 0 
2 4.72865 0 
2 4.73162 0 
2 4.73459 0 
2 4.73756 0 
2 4.74053 0 
2 4.7435 0 
2 4.74647 0 
2 4.74944 0 
2 4.75241 0 
2 4.75538 0 
2 4.75835 0 
2 4.76132 0 
2 4.76429 0 
2 4.76726 0 
2 4.77023 0 
2 4.7732 0 
2 4.77617 0 
2 4.77914 0 
2 4.78211 0 
2 4.78508 0 
2 4.78805 0 
2 4.79102 0 
2 4.79399 0 
2 4.79696 0 
2 4.79993 0 
2 4.8029 0 
2 4.80588 0 
2 4.80885 0 
2 4.81182 0 
2 4.81479 0 
2 4.81776 0 
2 4.82073 0 
2 4.8237 0 
2 4.82667 0 
2 4.82964 0 
2 4.83261 0 
2 4.83559 0 
2 4.83856 0 
2 4.84153 0 
2 4.8445 0 
2 4.84747 0 
2 4.85044 0 
2 4.85342 0 
2 4.85639 0 
2 4.85936 0 
2 4.86233 0 
2 4.8653 0 
2 4.86828 0 
2 4.87125 0 
2 4.87422 0 
2 4.8772 0 
2 4.88017 0 
2 4.88314 0 
2 4.88611 0 
2 4.88909 0 
2 4.89206 0 
2 4.89503 0 
2 4.89801 0 
2 4.90098 0 
2 4.90395 0 
2 4.90693 0 
2 4.9099 0 
2 4.91288 0 
2 4.91585 0 
2 4.91883 0 
2 4.9218 0 
2 4.92477 0 
2 4.92775 0 
2 4.93072 0 
2 4.9337 0 
2 4.93667 0 
2 4.93965 0 
2 4.94262 0 
2 4.9456 0 
2 4.94858 0 
2 4.95155 0 
2 4.95453 0 
2 4.9575 0 
2 4.96048 0 
2 4.96346 0 
2 4.96643 0 
2 4.96941 0 
2 4.97239 0 
2 4.97536 0 
2 4.97834 0 
2 4.98132 0 
2 4.9843 0 
2 4.98727 0 
2 4.99025 0 
2 4.99323 0 
2 4.99621 0 
2 4.99918 0 
2 5.00216 0 
2 5.00514 0 
2 5.00812 0 
2 5.0111 0 
2 5.01408 0 
2 5.01706 0 
2 5.02004 0 
2 5.02302 0 
2 5.02599 0 
2 5.02897 0 
2 5.03195 0 
2 5.03493 0 
2 5.03791 0 
2 5.04089 0 
2 5.04387 0 
2 5.04686 0 
2 5.04984 0 
2 5.05282 0 
2 5.0558 0 
2 5.05878 0 
2 5.06176 0 
2 5.06474 0 
2 5.06772 0 
2 5.07071 0 
2 5.07369 0 
2 5.07667 0 
2 5.07965 0 
2 5.08263 0 
2 5.08562 0 
2 5.0886 0 
2 5.09158 0 
2 5.09456 0 
2 5.09755 0 
2 5.10053 0 
2 5.10351 0 
2 5.1065 0 
2 5.10948 0 
2 5.11246 0 
2 5.11545 0 
2 5.11843 0 
2 5.12142 0 
2 5.1244 0 
2 5.12738 0 
2 5.13037 0 
2 5.13335 0 
2 5.13634 0 
2 5.13932 0 
2 5.14231 0 
2 5.14529 0 
2 5.14828 0 
2 5.15126 0 
2 5.15425 0 
2 5.15723 0 
2 5.16022 0 
2 5.1632 0 
2 5.16619 0 
2 5.16918 0 
2 5.17216 0 
2 5.17515 0 
2 5.17813 0 
2 5.18112 0 
2 5.18411 0 
2 5.18709 0 
2 5.19008 0 
2 5.19307 0 
2 5.19605 0 
2 5.19904 0 
2 5.20203 0 
2 5.20501 0 
2 5.208 0 
2 5.21099 0 
2 5.21398 0 
2 5.21696 0 
2 5.21995 0 
2 5.22294 0 
2 5.22593 0 
2 5.22891 0 
2 5.2319 0 
2 5.23489 0 
2 5.23788 0 
2 5.24087 0 
2 5.24385 0 
2 5.24684 0 
2 5.24983 0 
2 5.25282 0 
2 5.25581 0 
2 5.25879 0 
2 5.26178 0 
2 5.26477 0 
2 5.26776 0 
2 5.27075 0 
2 5.27374 0 
2 5.27672 0 
2 5.27971 0 
2 5.2827 0 
2 5.28569 0 
2 5.28868 0 
2 5.29167 0 
2 5.29466 0 
2 5.29764 0 
2 5.30063 0 
2 5.30362 0 
2 5.30661 0 
2 5.3096 0 
2 5.31259 0 
2 5.31558 0 
2 5.31857 0 
2 5.32156 0 
2 5.32454 0 
2 5.32753 0 
2 5.33052 0 
2 5.33351 0 
2 5.3365 0 
2 5.33949 0 
2 5.34248 0 
2 5.34547 0 
2 5.34846 0 
2 5.35145 0 
2 5.35444 0 
2 5.35742 0 
2 5.36041 0 
2 5.3634 0 
2 5.36639 0 
2 5.36938 0 
2 5.37237 0 
2 5.37536 0 
2 5.37835 0 
2 5.38134 0 
2 5.38433 0 
2 5.38732 0 
2 5.3903 0 
2 5.39329 0 
2 5.39628 0 
2 5.39927 0 
2 5.40226 0 
2 5.40525 0 
2 5.40824 0 
2 5.41123 0 
2 5.41422 0 
2 5.41721 0 
2 5.42019 0 
2 5.42318 0 
2 5.42617 0 
2 5.42916 0 
2 5.43215 0 
2 5.43514 0 
2 5.43813 0 
2 5.44112 0 
2 5.4441 0 
2 5.44709 0 
2 5.45008 0 
2 5.45307 0 
2 5.45606 0 
2 5.45905 0 
2 5.46204 0 
2 5.46502 0 
2 5.46801 0 
2 5.471 0 
2 5.47399 0 
2 5.47698 0 
2 5.47997 0 
2 5.48296 0 
2 5.48594 0 
2 5.48893 0 
2 5.49192 0 
2 5.49491 0 
2 5.4979 0 
2 5.50088 0 
2 5.50387 0 
2 5.50686 0 
2 5.50985 0 
2 5.51284 0 
2 5.51582 0 
2 5.51881 0 
2 5.5218 0 
2 5.52479 0 
2 5.52778 0 
2 5.53076 0 
2 5.53375 0 
2 5.53674 0 
2 5.53973 0 
2 5.54271 0 
2 5.5457 0 
2 5.54869 0 
2 5.55168 0 
2 5.55466 0 
2 5.55765 0 
2 5.56064 0 
2 5.56362 0 
2 5.56661 0 
2 5.5696 0 
2 5.57259 0 
2 5.57557 0 
2 5.57856 0 
2 5.58155 0 
2 5.58453 0 
2 5.58752 0 
2 5.59051 0 
2 5.5935 0 
2 5.59648 0 
2 5.59947 0 
2 5.60246 0 
2 5.60544 0 
2 5.60843 0 
2 5.61142 0 
2 5.6144 0 
2 5.61739 0 
2 5.62037 0 
2 5.62336 0 
2 5.62635 0 
2 5.62933 0 
2 5.63232 0 
2 5.63531 0 
2 5.63829 0 
2 5.64128 0 
2 5.64426 0 
2 5.64725 0 
2 5.65024 0 
2 5.65322 0 
2 5.65621 0 
2 5.65919 0 
2 5.66218 0 
2 5.66517 0 
2 5.66815 0 
2 5.67114 0 
2 5.67412 0 
2 5.67711 0 
2 5.68009 0 
2 5.68308 0 
2 5.68607 0 
2 5.68905 0 
2 5.69204 0 
2 5.69502 0 
2 5.69801 0 
2 5.70099 0 
2 5.70398 0 
2 5.70696 0 
2 5.70995 0 
2 5.71293 0 
2 5.71592 0 
2 5.7189 0 
2 5.72189 0 
2 5.72487 0 
2 5.72786 0 
2 5.73084 0 
2 5.73383 0 
2 5.73681 0 
2 5.7398 0 
2 5.74278 0 
2 5.74577 0 
2 5.74875 0 
2 5.75174 0 
2 5.75472 0 
2 5.75771 0 
2 5.76069 0 
2 5.76368 0 
2 5.76666 0 
2 5.76964 0 
2 5.77263 0 
2 5.77561 0 
2 5.7786 0 
2 5.78158 0 
2 5.78457 0 
2 5.78755 0 
2 5.79053 0 
2 5.79352 0 
2 5.7965 0 
2 5.79949 0 
2 5.80247 0 
2 5.80546 0 
2 5.80844 0 
2 5.81142 0 
2 5.81441 0 
2 5.81739 0 
2 5.82038 0 
2 5.82336 0 
2 5.82634 0 
2 5.82933 0 
2 5.83231 0 
2 5.83529 0 
2 5.83828 0 
2 5.84126 0 
2 5.84425 0 
2 5.84723 0 
2 5.85021 0 
2 5.8532 0 
2 5.85618 0 
2 5.85916 0 
2 5.86215 0 
2 5.86513 0 
2 5.86811 0 
2 5.8711 0 
2 5.87408 0 
2 5.87706 0 
2 5.88005 0 
2 5.88303 0 
2 5.88601 0 
2 5.889 0 
2 5.89198 0 
2 5.89496 0 
2 5.89795 0 
2 5.90093 0 
2 5.90391 0 
2 5.9069 0 
2 5.90988 0 
2 5.91286 0 
2 5.91585 0 
2 5.91883 0 
2 5.92181 0 
2 5.92479 0 
2 5.92778 0 
2 5.93076 0 
2 5.93374 0 
2 5.93673 0 
2 5.93971 0 
2 5.94269 0 
2 5.94567 0 
2 5.94866 0 
2 5.95164 0 
2 5.95462 0 
2 5.95761 0 
2 5.96059 0 
2 5.96357 0 
2 5.96655 0 
2 5.96954 0 
2 5.97252 0 
2 5.9755 0 
2 5.97848 0 
2 5.98147 0 
2 5.98445 0 
2 5.98743 0 
2 5.99041 0 
2 5.9934 0 
2 5.99638 0 
2 5.99936 0 
2 6.00234 0 
2 6.00533 0 
2 6.00831 0 
2 6.01129 0 
2 6.01427 0 
2 6.01726 0 
2 6.02024 0 
2 6.02322 0 
2 6.0262 0 
2 6.02919 0 
2 6.03217 0 
2 6.03515 0 
2 6.03813 0 
2 6.04111 0 
2 6.0441 0 
2 6.04708 0 
2 6.05006 0 
2 6.05304 0 
2 6.05602 0 
2 6.05901 0 
2 6.06199 0 
2 6.06497 0 
2 6.06795 0 
2 6.07093 0 
2 6.07392 0 
2 6.0769 0 
2 6.07988 0 
2 6.08286 0 
2 6.08584 0 
2 6.08883 0 
2 6.09181 0 
2 6.09479 0 
2 6.09777 0 
2 6.10075 0 
2 6.10374 0 
2 6.10672 0 
2 6.1097 0 
2 6.11268 0 
2 6.11566 0 
2 6.11865 0 
2 6.12163 0 
2 6.12461 0 
2 6.12759 0 
2 6.13057 0 
2 6.13356 0 
2 6.13654 0 
2 6.13952 0 
2 6.1425 0 
2 6.14548 0 
2 6.14846 0 
2 6.15145 0 
2 6.15443 0 
2 6.15741 0 
2 6.16039 0 
2 6.16337 0 
2 6.16635 0 
2 6.16934 0 
2 6.17232 0 
2 6.1753 0 
2 6.17828 0 
2 6.18126 0 
2 6.18424 0 
2 6.18723 0 
2 6.19021 0 
2 6.19319 0 
2 6.19617 0 
2 6.19915 0 
2 6.20213 0 
2 6.20511 0 
2 6.2081 0 
2 6.21108 0 
2 6.21406 0 
2 6.21704 0 
2 6.22002 0 
2 6.223 0 
2 6.22598 0 
2 6.22897 0 
2 6.23195 0 
2 6.23493 0 
2 6.23791 0 
2 6.24089 0 
2 6.24387 0 
2 6.24685 0 
2 6.24984 0 
2 6.25282 0 
2 6.2558 0 
2 6.25878 0 
2 6.26176 0 
2 6.26474 0 
2 6.26773 0 
2 6.27071 0 
2 6.27369 0 
2 6.27667 0 
2 6.27965 0 
2 6.28263 0 
2 6.28561 0 
2 6.28859 0 
2 6.29157 0 
2 6.29456 0 
2 6.29754 0 
2 6.30052 0 
2 6.3035 0 
2 6.30648 0 
2 6.30946 0 
2 6.31244 0 
2 6.31543 0 
2 6.31841 0 
2 6.32139 0 
2 6.32437 0 
2 6.32735 0 
2 6.33033 0 
2 6.33331 0 
2 6.33629 0 
2 6.33928 0 
2 6.34226 0 
2 6.34524 0 
2 6.34822 0 
2 6.3512 0 
2 6.35418 0 
2 6.35716 0 
2 6.36014 0 
2 6.36313 0 
2 6.36611 0 
2 6.36909 0 
2 6.37207 0 
2 6.37505 0 
2 6.37803 0 
2 6.38101 0 
2 6.38399 0 
2 6.38697 0 
2 6.38995 0 
2 6.39294 0 
2 6.39592 0 
2 6.3989 0 
2 6.40188 0 
2 6.40486 0 
2 6.40784 0 
2 6.41082 0 
2 6.4138 0 
2 6.41678 0 
2 6.41977 0 
2 6.42275 0 
2 6.42573 0 
2 6.42871 0 
2 6.43169 0 
2 6.43467 0 
2 6.43765 0 
2 6.44063 0 
2 6.44361 0 
2 6.4466 0 
2 6.44958 0 
2 6.45256 0 
2 6.45554 0 
2 6.45852 0 
2 6.4615 0 
2 6.46448 0 
2 6.46746 0 
2 6.47044 0 
2 6.47342 0 
2 6.47641 0 
2 6.47939 0 
2 6.48237 0 
2 6.48535 0 
2 6.48833 0 
2 6.49131 0 
2 6.49429 0 
2 6.49727 0 
2 6.50025 0 
2 6.50323 0 
2 6.50622 0 
2 6.5092 0 
2 6.51218 0 
2 6.51516 0 
2 6.51814 0 
2 6.52112 0 
2 6.5241 0 
2 6.52708 0 
2 6.53006 0 
2 6.53304 0 
2 6.53602 0 
2 6.53901 0 
2 6.54199 0 
2 6.54497 0 
2 6.54795 0 
2 6.55093 0 
2 6.55391 0 
2 6.55689 0 
2 6.55987 0 
2 6.56285 0 
2 6.56583 0 
2 6.56882 0 
2 6.5718 0 
2 6.57478 0 
2 6.57776 0 
2 6.58074 0 
2 6.58372 0 
2 6.5867 0 
2 6.58968 0 
2 6.59266 0 
2 6.59564 0 
2 6.59862 0 
2 6.60161 0 
2 6.60459 0 
2 6.60757 0 
2 6.61055 0 
2 6.61353 0 
2 6.61651 0 
2 6.61949 0 
2 6.62247 0 
2 6.62545 0 
2 6.62843 0 
2 6.63141 0 
2 6.6344 0 
2 6.63738 0 
2 6.64036 0 
2 6.64334 0 
2 6.64632 0 
2 6.6493 0 
2 6.65228 0 
2 6.65526 0 
2 6.65824 0 
2 6.66122 0 
2 6.6642 0 
2 6.66719 0 
2 6.67017 0 
2 6.67315 0 
2 6.67613 0 
2 6.67911 0 
2 6.68209 0 
2 6.68507 0 
2 6.68805 0 
2 6.69103 0 
2 6.69401 0 
2 6.69699 0 
2 6.69997 0 
2 6.70296 0 
2 6.70594 0 
2 6.70892 0 
2 6.7119 0 
2 6.71488 0 
2 6.71786 0 
2 6.72084 0 
2 6.72382 0 
2 6.7268 0 
2 6.72978 0 
2 6.73276 0 
2 6.73574 0 
2 6.73872 0 
2 6.74171 0 
2 6.74469 0 
2 6.74767 0 
2 6.75065 0 
2 6.75363 0 
2 6.75661 0 
2 6.75959 0 
2 6.76257 0 
2 6.76555 0 
2 6.76853 0 
2 6.77151 0 
2 6.77449 0 
2 6.77748 0 
2 6.78046 0 
2 6.78344 0 
2 6.78642 0 
2 6.7894 0 
2 6.79238 0 
2 6.79536 0 
2 6.79834 0 
2 6.80132 0 
2 6.8043 0 
2 6.80728 0 
2 6.81026 0 
2 6.81324 0 
2 6.81623 0 
2 6.81921 0 
2 6.82219 0 
2 6.82517 0 
2 6.82815 0 
2 6.83113 0 
2 6.83411 0 
2 6.83709 0 
2 6.84007 0 
2 6.84305 0 
2 6.84603 0 
2 6.84901 0 
2 6.852 0 
2 6.85498 0 
2 6.85796 0 
2 6.86094 0 
2 6.86392 0 
2 6.8669 0 
2 6.86988 0 
2 6.87286 0 
2 6.87584 0 
2 6.87882 0 
2 6.8818 0 
2 6.88478 0 
2 6.88776 0 
2 6.89074 0 
2 6.89373 0 
2 6.89671 0 
2 6.89969 0 
2 6.90267 0 
2 6.90565 0 
2 6.90863 0 
2 6.91161 0 
2 6.91459 0 
2 6.91757 0 
2 6.92055 0 
2 6.92353 0 
2 6.92651 0 
2 6.92949 0 
2 6.93248 0 
2 6.93546 0 
2 6.93844 0 
2 6.94142 0 
2 6.9444 0 
2 6.94738 0 
2 6.95036 0 
2 6.95334 0 
2 6.95632 0 
2 6.9593 0 
2 6.96228 0 
2 6.96526 0 
2 6.96824 0 
2 6.97123 0 
2 6.97421 0 
2 6.97719 0 
2 6.98017 0 
2 6.98315 0 
2 6.98613 0 
2 6.98911 0 
2 6.99209 0 
2 6.99507 0 
2 6.99805 0 
2 7.00103 0 
2 7.00401 0 
2 7.00699 0 
2 7.00998 0 
2 7.01296 0 
2 7.01594 0 
2 7.01892 0 
2 7.0219 0 
2 7.02488 0 
2 7.02786 0 
2 7.03084 0 
2 7.03382 0 
2 7.0368 0 
2 7.03978 0 
2 7.04276 0 
2 7.04574 0 
2 7.04873 0 
2 7.05171 0 
2 7.05469 0 
2 7.05767 0 
2 7.06065 0 
2 7.06363 0 
2 7.06661 0 
2 7.06959 0 
2 7.07257 0 
2 7.07555 0 
2 7.07853 0 
2 7.08151 0 
2 7.08449 0 
2 7.08747 0 
2 7.09045 0 
2 7.09344 0 
2 7.09642 0 
2 7.0994 0 
2 7.10238 0 
2 7.10536 0 
2 7.10834 0 
2 7.11132 0 
2 7.1143 0 
2 7.11728 0 
2 7.12026 0 
2 7.12324 0 
2 7.12622 0 
2 7.1292 0 
2 7.13219 0 
2 7.13517 0 
2 7.13815 0 
2 7.14113 0 
2 7.14411 0 
2 7.14709 0 
2 7.15007 0 
2 7.15305 0 
2 7.15603 0 
2 7.15901 0 
2 7.16199 0 
2 7.16497 0 
2 7.16795 0 
2 7.17093 0 
2 7.17392 0 
2 7.1769 0 
2 7.17988 0 
2 7.18286 0 
2 7.18584 0 
2 7.18882 0 
2 7.1918 0 
2 7.19478 0 
2 7.19776 0 
2 7.20074 0 
2 7.20372 0 
2 7.2067 0 
2 7.20968 0 
2 7.21267 0 
2 7.21565 0 
2 7.21863 0 
2 7.22161 0 
2 7.22459 0 
2 7.22757 0 
2 7.23055 0 
2 7.23353 0 
2 7.23651 0 
2 7.23949 0 
2 7.24247 0 
2 7.24545 0 
2 7.24843 0 
2 7.25141 0 
2 7.2544 0 
2 7.25738 0 
2 7.26036 0 
2 7.26334 0 
2 7.26632 0 
2 7.2693 0 
2 7.27228 0 
2 7.27526 0 
2 7.27824 0 
2 7.28122 0 
2 7.2842 0 
2 7.28718 0 
2 7.29016 0 
2 7.29314 0 
2 7.29612 0 
2 7.29911 0 
2 7.30209 0 
2 7.30507 0 
2 7.30805 0 
2 7.31103 0 
2 7.31401 0 
2 7.31699 0 
2 7.31997 0 
2 7.32295 0 
2 7.32593 0 
2 7.32891 0 
2 7.33189 0 
2 7.33487 0 
2 7.33786 0 
2 7.34084 0 
2 7.34382 0 
2 7.3468 0 
2 7.34978 0 
2 7.35276 0 
2 7.35574 0 
2 7.35872 0 
2 7.3617 0 
2 7.36468 0 
2 7.36766 0 
2 7.37064 0 
2 7.37362 0 
2 7.3766 0 
2 7.37958 0 
2 7.38257 0 
2 7.38555 0 
2 7.38853 0 
2 7.39151 0 
2 7.39449 0 
2 7.39747 0 
2 7.40045 0 
2 7.40343 0 
2 7.40641 0 
2 7.40939 0 
2 7.41237 0 
2 7.41535 0 
2 7.41833 0 
2 7.42131 0 
2 7.4243 0 
2 7.42728 0 
2 7.43026 0 
2 7.43324 0 
2 7.43622 0 
2 7.4392 0 
2 7.44218 0 
2 7.44516 0 
2 7.44814 0 
2 7.45112 0 
2 7.4541 0 
2 7.45708 0 
2 7.46006 0 
2 7.46305 0 
2 7.46603 0 
2 7.46901 0 
2 7.47199 0 
2 7.47497 0 
2 7.47795 0 
2 7.48093 0 
2 7.48391 0 
2 7.48689 0 
2 7.48987 0 
2 7.49285 0 
2 7.49583 0 
2 7.49881 0 
2 7.50179 0 
2 7.50477 0 
2 7.50776 0 
2 7.51074 0 
2 7.51372 0 
2 7.5167 0 
2 7.51968 0 
2 7.52266 0 
2 7.52564 0 
2 7.52862 0 
2 7.5316 0 
2 7.53458 0 
2 7.53756 0 
2 7.54054 0 
2 7.54352 0 
2 7.5465 0 
2 7.54949 0 
2 7.55247 0 
2 7.55545 0 
2 7.55843 0 
2 7.56141 0 
2 7.56439 0 
2 7.56737 0 
2 7.57035 0 
2 7.57333 0 
2 7.57631 0 
2 7.57929 0 
2 7.58227 0 
2 7.58525 0 
2 7.58823 0 
2 7.59121 0 
2 7.5942 0 
2 7.59718 0 
2 7.60016 0 
2 7.60314 0 
2 7.60612 0 
2 7.6091 0 
2 7.61208 0 
2 7.61506 0 
2 7.61804 0 
2 7.62102 0 
2 7.624 0 
2 7.62698 0 
2 7.62996 0 
2 7.63295 0 
2 7.63593 0 
2 7.63891 0 
2 7.64189 0 
2 7.64487 0 
2 7.64785 0 
2 7.65083 0 
2 7.65381 0 
2 7.65679 0 
2 7.65977 0 
2 7.66275 0 
2 7.66573 0 
2 7.66871 0 
2 7.67169 0 
2 7.67467 0 
2 7.67766 0 
2 7.68064 0 
2 7.68362 0 
2 7.6866 0 
2 7.68958 0 
2 7.69256 0 
2 7.69554 0 
2 7.69852 0 
2 7.7015 0 
2 7.70448 0 
2 7.70746 0 
2 7.71044 0 
2 7.71342 0 
2 7.7164 0 
2 7.71939 0 
2 7.72237 0 
2 7.72535 0 
2 7.72833 0 
2 7.73131 0 
2 7.73429 0 
2 7.73727 0 
2 7.74025 0 
2 7.74323 0 
2 7.74621 0 
2 7.74919 0 
2 7.75217 0 
2 7.75515 0 
2 7.75813 0 
2 7.76111 0 
2 7.7641 0 
2 7.76708 0 
2 7.77006 0 
2 7.77304 0 
2 7.77602 0 
2 7.779 0 
2 7.78198 0 
2 7.78496 0 
2 7.78794 0 
2 7.79092 0 
2 7.7939 0 
2 7.79688 0 
2 7.79986 0 
2 7.80284 0 
2 7.80582 0 
2 7.80881 0 
2 7.81179 0 
2 7.81477 0 
2 7.81775 0 
2 7.82073 0 
2 7.82371 0 
2 7.82669 0 
2 7.82967 0 
2 7.83265 0 
2 7.83563 0 
2 7.83861 0 
2 7.84159 0 
2 7.84457 0 
2 7.84756 0 
2 7.85054 0 
2 7.85352 0 
2 7.8565 0 
2 7.85948 0 
2 7.86246 0 
2 7.86544 0 
2 7.86842 0 
2 7.8714 0 
2 7.87438 0 
2 7.87736 0 
2 7.88034 0 
2 7.88332 0 
2 7.8863 0 
2 7.88928 0 
2 7.89227 0 
2 7.89525 0 
2 7.89823 0 
2 7.90121 0 
2 7.90419 0 
2 7.90717 0 
2 7.91015 0 
2 7.91313 0 
2 7.91611 0 
2 7.91909 0 
2 7.92207 0 
2 7.92505 0 
2 7.92803 0 
2 7.93101 0 
2 7.934 0 
2 7.93698 0 
2 7.93996 0 
2 7.94294 0 
2 7.94592 0 
2 7.9489 0 
2 7.95188 0 
2 7.95486 0 
2 7.95784 0 
2 7.96082 0 
2 7.9638 0 
2 7.96678 0 
2 7.96976 0 
2 7.97274 0 
2 7.97572 0 
2 7.97871 0 
2 7.98169 0 
2 7.98467 0 
2 7.98765 0 
2 7.99063 0 
2 7.99361 0 
2 7.99659 0 
2 7.99957 0 
2 8.00255 0 
2 8.00553 0 
2 8.00851 0 
2 8.01149 0 
2 8.01447 0 
2 8.01745 0 
2 8.02043 0 
2 8.02342 0 
2 8.0264 0 
2 8.02938 0 
2 8.03236 0 
2 8.03534 0 
2 8.03832 0 
2 8.0413 0 
2 8.04428 0 
2 8.04726 0 
2 8.05024 0 
2 8.05322 0 
2 8.0562 0 
2 8.05918 0 
2 8.06217 0 
2 8.06515 0 
2 8.06813 0 
2 8.07111 0 
2 8.07409 0 
2 8.07707 0 
2 8.08005 0 
2 8.08303 0 
2 8.08601 0 
2 8.08899 0 
2 8.09197 0 
2 8.09495 0 
2 8.09793 0 
2 8.10091 0 
2 8.10389 0 
2 8.10687 0 
2 8.10986 0 
2 8.11284 0 
2 8.11582 0 
2 8.1188 0 
2 8.12178 0 
2 8.12476 0 
2 8.12774 0 
2 8.13072 0 
2 8.1337 0 
2 8.13668 0 
2 8.13966 0 
2 8.14264 0 
2 8.14562 0 
2 8.1486 0 
2 8.15158 0 
2 8.15457 0 
2 8.15755 0 
2 8.16053 0 
2 8.16351 0 
2 8.16649 0 
2 8.16947 0 
2 8.17245 0 
2 8.17543 0 
2 8.17841 0 
2 8.18139 0 
2 8.18437 0 
2 8.18735 0 
2 8.19033 0 
2 8.19332 0 
2 8.1963 0 
2 8.19928 0 
2 8.20226 0 
2 8.20524 0 
2 8.20822 0 
2 8.2112 0 
2 8.21418 0 
2 8.21716 0 
2 8.22014 0 
2 8.22312 0 
2 8.2261 0 
2 8.22908 0 
2 8.23206 0 
2 8.23504 0 
2 8.23803 0 
2 8.24101 0 
2 8.24399 0 
2 8.24697 0 
2 8.24995 0 
2 8.25293 0 
2 8.25591 0 
2 8.25889 0 
2 8.26187 0 
2 8.26485 0 
2 8.26783 0 
2 8.27081 0 
2 8.27379 0 
2 8.27677 0 
2 8.27975 0 
2 8.28274 0 
2 8.28572 0 
2 8.2887 0 
2 8.29168 0 
2 8.29466 0 
2 8.29764 0 
2 8.30062 0 
2 8.3036 0 
2 8.30658 0 
2 8.30956 0 
2 8.31254 0 
2 8.31552 0 
2 8.3185 0 
2 8.32148 0 
2 8.32447 0 
2 8.32745 0 
2 8.33043 0 
2 8.33341 0 
2 8.33639 0 
2 8.33937 0 
2 8.34235 0 
2 8.34533 0 
2 8.34831 0 
2 8.35129 0 
2 8.35427 0 
2 8.35725 0 
2 8.36023 0 
2 8.36321 0 
2 8.36619 0 
2 8.36918 0 
2 8.37216 0 
2 8.37514 0 
2 8.37812 0 
2 8.3811 0 
2 8.38408 0 
2 8.38706 0 
2 8.39004 0 
2 8.39302 0 
2 8.396 0 
2 8.39898 0 
2 8.40196 0 
2 8.40494 0 
2 8.40792 0 
2 8.4109 0 
2 8.41389 0 
2 8.41687 0 
2 8.41985 0 
2 8.42283 0 
2 8.42581 0 
2 8.42879 0 
2 8.43177 0 
2 8.43475 0 
2 8.43773 0 
2 8.44071 0 
2 8.44369 0 
2 8.44667 0 
2 8.44965 0 
2 8.45263 0 
2 8.45561 0 
2 8.4586 0 
2 8.46158 0 
2 8.46456 0 
2 8.46754 0 
2 8.47052 0 
2 8.4735 0 
2 8.47648 0 
2 8.47946 0 
2 8.48244 0 
2 8.48542 0 
2 8.4884 0 
2 8.49138 0 
2 8.49436 0 
2 8.49735 0 
2 8.50033 0 
2 8.50331 0 
2 8.50629 0 
2 8.50927 0 
2 8.51225 0 
2 8.51523 0 
2 8.51821 0 
2 8.52119 0 
2 8.52417 0 
2 8.52715 0 
2 8.53013 0 
2 8.53311 0 
2 8.53609 0 
2 8.53907 0 
2 8.54206 0 
2 8.54504 0 
2 8.54802 0 
2 8.551 0 
2 8.55398 0 
2 8.55696 0 
2 8.55994 0 
2 8.56292 0 
2 8.5659 0 
2 8.56888 0 
2 8.57186 0 
2 8.57484 0 
2 8.57782 0 
2 8.5808 0 
2 8.58378 0 
2 8.58676 0 
2 8.58975 0 
2 8.59273 0 
2 8.59571 0 
2 8.59869 0 
2 8.60167 0 
2 8.60465 0 
2 8.60763 0 
2 8.61061 0 
2 8.61359 0 
2 8.61657 0 
2 8.61955 0 
2 8.62253 0 
2 8.62551 0 
2 8.62849 0 
2 8.63147 0 
2 8.63446 0 
2 8.63744 0 
2 8.64042 0 
2 8.6434 0 
2 8.64638 0 
2 8.64936 0 
2 8.65234 0 
2 8.65532 0 
2 8.6583 0 
2 8.66128 0 
2 8.66426 0 
2 8.66724 0 
2 8.67022 0 
2 8.67321 0 
2 8.67619 0 
2 8.67917 0 
2 8.68215 0 
2 8.68513 0 
2 8.68811 0 
2 8.69109 0 
2 8.69407 0 
2 8.69705 0 
2 8.70003 0 
2 8.70301 0 
2 8.70599 0 
2 8.70897 0 
2 8.71195 0 
2 8.71493 0 
2 8.71792 0 
2 8.7209 0 
2 8.72388 0 
2 8.72686 0 
2 8.72984 0 
2 8.73282 0 
2 8.7358 0 
2 8.73878 0 
2 8.74176 0 
2 8.74474 0 
2 8.74772 0 
2 8.7507 0 
2 8.75368 0 
2 8.75666 0 
2 8.75964 0 
2 8.76263 0 
2 8.76561 0 
2 8.76859 0 
2 8.77157 0 
2 8.77455 0 
2 8.77753 0 
2 8.78051 0 
2 8.78349 0 
2 8.78647 0 
2 8.78945 0 
2 8.79243 0 
2 8.79541 0 
2 8.79839 0 
2 8.80137 0 
2 8.80435 0 
2 8.80734 0 
2 8.81032 0 
2 8.8133 0 
2 8.81628 0 
2 8.81926 0 
2 8.82224 0 
2 8.82522 0 
2 8.8282 0 
2 8.83118 0 
2 8.83416 0 
2 8.83714 0 
2 8.84012 0 
2 8.8431 0 
2 8.84608 0 
2 8.84906 0 
2 8.85205 0 
2 8.85503 0 
2 8.85801 0 
2 8.86099 0 
2 8.86397 0 
2 8.86695 0 
2 8.86993 0 
2 8.87291 0 
2 8.87589 0 
2 8.87887 0 
2 8.88185 0 
2 8.88483 0 
2 8.88781 0 
2 8.89079 0 
2 8.89378 0 
2 8.89676 0 
2 8.89974 0 
2 8.90272 0 
2 8.9057 0 
2 8.90868 0 
2 8.91166 0 
2 8.91464 0 
2 8.91762 0 
2 8.9206 0 
2 8.92358 0 
2 8.92656 0 
2 8.92954 0 
2 8.93252 0 
2 8.9355 0 
2 8.93849 0 
2 8.94147 0 
2 8.94445 0 
2 8.94743 0 
2 8.95041 0 
2 8.95339 0 
2 8.95637 0 
2 8.95935 0 
2 8.96233 0 
2 8.96531 0 
2 8.96829 0 
2 8.97127 0 
2 8.97425 0 
2 8.97723 0 
2 8.98021 0 
2 8.9832 0 
2 8.98618 0 
2 8.98916 0 
2 8.99214 0 
2 8.99512 0 
2 8.9981 0 
2 9.00108 0 
2 9.00406 0 
2 9.00704 0 
2 9.01002 0 
2 9.013 0 
2 9.01598 0 
2 9.01896 0 
2 9.02194 0 
2 9.02492 0 
2 9.02791 0 
2 9.03089 0 
2 9.03387 0 
2 9.03685 0 
2 9.03983 0 
2 9.04281 0 
2 9.04579 0 
2 9.04877 0 
2 9.05175 0 
2 9.05473 0 
2 9.05771 0 
2 9.06069 0 
2 9.06367 0 
2 9.06665 0 
2 9.06963 0 
2 9.07262 0 
2 9.0756 0 
2 9.07858 0 
2 9.08156 0 
2 9.08454 0 
2 9.08752 0 
2 9.0905 0 
2 9.09348 0 
2 9.09646 0 
2 9.09944 0 
2 9.10242 0 
2 9.1054 0 
2 9.10838 0 
2 9.11136 0 
2 9.11434 0 
2 9.11733 0 
2 9.12031 0 
2 9.12329 0 
2 9.12627 0 
2 9.12925 0 
2 9.13223 0 
2 9.13521 0 
2 9.13819 0 
2 9.14117 0 
2 9.14415 0 
2 9.14713 0 
2 9.15011 0 
2 9.15309 0 
2 9.15607 0 
2 9.15905 0 
2 9.16204 0 
2 9.16502 0 
2 9.168 0 
2 9.17098 0 
2 9.17396 0 
2 9.17694 0 
2 9.17992 0 
2 9.1829 0 
2 9.18588 0 
2 9.18886 0 
2 9.19184 0 
2 9.19482 0 
2 9.1978 0 
2 9.20078 0 
2 9.20377 0 
2 9.20675 0 
2 9.20973 0 
2 9.21271 0 
2 9.21569 0 
2 9.21867 0 
2 9.22165 0 
2 9.22463 0 
2 9.22761 0 
2 9.23059 0 
2 9.23357 0 
2 9.23655 0 
2 9.23953 0 
2 9.24251 0 
2 9.24549 0 
2 9.24848 0 
2 9.25146 0 
2 9.25444 0 
2 9.25742 0 
2 9.2604 0 
2 9.26338 0 
2 9.26636 0 
2 9.26934 0 
2 9.27232 0 
2 9.2753 0 
2 9.27828 0 
2 9.28126 0 
2 9.28424 0 
2 9.28722 0 
2 9.2902 0 
2 9.29319 0 
2 9.29617 0 
2 9.29915 0 
2 9.30213 0 
2 9.30511 0 
2 9.30809 0 
2 9.31107 0 
2 9.31405 0 
2 9.31703 0 
2 9.32001 0 
2 9.32299 0 
2 9.32597 0 
2 9.32895 0 
2 9.33193 0 
2 9.33491 0 
2 9.3379 0 
2 9.34088 0 
2 9.34386 0 
2 9.34684 0 
2 9.34982 0 
2 9.3528 0 
2 9.35578 0 
2 9.35876 0 
2 9.36174 0 
2 9.36472 0 
2 9.3677 0 
2 9.37068 0 
2 9.37366 0 
2 9.37664 0 
2 9.37962 0 
2 9.38261 0 
2 9.38559 0 
2 9.38857 0 
2 9.39155 0 
2 9.39453 0 
2 9.39751 0 
2 9.40049 0 
2 9.40347 0 
2 9.40645 0 
2 9.40943 0 
2 9.41241 0 
2 9.41539 0 
2 9.41837 0 
2 9.42135 0 
2 9.42433 0 
2 9.42732 0 
2 9.4303 0 
2 9.43328 0 
2 9.43626 0 
2 9.43924 0 
2 9.44222 0 
2 9.4452 0 
2 9.44818 0 
2 9.45116 0 
2 9.45414 0 
2 9.45712 0 
2 9.4601 0 
2 9.46308 0 
2 9.46606 0 
2 9.46904 0 
2 9.47202 0 
2 9.47501 0 
2 9.47799 0 
2 9.48097 0 
2 9.48395 0 
2 9.48693 0 
2 9.48991 0 
2 9.49289 0 
2 9.49587 0 
2 9.49885 0 
2 9.50183 0 
2 9.50481 0 
2 9.50779 0 
2 9.51077 0 
2 9.51375 0 
2 9.51673 0 
2 9.51972 0 
2 9.5227 0 
2 9.52568 0 
2 9.52866 0 
2 9.53164 0 
2 9.53462 0 
2 9.5376 0 
2 9.54058 0 
2 9.54356 0 
2 9.54654 0 
2 9.54952 0 
2 9.5525 0 
2 9.55548 0 
2 9.55846 0 
2 9.56144 0 
2 9.56443 0 
2 9.56741 0 
2 9.57039 0 
2 9.57337 0 
2 9.57635 0 
2 9.57933 0 
2 9.58231 0 
2 9.58529 0 
2 9.58827 0 
2 9.59125 0 
2 9.59423 0 
2 9.59721 0 
2 9.60019 0 
2 9.60317 0 
2 9.60615 0 
2 9.60914 0 
2 9.61212 0 
2 9.6151 0 
2 9.61808 0 
2 9.62106 0 
2 9.62404 0 
2 9.62702 0 
2 9.63 0 
2 9.63298 0 
2 9.63596 0 
2 9.63894 0 
2 9.64192 0 
2 9.6449 0 
2 9.64788 0 
2 9.65087 0 
2 9.65385 0 
2 9.65683 0 
2 9.65981 0 
2 9.66279 0 
2 9.66577 0 
2 9.66875 0 
2 9.67173 0 
2 9.67471 0 
2 9.67769 0 
2 9.68067 0 
2 9.68365 0 
2 9.68663 0 
2 9.68961 0 
2 9.69259 0 
2 9.69558 0 
2 9.69856 0 
2 9.70154 0 
2 9.70452 0 
2 9.7075 0 
2 9.71048 0 
2 9.71346 0 
2 9.71644 0 
2 9.71942 0 
2 9.7224 0 
2 9.72538 0 
2 9.72836 0 
2 9.73134 0 
2 9.73432 0 
2 9.73731 0 
2 9.74029 0 
2 9.74327 0 
2 9.74625 0 
2 9.74923 0 
2 9.75221 0 
2 9.75519 0 
2 9.75817 0 
2 9.76115 0 
2 9.76413 0 
2 9.76711 0 
2 9.77009 0 
2 9.77307 0 
2 9.77605 0 
2 9.77903 0 
2 9.78201 0 
2 9.785 0 
2 9.78798 0 
2 9.79096 0 
2 9.79394 0 
2 9.79692 0 
2 9.7999 0 
2 9.80288 0 
2 9.80586 0 
2 9.80884 0 
2 9.81182 0 
2 9.8148 0 
2 9.81778 0 
2 9.82076 0 
2 9.82374 0 
2 9.82672 0 
2 9.82971 0 
2 9.83269 0 
2 9.83567 0 
2 9.83865 0 
2 9.84163 0 
2 9.84461 0 
2 9.84759 0 
2 9.85057 0 
2 9.85355 0 
2 9.85653 0 
2 9.85951 0 
2 9.86249 0 
2 9.86547 0 
2 9.86845 0 
2 9.87143 0 
2 9.87442 0 
2 9.8774 0 
2 9.88038 0 
2 9.88336 0 
2 9.88634 0 
2 9.88932 0 
2 9.8923 0 
2 9.89528 0 
2 9.89826 0 
2 9.90124 0 
2 9.90422 0 
2 9.9072 0 
2 9.91018 0 
2 9.91316 0 
2 9.91614 0 
2 9.91913 0 
2 9.92211 0 
2 9.92509 0 
2 9.92807 0 
2 9.93105 0 
2 9.93403 0 
2 9.93701 0 
2 9.93999 0 
2 9.94297 0 
2 9.94595 0 
2 9.94893 0 
2 9.95191 0 
2 9.95489 0 
2 9.95787 0 
2 9.96085 0 
2 9.96384 0 
2 9.96682 0 
2 9.9698 0 
2 9.97278 0 
2 9.97576 0 
2 9.97874 0 
2 9.98172 0 
2 9.9847 0 
2 9.98768 0 
2 9.99066 0 
2 9.99364 0 
2 9.99662 0 
2 9.9996 0 
2 10.0026 0 
2 10.0056 0 
2 10.0085 0 
2 10.0115 0 
2 10.0145 0 
2 10.0175 0 
2 10.0205 0 
2 10.0234 0 
2 10.0264 0 
2 10.0294 0 
2 10.0324 0 
2 10.0354 0 
2 10.0384 0 
2 10.0413 0 
2 10.0443 0 
2 10.0473 0 
2 10.0503 0 
2 10.0533 0 
2 10.0562 0 
2 10.0592 0 
2 10.0622 0 
2 10.0652 0 
2 10.0682 0 
2 10.0711 0 
2 10.0741 0 
2 10.0771 0 
2 10.0801 0 
2 10.0831 0 
2 10.086 0 
2 10.089 0 
2 10.092 0 
2 10.095 0 
2 10.098 0 
2 10.1009 0 
2 10.1039 0 
2 10.1069 0 
2 10.1099 0 
2 10.1129 0 
2 10.1158 0 
2 10.1188 0 
2 10.1218 0 
2 10.1248 0 
2 10.1278 0 
2 10.1308 0 
2 10.1337 0 
2 10.1367 0 
2 10.1397 0 
2 10.1427 0 
2 10.1457 0 
2 10.1486 0 
2 10.1516 0 
2 10.1546 0 
2 10.1576 0 
2 10.1606 0 
2 10.1635 0 
2 10.1665 0 
2 10.1695 0 
2 10.1725 0 
2 10.1755 0 
2 10.1784 0 
2 10.1814 0 
2 10.1844 0 
2 10.1874 0 
2 10.1904 0 
2 10.1933 0 
2 10.1963 0 
2 10.1993 0 
2 10.2023 0 
2 10.2053 0 
2 10.2082 0 
2 10.2112 0 
2 10.2142 0 
2 10.2172 0 
2 10.2202 0 
2 10.2231 0 
2 10.2261 0 
2 10.2291 0 
2 10.2321 0 
2 10.2351 0 
2 10.2381 0 
2 10.241 0 
2 10.244 0 
2 10.247 0 
2 10.25 0 
2 10.253 0 
2 10.2559 0 
2 10.2589 0 
2 10.2619 0 
2 10.2649 0 
2 10.2679 0 
2 10.2708 0 
2 10.2738 0 
2 10.2768 0 
2 10.2798 0 
2 10.2828 0 
2 10.2857 0 
2 10.2887 0 
2 10.2917 0 
2 10.2947 0 
2 10.2977 0 
2 10.3006 0 
2 10.3036 0 
2 10.3066 0 
2 10.3096 0 
2 10.3126 0 
2 10.3155 0 
2 10.3185 0 
2 10.3215 0 
2 10.3245 0 
2 10.3275 0 
2 10.3305 0 
2 10.3334 0 
2 10.3364 0 
2 10.3394 0 
2 10.3424 0 
2 10.3454 0 
2 10.3483 0 
2 10.3513 0 
2 10.3543 0 
2 10.3573 0 
2 10.3603 0 
2 10.3632 0 
2 10.3662 0 
2 10.3692 0 
2 10.3722 0 
2 10.3752 0 
2 10.3782 0 
2 10.3811 0 
2 10.3841 0 
2 10.3871 0 
2 10.3901 0 
2 10.3931 0 
2 10.396 0 
2 10.399 0 
2 10.402 0 
2 10.405 0 
2 10.408 0 
2 10.4109 0 
2 10.4139 0 
2 10.4169 0 
2 10.4199 0 
2 10.4229 0 
2 10.4258 0 
2 10.4288 0 
2 10.4318 0 
2 10.4348 0 
2 10.4378 0 
2 10.4407 0 
2 10.4437 0 
2 10.4467 0 
2 10.4497 0 
2 10.4527 0 
2 10.4556 0 
2 10.4586 0 
2 10.4616 0 
2 10.4646 0 
2 10.4676 0 
2 10.4705 0 
2 10.4735 0 
2 10.4765 0 
2 10.4795 0 
2 10.4825 0 
2 10.4855 0 
2 10.4884 0 
2 10.4914 0 
2 10.4944 0 
2 10.4974 0 
2 10.5004 0 
2 10.5033 0 
2 10.5063 0 
2 10.5093 0 
2 10.5123 0 
2 10.5153 0 
2 10.5182 0 
2 10.5212 0 
2 10.5242 0 
2 10.5272 0 
2 10.5302 0 
2 10.5331 0 
2 10.5361 0 
2 10.5391 0 
2 10.5421 0 
2 10.5451 0 
2 10.548 0 
2 10.551 0 
2 10.554 0 
2 10.557 0 
2 10.56 0 
2 10.5629 0 
2 10.5659 0 
2 10.5689 0 
2 10.5719 0 
2 10.5749 0 
2 10.5779 0 
2 10.5808 0 
2 10.5838 0 
2 10.5868 0 
2 10.5898 0 
2 10.5928 0 
2 10.5957 0 
2 10.5987 0 
2 10.6017 0 
2 10.6047 0 
2 10.6077 0 
2 10.6106 0 
2 10.6136 0 
2 10.6166 0 
2 10.6196 0 
2 10.6226 0 
2 10.6255 0 
2 10.6285 0 
2 10.6315 0 
2 10.6345 0 
2 10.6375 0 
2 10.6404 0 
2 10.6434 0 
2 10.6464 0 
2 10.6494 0 
2 10.6524 0 
2 10.6553 0 
2 10.6583 0 
2 10.6613 0 
2 10.6643 0 
2 10.6673 0 
2 10.6702 0 
2 10.6732 0 
2 10.6762 0 
2 10.6792 0 
2 10.6822 0 
2 10.6852 0 
2 10.6881 0 
2 10.6911 0 
2 10.6941 0 
2 10.6971 0 
2 10.7001 0 
2 10.703 0 
2 10.706 0 
2 10.709 0 
2 10.712 0 
2 10.715 0 
2 10.7179 0 
2 10.7209 0 
2 10.7239 0 
2 10.7269 0 
2 10.7299 0 
2 10.7328 0 
2 10.7358 0 
2 10.7388 0 
2 10.7418 0 
2 10.7448 0 
2 10.7477 0 
2 10.7507 0 
2 10.7537 0 
2 10.7567 0 
2 10.7597 0 
2 10.7626 0 
2 10.7656 0 
2 10.7686 0 
2 10.7716 0 
2 10.7746 0 
2 10.7776 0 
2 10.7805 0 
2 10.7835 0 
2 10.7865 0 
2 10.7895 0 
2 10.7925 0 
2 10.7954 0 
2 10.7984 0 
2 10.8014 0 
2 10.8044 0 
2 10.8074 0 
2 10.8103 0 
2 10.8133 0 
2 10.8163 0 
2 10.8193 0 
2 10.8223 0 
2 10.8252 0 
2 10.8282 0 
2 10.8312 0 
2 10.8342 0 
2 10.8372 0 
2 10.8402 0 
2 10.8431 0 
2 10.8461 0 
2 10.8491 0 
2 10.8521 0 
2 10.8551 0 
2 10.858 0 
2 10.861 0 
2 10.864 0 
2 10.867 0 
2 10.87 0 
2 10.8729 0 
2 10.8759 0 
2 10.8789 0 
2 10.8819 0 
2 10.8849 0 
2 10.8878 0 
2 10.8908 0 
2 10.8938 0 
2 10.8968 0 
2 10.8998 0 
2 10.9027 0 
2 10.9057 0 
2 10.9087 0 
2 10.9117 0 
2 10.9147 0 
2 10.9176 0 
2 10.9206 0 
2 10.9236 0 
2 10.9266 0 
2 10.9296 0 
2 10.9326 0 
2 10.9355 0 
2 10.9385 0 
2 10.9415 0 
2 10.9445 0 
2 10.9475 0 
2 10.9504 0 
2 10.9534 0 
2 10.9564 0 
2 10.9594 0 
2 10.9624 0 
2 10.9653 0 
2 10.9683 0 
2 10.9713 0 
2 10.9743 0 
2 10.9773 0 
2 10.9802 0 
2 10.9832 0 
2 10.9862 0 
2 10.9892 0 
2 10.9922 0 
2 10.9951 0 
2 10.9981 0 
2 11.0011 0 
2 11.0041 0 
2 11.0071 0 
2 11.01 0 
2 11.013 0 
2 11.016 0 
2 11.019 0 
2 11.022 0 
2 11.025 0 
2 11.0279 0 
2 11.0309 0 
2 11.0339 0 
2 11.0369 0 
2 11.0399 0 
2 11.0428 0 
2 11.0458 0 
2 11.0488 0 
2 11.0518 0 
2 11.0548 0 
2 11.0577 0 
2 11.0607 0 
2 11.0637 0 
2 11.0667 0 
2 11.0697 0 
2 11.0726 0 
2 11.0756 0 
2 11.0786 0 
2 11.0816 0 
2 11.0846 0 
2 11.0875 0 
2 11.0905 0 
2 11.0935 0 
2 11.0965 0 
2 11.0995 0 
2 11.1024 0 
2 11.1054 0 
2 11.1084 0 
2 11.1114 0 
2 11.1144 0 
2 11.1173 0 
2 11.1203 0 
2 11.1233 0 
2 11.1263 0 
2 11.1293 0 
2 11.1323 0 
2 11.1352 0 
2 11.1382 0 
2 11.1412 0 
2 11.1442 0 
2 11.1472 0 
2 11.1501 0 
2 11.1531 0 
2 11.1561 0 
2 11.1591 0 
2 11.1621 0 
2 11.165 0 
2 11.168 0 
2 11.171 0 
2 11.174 0 
2 11.177 0 
2 11.1799 0 
2 11.1829 0 
2 11.1859 0 
2 11.1889 0 
2 11.1919 0 
2 11.1948 0 
2 11.1978 0 
2 11.2008 0 
2 11.2038 0 
2 11.2068 0 
2 11.2097 0 
2 11.2127 0 
2 11.2157 0 
2 11.2187 0 
2 11.2217 0 
2 11.2247 0 
2 11.2276 0 
2 11.2306 0 
2 11.2336 0 
2 11.2366 0 
2 11.2396 0 
2 11.2425 0 
2 11.2455 0 
2 11.2485 0 
2 11.2515 0 
2 11.2545 0 
2 11.2574 0 
2 11.2604 0 
2 11.2634 0 
2 11.2664 0 
2 11.2694 0 
2 11.2723 0 
2 11.2753 0 
2 11.2783 0 
2 11.2813 0 
2 11.2843 0 
2 11.2872 0 
2 11.2902 0 
2 11.2932 0 
2 11.2962 0 
2 11.2992 0 
2 11.3021 0 
2 11.3051 0 
2 11.3081 0 
2 11.3111 0 
2 11.3141 0 
2 11.317 0 
2 11.32 0 
2 11.323 0 
2 11.326 0 
2 11.329 0 
2 11.332 0 
2 11.3349 0 
2 11.3379 0 
2 11.3409 0 
2 11.3439 0 
2 11.3469 0 
2 11.3498 0 
2 11.3528 0 
2 11.3558 0 
2 11.3588 0 
2 11.3618 0 
2 11.3647 0 
2 11.3677 0 
2 11.3707 0 
2 11.3737 0 
2 11.3767 0 
2 11.3797 0 
2 11.3826 0 
2 11.3856 0 
2 11.3886 0 
2 11.3916 0 
2 11.3946 0 
2 11.3975 0 
2 11.4005 0 
2 11.4035 0 
2 11.4065 0 
2 11.4095 0 
2 11.4124 0 
2 11.4154 0 
2 11.4184 0 
2 11.4214 0 
2 11.4244 0 
2 11.4273 0 
2 11.4303 0 
2 11.4333 0 
2 11.4363 0 
2 11.4393 0 
2 11.4422 0 
2 11.4452 0 
2 11.4482 0 
2 11.4512 0 
2 11.4542 0 
2 11.4571 0 
2 11.4601 0 
2 11.4631 0 
2 11.4661 0 
2 11.4691 0 
2 11.472 0 
2 11.475 0 
2 11.478 0 
2 11.481 0 
2 11.484 0 
2 11.487 0 
2 11.4899 0 
2 11.4929 0 
2 11.4959 0 
2 11.4989 0 
2 11.5019 0 
2 11.5048 0 
2 11.5078 0 
2 11.5108 0 
2 11.5138 0 
2 11.5168 0 
2 11.5197 0 
2 11.5227 0 
2 11.5257 0 
2 11.5287 0 
2 11.5317 0 
2 11.5346 0 
2 11.5376 0 
2 11.5406 0 
2 11.5436 0 
2 11.5466 0 
2 11.5495 0 
2 11.5525 0 
2 11.5555 0 
2 11.5585 0 
2 11.5615 0 
2 11.5644 0 
2 11.5674 0 
2 11.5704 0 
2 11.5734 0 
2 11.5764 0 
2 11.5794 0 
2 11.5823 0 
2 11.5853 0 
2 11.5883 0 
2 11.5913 0 
2 11.5943 0 
2 11.5972 0 
2 11.6002 0 
2 11.6032 0 
2 11.6062 0 
2 11.6092 0 
2 11.6121 0 
2 11.6151 0 
2 11.6181 0 
2 11.6211 0 
2 11.6241 0 
2 11.627 0 
2 11.63 0 
2 11.633 0 
2 11.636 0 
2 11.639 0 
2 11.6419 0 
2 11.6449 0 
2 11.6479 0 
2 11.6509 0 
2 11.6539 0 
2 11.6568 0 
2 11.6598 0 
2 11.6628 0 
2 11.6658 0 
2 11.6688 0 
2 11.6717 0 
2 11.6747 0 
2 11.6777 0 
2 11.6807 0 
2 11.6837 0 
2 11.6867 0 
2 11.6896 0 
2 11.6926 0 
2 11.6956 0 
2 11.6986 0 
2 11.7016 0 
2 11.7045 0 
2 11.7075 0 
2 11.7105 0 
2 11.7135 0 
2 11.7165 0 
2 11.7194 0 
2 11.7224 0 
2 11.7254 0 
2 11.7284 0 
2 11.7314 0 
2 11.7343 0 
2 11.7373 0 
2 11.7403 0 
2 11.7433 0 
2 11.7463 0 
2 11.7492 0 
2 11.7522 0 
2 11.7552 0 
2 11.7582 0 
2 11.7612 0 
2 11.7641 0 
2 11.7671 0 
2 11.7701 0 
2 11.7731 0 
2 11.7761 0 
2 11.7791 0 
2 11.782 0 
2 11.785 0 
2 11.788 0 
2 11.791 0 
2 11.794 0 
2 11.7969 0 
2 11.7999 0 
2 11.8029 0 
2 11.8059 0 
2 11.8089 0 
2 11.8118 0 
2 11.8148 0 
2 11.8178 0 
2 11.8208 0 
2 11.8238 0 
2 11.8267 0 
2 11.8297 0 
2 11.8327 0 
2 11.8357 0 
2 11.8387 0 
2 11.8416 0 
2 11.8446 0 
2 11.8476 0 
2 11.8506 0 
2 11.8536 0 
2 11.8565 0 
2 11.8595 0 
2 11.8625 0 
2 11.8655 0 
2 11.8685 0 
2 11.8714 0 
2 11.8744 0 
2 11.8774 0 
2 11.8804 0 
2 11.8834 0 
2 11.8864 0 
2 11.8893 0 
2 11.8923 0 
2 11.8953 0 
2 11.8983 0 
2 11.9013 0 
2 11.9042 0 
2 11.9072 0 
2 11.9102 0 
2 11.9132 0 
2 11.9162 0 
2 11.9191 0 
2 11.9221 0 
2 11.9251 0 
2 11.9281 0 
2 11.9311 0 
2 11.9341 0 
2 11.937 0 
2 11.94 0 
2 11.943 0 
2 11.946 0 
2 11.949 0 
2 11.9519 0 
2 11.9549 0 
2 11.9579 0 
2 11.9609 0 
2 11.9639 0 
2 11.9668 0 
2 11.9698 0 
2 11.9728 0 
2 11.9758 0 
2 11.9788 0 
2 11.9817 0 
2 11.9847 0 
2 11.9877 0 
2 11.9907 0 
2 11.9937 0 
2 11.9966 0 
2 11.9996 0 
2 12.0026 0 
2 12.0056 0 
2 12.0086 0 
2 12.0115 0 
2 12.0145 0 
2 12.0175 0 
2 12.0205 0 
2 12.0235 0 
2 12.0265 0 
2 12.0294 0 
2 12.0324 0 
2 12.0354 0 
2 12.0384 0 
2 12.0414 0 
2 12.0443 0 
2 12.0473 0 
2 12.0503 0 
2 12.0533 0 
2 12.0563 0 
2 12.0592 0 
2 12.0622 0 
2 12.0652 0 
2 12.0682 0 
2 12.0712 0 
2 12.0741 0 
2 12.0771 0 
2 12.0801 0 
2 12.0831 0 
2 12.0861 0 
2 12.089 0 
2 12.092 0 
2 12.095 0 
2 12.098 0 
2 12.101 0 
2 12.1039 0 
2 12.1069 0 
2 12.1099 0 
2 12.1129 0 
2 12.1159 0 
2 12.1188 0 
2 12.1218 0 
2 12.1248 0 
2 12.1278 0 
2 12.1308 0 
2 12.1338 0 
2 12.1367 0 
2 12.1397 0 
2 12.1427 0 
2 12.1457 0 
2 12.1487 0 
2 12.1516 0 
2 12.1546 0 
2 12.1576 0 
2 12.1606 0 
2 12.1636 0 
2 12.1665 0 
2 12.1695 0 
2 12.1725 0 
2 12.1755 0 
2 12.1785 0 
2 12.1814 0 
2 12.1844 0 
2 12.1874 0 
2 12.1904 0 
2 12.1934 0 
2 12.1963 0 
2 12.1993 0 
2 12.2023 0 
2 12.2053 0 
2 12.2083 0 
2 12.2112 0 
2 12.2142 0 
2 12.2172 0 
2 12.2202 0 
2 12.2232 0 
2 12.2262 0 
2 12.2291 0 
2 12.2321 0 
2 12.2351 0 
2 12.2381 0 
2 12.2411 0 
2 12.244 0 
2 12.247 0 
2 12.25 0 
2 12.253 0 
2 12.256 0 
2 12.2589 0 
2 12.2619 0 
2 12.2649 0 
2 12.2679 0 
2 12.2709 0 
2 12.2738 0 
2 12.2768 0 
2 12.2798 0 
2 12.2828 0 
2 12.2858 0 
2 12.2887 0 
2 12.2917 0 
2 12.2947 0 
2 12.2977 0 
2 12.3007 0 
2 12.3036 0 
2 12.3066 0 
2 12.3096 0 
2 12.3126 0 
2 12.3156 0 
2 12.3185 0 
2 12.3215 0 
2 12.3245 0 
2 12.3275 0 
2 12.3305 0 
2 12.3335 0 
2 12.3364 0 
2 12.3394 0 
2 12.3424 0 
2 12.3454 0 
2 12.3484 0 
2 12.3513 0 
2 12.3543 0 
2 12.3573 0 
2 12.3603 0 
2 12.3633 0 
2 12.3662 0 
2 12.3692 0 
2 12.3722 0 
2 12.3752 0 
2 12.3782 0 
2 12.3811 0 
2 12.3841 0 
2 12.3871 0 
2 12.3901 0 
2 12.3931 0 
2 12.396 0 
2 12.399 0 
2 12.402 0 
2 12.405 0 
2 12.408 0 
2 12.4109 0 
2 12.4139 0 
2 12.4169 0 
2 12.4199 0 
2 12.4229 0 
2 12.4259 0 
2 12.4288 0 
2 12.4318 0 
2 12.4348 0 
2 12.4378 0 
2 12.4408 0 
2 12.4437 0 
2 12.4467 0 
2 12.4497 0 
2 12.4527 0 
2 12.4557 0 
2 12.4586 0 
2 12.4616 0 
2 12.4646 0 
2 12.4676 0 
2 12.4706 0 
2 12.4735 0 
2 12.4765 0 
2 12.4795 0 
2 12.4825 0 
2 12.4855 0 
2 12.4885 0 
2 12.4914 0 
2 12.4944 0 
2 12.4974 0 
2 12.5004 0 
2 12.5034 0 
2 12.5063 0 
2 12.5093 0 
2 12.5123 0 
2 12.5153 0 
2 12.5183 0 
2 12.5212 0 
2 12.5242 0 
2 12.5272 0 
2 12.5302 0 
2 12.5332 0 
2 12.5361 0 
2 12.5391 0 
2 12.5421 0 
2 12.5451 0 
2 12.5481 0 
2 12.551 0 
2 12.554 0 
2 12.557 0 
2 12.56 0 
2 12.563 0 
2 12.5659 0 
2 12.5689 0 
2 12.5719 0 
2 12.5749 0 
2 12.5779 0 
2 12.5809 0 
2 12.5838 0 
2 12.5868 0 
2 12.5898 0 
2 12.5928 0 
2 12.5958 0 
2 12.5987 0 
2 12.6017 0 
2 12.6047 0 
2 12.6077 0 
2 12.6107 0 
2 12.6136 0 
2 12.6166 0 
2 12.6196 0 
2 12.6226 0 
2 12.6256 0 
2 12.6285 0 
2 12.6315 0 
2 12.6345 0 
2 12.6375 0 
2 12.6405 0 
2 12.6434 0 
2 12.6464 0 
2 12.6494 0 
2 12.6524 0 
2 12.6554 0 
2 12.6583 0 
2 12.6613 0 
2 12.6643 0 
2 12.6673 0 
2 12.6703 0 
2 12.6732 0 
2 12.6762 0 
2 12.6792 0 
2 12.6822 0 
2 12.6852 0 
2 12.6882 0 
2 12.6911 0 
2 12.6941 0 
2 12.6971 0 
2 12.7001 0 
2 12.7031 0 
2 12.706 0 
2 12.709 0 
2 12.712 0 
2 12.715 0 
2 12.718 0 
2 12.7209 0 
2 12.7239 0 
2 12.7269 0 
2 12.7299 0 
2 12.7329 0 
2 12.7358 0 
2 12.7388 0 
2 12.7418 0 
2 12.7448 0 
2 12.7478 0 
2 12.7507 0 
2 12.7537 0 
2 12.7567 0 
2 12.7597 0 
2 12.7627 0 
2 12.7656 0 
2 12.7686 0 
2 12.7716 0 
2 12.7746 0 
2 12.7776 0 
2 12.7806 0 
2 12.7835 0 
2 12.7865 0 
2 12.7895 0 
2 12.7925 0 
2 12.7955 0 
2 12.7984 0 
2 12.8014 0 
2 12.8044 0 
2 12.8074 0 
2 12.8104 0 
2 12.8133 0 
2 12.8163 0 
2 12.8193 0 
2 12.8223 0 
2 12.8253 0 
2 12.8282 0 
2 12.8312 0 
2 12.8342 0 
2 12.8372 0 
2 12.8402 0 
2 12.8431 0 
2 12.8461 0 
2 12.8491 0 
2 12.8521 0 
2 12.8551 0 
2 12.858 0 
2 12.861 0 
2 12.864 0 
2 12.867 0 
2 12.87 0 
2 12.8729 0 
2 12.8759 0 
2 12.8789 0 
2 12.8819 0 
2 12.8849 0 
2 12.8879 0 
2 12.8908 0 
2 12.8938 0 
2 12.8968 0 
2 12.8998 0 
2 12.9028 0 
2 12.9057 0 
2 12.9087 0 
2 12.9117 0 
2 12.9147 0 
2 12.9177 0 
2 12.9206 0 
2 12.9236 0 
2 12.9266 0 
2 12.9296 0 
2 12.9326 0 
2 12.9355 0 
2 12.9385 0 
2 12.9415 0 
2 12.9445 0 
2 12.9475 0 
2 12.9504 0 
2 12.9534 0 
2 12.9564 0 
2 12.9594 0 
2 12.9624 0 
2 12.9653 0 
2 12.9683 0 
2 12.9713 0 
2 12.9743 0 
2 12.9773 0 
2 12.9803 0 
2 12.9832 0 
2 12.9862 0 
2 12.9892 0 
2 12.9922 0 
2 12.9952 0 
2 12.9981 0 
2 13.0011 0 
2 13.0041 0 
2 13.0071 0 
2 13.0101 0 
2 13.013 0 
2 13.016 0 
2 13.019 0 
2 13.022 0 
2 13.025 0 
2 13.0279 0 
2 13.0309 0 
2 13.0339 0 
2 13.0369 0 
2 13.0399 0 
2 13.0428 0 
2 13.0458 0 
2 13.0488 0 
2 13.0518 0 
2 13.0548 0 
2 13.0577 0 
2 13.0607 0 
2 13.0637 0 
2 13.0667 0 
2 13.0697 0 
2 13.0726 0 
2 13.0756 0 
2 13.0786 0 
2 13.0816 0 
2 13.0846 0 
2 13.0876 0 
2 13.0905 0 
2 13.0935 0 
2 13.0965 0 
2 13.0995 0 
2 13.1025 0 
2 13.1054 0 
2 13.1084 0 
2 13.1114 0 
2 13.1144 0 
2 13.1174 0 
2 13.1203 0 
2 13.1233 0 
2 13.1263 0 
2 13.1293 0 
2 13.1323 0 
2 13.1353 0 
2 13.1382 0 
2 13.1412 0 
2 13.1442 0 
2 13.1472 0 
2 13.1502 0 
2 13.1531 0 
2 13.1561 0 
2 13.1591 0 
2 13.1621 0 
2 13.1651 0 
2 13.168 0 
2 13.171 0 
2 13.174 0 
2 13.177 0 
2 13.18 0 
2 13.1829 0 
2 13.1859 0 
2 13.1889 0 
2 13.1919 0 
2 13.1949 0 
2 13.1978 0 
2 13.2008 0 
2 13.2038 0 
2 13.2068 0 
2 13.2098 0 
2 13.2127 0 
2 13.2157 0 
2 13.2187 0 
2 13.2217 0 
2 13.2247 0 
2 13.2277 0 
2 13.2306 0 
2 13.2336 0 
2 13.2366 0 
2 13.2396 0 
2 13.2426 0 
2 13.2455 0 
2 13.2485 0 
2 13.2515 0 
2 13.2545 0 
2 13.2575 0 
2 13.2604 0 
2 13.2634 0 
2 13.2664 0 
2 13.2694 0 
2 13.2724 0 
2 13.2753 0 
2 13.2783 0 
2 13.2813 0 
2 13.2843 0 
2 13.2873 0 
2 13.2902 0 
2 13.2932 0 
2 13.2962 0 
2 13.2992 0 
2 13.3022 0 
2 13.3051 0 
2 13.3081 0 
2 13.3111 0 
2 13.3141 0 
2 13.3171 0 
2 13.32 0 
2 13.323 0 
2 13.326 0 
2 13.329 0 
2 13.332 0 
2 13.335 0 
2 13.3379 0 
2 13.3409 0 
2 13.3439 0 
2 13.3469 0 
2 13.3499 0 
2 13.3528 0 
2 13.3558 0 
2 13.3588 0 
2 13.3618 0 
2 13.3648 0 
2 13.3677 0 
2 13.3707 0 
2 13.3737 0 
2 13.3767 0 
2 13.3797 0 
2 13.3826 0 
2 13.3856 0 
2 13.3886 0 
2 13.3916 0 
2 13.3946 0 
2 13.3975 0 
2 13.4005 0 
2 13.4035 0 
2 13.4065 0 
2 13.4095 0 
2 13.4124 0 
2 13.4154 0 
2 13.4184 0 
2 13.4214 0 
2 13.4244 0 
2 13.4274 0 
2 13.4303 0 
2 13.4333 0 
2 13.4363 0 
2 13.4393 0 
2 13.4423 0 
2 13.4452 0 
2 13.4482 0 
2 13.4512 0 
2 13.4542 0 
2 13.4572 0 
2 13.4601 0 
2 13.4631 0 
2 13.4661 0 
2 13.4691 0 
2 13.4721 0 
2 13.475 0 
2 13.478 0 
2 13.481 0 
2 13.484 0 
2 13.487 0 
2 13.4899 0 
2 13.4929 0 
2 13.4959 0 
2 13.4989 0 
2 13.5019 0 
2 13.5048 0 
2 13.5078 0 
2 13.5108 0 
2 13.5138 0 
2 13.5168 0 
2 13.5197 0 
2 13.5227 0 
2 13.5257 0 
2 13.5287 0 
2 13.5317 0 
2 13.5347 0 
2 13.5376 0 
2 13.5406 0 
2 13.5436 0 
2 13.5466 0 
2 13.5496 0 
2 13.5525 0 
2 13.5555 0 
2 13.5585 0 
2 13.5615 0 
2 13.5645 0 
2 13.5674 0 
2 13.5704 0 
2 13.5734 0 
2 13.5764 0 
2 13.5794 0 
2 13.5823 0 
2 13.5853 0 
2 13.5883 0 
2 13.5913 0 
2 13.5943 0 
2 13.5972 0 
2 13.6002 0 
2 13.6032 0 
2 13.6062 0 
2 13.6092 0 
2 13.6121 0 
2 13.6151 0 
2 13.6181 0 
2 13.6211 0 
2 13.6241 0 
2 13.6271 0 
2 13.63 0 
2 13.633 0 
2 13.636 0 
2 13.639 0 
2 13.642 0 
2 13.6449 0 
2 13.6479 0 
2 13.6509 0 
2 13.6539 0 
2 13.6569 0 
2 13.6598 0 
2 13.6628 0 
2 13.6658 0 
2 13.6688 0 
2 13.6718 0 
2 13.6747 0 
2 13.6777 0 
2 13.6807 0 
2 13.6837 0 
2 13.6867 0 
2 13.6896 0 
2 13.6926 0 
2 13.6956 0 
2 13.6986 0 
2 13.7016 0 
2 13.7045 0 
2 13.7075 0 
2 13.7105 0 
2 13.7135 0 
2 13.7165 0 
2 13.7194 0 
2 13.7224 0 
2 13.7254 0 
2 13.7284 0 
2 13.7314 0 
2 13.7344 0 
2 13.7373 0 
2 13.7403 0 
2 13.7433 0 
2 13.7463 0 
2 13.7493 0 
2 13.7522 0 
2 13.7552 0 
2 13.7582 0 
2 13.7612 0 
2 13.7642 0 
2 13.7671 0 
2 13.7701 0 
2 13.7731 0 
2 13.7761 0 
2 13.7791 0 
2 13.782 0 
2 13.785 0 
2 13.788 0 
2 13.791 0 
2 13.794 0 
2 13.7969 0 
2 13.7999 0 
2 13.8029 0 
2 13.8059 0 
2 13.8089 0 
2 13.8118 0 
2 13.8148 0 
2 13.8178 0 
2 13.8208 0 
2 13.8238 0 
2 13.8268 0 
2 13.8297 0 
2 13.8327 0 
2 13.8357 0 
2 13.8387 0 
2 13.8417 0 
2 13.8446 0 
2 13.8476 0 
2 13.8506 0 
2 13.8536 0 
2 13.8566 0 
2 13.8595 0 
2 13.8625 0 
2 13.8655 0 
2 13.8685 0 
2 13.8715 0 
2 13.8744 0 
2 13.8774 0 
2 13.8804 0 
2 13.8834 0 
2 13.8864 0 
2 13.8894 0 
2 13.8923 0 
2 13.8953 0 
2 13.8983 0 
2 13.9013 0 
2 13.9043 0 
2 13.9072 0 
2 13.9102 0 
2 13.9132 0 
2 13.9162 0 
2 13.9192 0 
2 13.9221 0 
2 13.9251 0 
2 13.9281 0 
2 13.9311 0 
2 13.9341 0 
2 13.937 0 
2 13.94 0 
2 13.943 0 
2 13.946 0 
2 13.949 0 
2 13.9519 0 
2 13.9549 0 
2 13.9579 0 
2 13.9609 0 
2 13.9639 0 
2 13.9668 0 
2 13.9698 0 
2 13.9728 0 
2 13.9758 0 
2 13.9788 0 
2 13.9818 0 
2 13.9847 0 
2 13.9877 0 
2 13.9907 0 
2 13.9937 0 
2 13.9967 0 
2 13.9996 0 
2 14.0026 0 
2 14.0056 0 
2 14.0086 0 
2 14.0116 0 
2 14.0145 0 
2 14.0175 0 
2 14.0205 0 
2 14.0235 0 
2 14.0265 0 
2 14.0294 0 
2 14.0324 0 
2 14.0354 0 
2 14.0384 0 
2 14.0414 0 
2 14.0443 0 
2 14.0473 0 
2 14.0503 0 
2 14.0533 0 
2 14.0563 0 
2 14.0592 0 
2 14.0622 0 
2 14.0652 0 
2 14.0682 0 
2 14.0712 0 
2 14.0741 0 
2 14.0771 0 
2 14.0801 0 
2 14.0831 0 
2 14.0861 0 
2 14.0891 0 
2 14.092 0 
2 14.095 0 
2 14.098 0 
2 14.101 0 
2 14.104 0 
2 14.1069 0 
2 14.1099 0 
2 14.1129 0 
2 14.1159 0 
2 14.1189 0 
2 14.1218 0 
2 14.1248 0 
2 14.1278 0 
2 14.1308 0 
2 14.1338 0 
2 14.1367 0 
2 14.1397 0 
2 14.1427 0 
2 14.1457 0 
2 14.1487 0 
2 14.1516 0 
2 14.1546 0 
2 14.1576 0 
2 14.1606 0 
2 14.1636 0 
2 14.1665 0 
2 14.1695 0 
2 14.1725 0 
2 14.1755 0 
2 14.1785 0 
2 14.1815 0 
2 14.1844 0 
2 14.1874 0 
2 14.1904 0 
2 14.1934 0 
2 14.1964 0 
2 14.1993 0 
2 14.2023 0 
2 14.2053 0 
2 14.2083 0 
2 14.2113 0 
2 14.2142 0 
2 14.2172 0 
2 14.2202 0 
2 14.2232 0 
2 14.2262 0 
2 14.2291 0 
2 14.2321 0 
2 14.2351 0 
2 14.2381 0 
2 14.2411 0 
2 14.244 0 
2 14.247 0 
2 14.25 0 
2 14.253 0 
2 14.256 0 
2 14.2589 0 
2 14.2619 0 
2 14.2649 0 
2 14.2679 0 
2 14.2709 0 
2 14.2738 0 
2 14.2768 0 
2 14.2798 0 
2 14.2828 0 
2 14.2858 0 
2 14.2888 0 
2 14.2917 0 
2 14.2947 0 
2 14.2977 0 
2 14.3007 0 
2 14.3037 0 
2 14.3066 0 
2 14.3096 0 
2 14.3126 0 
2 14.3156 0 
2 14.3186 0 
2 14.3215 0 
2 14.3245 0 
2 14.3275 0 
2 14.3305 0 
2 14.3335 0 
2 14.3364 0 
2 14.3394 0 
2 14.3424 0 
2 14.3454 0 
2 14.3484 0 
2 14.3513 0 
2 14.3543 0 
2 14.3573 0 
2 14.3603 0 
2 14.3633 0 
2 14.3662 0 
2 14.3692 0 
2 14.3722 0 
2 14.3752 0 
2 14.3782 0 
2 14.3812 0 
2 14.3841 0 
2 14.3871 0 
2 14.3901 0 
2 14.3931 0 
2 14.3961 0 
2 14.399 0 
2 14.402 0 
2 14.405 0 
2 14.408 0 
2 14.411 0 
2 14.4139 0 
2 14.4169 0 
2 14.4199 0 
2 14.4229 0 
2 14.4259 0 
2 14.4288 0 
2 14.4318 0 
2 14.4348 0 
2 14.4378 0 
2 14.4408 0 
2 14.4437 0 
2 14.4467 0 
2 14.4497 0 
2 14.4527 0 
2 14.4557 0 
2 14.4586 0 
2 14.4616 0 
2 14.4646 0 
2 14.4676 0 
2 14.4706 0 
2 14.4735 0 
2 14.4765 0 
2 14.4795 0 
2 14.4825 0 
2 14.4855 0 
2 14.4885 0 
2 14.4914 0 
2 14.4944 0 
2 14.4974 0 
2 14.5004 0 
2 14.5034 0 
2 14.5063 0 
2 14.5093 0 
2 14.5123 0 
2 14.5153 0 
2 14.5183 0 
2 14.5212 0 
2 14.5242 0 
2 14.5272 0 
2 14.5302 0 
2 14.5332 0 
2 14.5361 0 
2 14.5391 0 
2 14.5421 0 
2 14.5451 0 
2 14.5481 0 
2 14.551 0 
2 14.554 0 
2 14.557 0 
2 14.56 0 
2 14.563 0 
2 14.5659 0 
2 14.5689 0 
2 14.5719 0 
2 14.5749 0 
2 14.5779 0 
2 14.5809 0 
2 14.5838 0 
2 14.5868 0 
2 14.5898 0 
2 14.5928 0 
2 14.5958 0 
2 14.5987 0 
2 14.6017 0 
2 14.6047 0 
2 14.6077 0 
2 14.6107 0 
2 14.6136 0 
2 14.6166 0 
2 14.6196 0 
2 14.6226 0 
2 14.6256 0 
2 14.6286 0 
2 14.6315 0 
2 14.6345 0 
2 14.6375 0 
2 14.6405 0 
2 14.6435 0 
2 14.6464 0 
2 14.6494 0 
2 14.6524 0 
2 14.6554 0 
2 14.6584 0 
2 14.6613 0 
2 14.6643 0 
2 14.6673 0 
2 14.6703 0 
2 14.6733 0 
2 14.6762 0 
2 14.6792 0 
2 14.6822 0 
2 14.6852 0 
2 14.6882 0 
2 14.6911 0 
2 14.6941 0 
2 14.6971 0 
2 14.7001 0 
2 14.7031 0 
2 14.706 0 
2 14.709 0 
2 14.712 0 
2 14.715 0 
2 14.718 0 
2 14.7209 0 
2 14.7239 0 
2 14.7269 0 
2 14.7299 0 
2 14.7329 0 
2 14.7359 0 
2 14.7388 0 
2 14.7418 0 
2 14.7448 0 
2 14.7478 0 
2 14.7508 0 
2 14.7537 0 
2 14.7567 0 
2 14.7597 0 
2 14.7627 0 
2 14.7657 0 
2 14.7686 0 
2 14.7716 0 
2 14.7746 0 
2 14.7776 0 
2 14.7806 0 
2 14.7835 0 
2 14.7865 0 
2 14.7895 0 
2 14.7925 0 
2 14.7955 0 
2 14.7984 0 
2 14.8014 0 
2 14.8044 0 
2 14.8074 0 
2 14.8104 0 
2 14.8133 0 
2 14.8163 0 
2 14.8193 0 
2 14.8223 0 
2 14.8253 0 
2 14.8283 0 
2 14.8312 0 
2 14.8342 0 
2 14.8372 0 
2 14.8402 0 
2 14.8432 0 
2 14.8461 0 
2 14.8491 0 
2 14.8521 0 
2 14.8551 0 
2 14.8581 0 
2 14.861 0 
2 14.864 0 
2 14.867 0 
2 14.87 0 
2 14.873 0 
2 14.8759 0 
2 14.8789 0 
2 14.8819 0 
2 14.8849 0 
2 14.8879 0 
2 14.8908 0 
2 14.8938 0 
2 14.8968 0 
2 14.8998 0 
2 14.9028 0 
2 14.9057 0 
2 14.9087 0 
2 14.9117 0 
2 14.9147 0 
2 14.9177 0 
2 14.9206 0 
2 14.9236 0 
2 14.9266 0 
2 14.9296 0 
2 14.9326 0 
2 14.9356 0 
2 14.9385 0 
2 14.9415 0 
2 14.9445 0 
2 14.9475 0 
2 14.9505 0 
2 14.9534 0 
2 14.9564 0 
2 14.9594 0 
2 14.9624 0 
2 14.9654 0 
2 14.9683 0 
2 14.9713 0 
2 14.9743 0 
2 14.9773 0 
2 14.9803 0 
2 14.9832 0 
2 14.9862 0 
2 14.9892 0 
2 14.9922 0 
2 14.9952 0 
2 14.9981 0 
