5 0.103044 0 
5 0.106174 0 
5 0.109299 0 
5 0.112418 0 
5 0.115532 0 
5 0.118641 0 
5 0.121745 0 
5 0.124846 0 
5 0.127942 0 
5 0.131034 0 
5 0.134123 0 
5 0.137208 0 
5 0.14029 0 
5 0.143369 0 
5 0.146445 0 
5 0.149519 0 
5 0.15259 0 
5 0.155659 0 
5 0.158725 0 
5 0.161789 0 
5 0.164851 0 
5 0.167911 0 
5 0.170968 0 
5 0.174025 0 
5 0.177079 0 
5 0.180132 0 
5 0.183183 0 
5 0.186232 0 
5 0.18928 0 
5 0.192327 0 
5 0.195372 0 
5 0.198416 0 
5 0.201459 0 
5 0.204501 0 
5 0.207541 0 
5 0.210581 0 
5 0.213619 0 
5 0.216656 0 
5 0.219692 0 
5 0.222727 0 
5 0.225762 0 
5 0.228795 0 
5 0.231828 0 
5 0.23486 0 
5 0.237891 0 
5 0.240921 0 
5 0.24395 0 
5 0.246979 0 
5 0.250007 0 
5 0.253034 0 
5 0.256061 0 
5 0.259087 0 
5 0.262113 0 
5 0.265137 0 
5 0.268162 0 
5 0.271186 0 
5 0.274209 0 
5 0.277232 0 
5 0.280254 0 
5 0.283275 0 
5 0.286297 0 
5 0.289317 0 
5 0.292338 0 
5 0.295358 0 
5 0.298377 0 
5 0.301396 0 
5 0.304415 0 
5 0.307433 0 
5 0.310451 0 
5 0.313469 0 
5 0.316486 0 
5 0.319503 0 
5 0.32252 0 
5 0.325536 0 
5 0.328552 0 
5 0.331568 0 
5 0.334583 0 
5 0.337599 0 
5 0.340613 0 
5 0.343628 0 
5 0.346642 0 
5 0.349657 0 
5 0.35267 0 
5 0.355684 0 
5 0.358698 0 
5 0.361711 0 
5 0.364724 0 
5 0.367736 0 
5 0.370749 0 
5 0.373761 0 
5 0.376774 0 
5 0.379786 0 
5 0.382798 0 
5 0.385809 0 
5 0.388821 0 
5 0.391832 0 
5 0.394844 0 
5 0.397855 0 
5 0.400866 0 
5 0.403876 0 
5 0.406887 0 
5 0.409898 0 
5 0.412908 0 
5 0.415918 0 
5 0.418929 0 
5 0.421939 0 
5 0.424949 0 
5 0.427959 0 
5 0.430968 0 
5 0.433978 0 
5 0.436988 0 
5 0.439997 0 
5 0.443007 0 
5 0.446016 0 
5 0.449025 0 
5 0.452034 0 
5 0.455044 0 
5 0.458053 0 
5 0.461062 0 
5 0.464071 0 
5 0.467079 0 
5 0.470088 0 
5 0.473097 0 
5 0.476106 0 
5 0.479114 0 
5 0.482123 0 
5 0.485132 0 
5 0.48814 0 
5 0.491149 0 
5 0.494157 0 
5 0.497166 0 
5 0.500174 0 
5 0.503182 0 
5 0.506191 0 
5 0.509199 0 
5 0.512207 0 
5 0.515216 0 
5 0.518224 0 
5 0.521232 0 
5 0.52424 0 
5 0.527249 0 
5 0.530257 0 
5 0.533265 0 
5 0.536273 0 
5 0.539281 0 
5 0.54229 0 
5 0.545298 0 
5 0.548306 0 
5 0.551314 0 
5 0.554322 0 
5 0.55733 0 
5 0.560338 0 
5 0.563347 0 
5 0.566355 0 
5 0.569363 0 
5 0.572371 0 
5 0.575379 0 
5 0.578387 0 
5 0.581395 0 
5 0.584404 0 
5 0.587412 0 
5 0.59042 0 
5 0.593428 0 
5 0.596436 0 
5 0.599444 0 
5 0.602453 0 
5 0.605461 0 
5 0.608469 0 
5 0.611477 0 
5 0.614486 0 
5 0.617494 0 
5 0.620502 0 
5 0.62351 0 
5 0.626519 0 
5 0.629527 0 
5 0.632535 0 
5 0.635544 0 
5 0.638552 0 
5 0.64156 0 
5 0.644569 0 
5 0.647577 0 
5 0.650585 0 
5 0.653594 0 
5 0.656602 0 
5 0.65961 0 
5 0.662619 0 
5 0.665627 0 
5 0.668636 0 
5 0.671644 0 
5 0.674652 0 
5 0.677661 0 
5 0.680669 0 
5 0.683678 0 
5 0.686686 0 
5 0.689694 0 
5 0.692703 0 
5 0.695711 0 
5 0.69872 0 
5 0.701728 0 
5 0.704736 0 
5 0.707745 0 
5 0.710753 0 
5 0.713761 0 
5 0.71677 0 
5 0.719778 0 
5 0.722786 0 
5 0.725794 0 
5 0.728803 0 
5 0.731811 0 
5 0.734819 0 
5 0.737827 0 
5 0.740835 0 
5 0.743844 0 
5 0.746852 0 
5 0.74986 0 
5 0.752868 0 
5 0.755876 0 
5 0.758884 0 
5 0.761892 0 
5 0.764899 0 
5 0.767907 0 
5 0.770915 0 
5 0.773923 0 
5 0.776931 0 
5 0.779938 0 
5 0.782946 0 
5 0.785953 0 
5 0.788961 0 
5 0.791968 0 
5 0.794975 0 
5 0.797983 0 
5 0.80099 0 
5 0.803997 0 
5 0.807004 0 
5 0.810011 0 
5 0.813018 0 
5 0.816025 0 
5 0.819032 0 
5 0.822038 0 
5 0.825045 0 
5 0.828051 0 
5 0.831058 0 
5 0.834064 0 
5 0.83707 0 
5 0.840076 0 
5 0.843082 0 
5 0.846088 0 
5 0.849094 0 
5 0.8521 0 
5 0.855105 0 
5 0.858111 0 
5 0.861116 0 
5 0.864121 0 
5 0.867126 0 
5 0.870131 0 
5 0.873136 0 
5 0.876141 0 
5 0.879145 0 
5 0.88215 0 
5 0.885154 0 
5 0.888158 0 
5 0.891162 0 
5 0.894166 0 
5 0.89717 0 
5 0.900173 0 
5 0.903177 0 
5 0.90618 0 
5 0.909183 0 
5 0.912186 0 
5 0.915189 0 
5 0.918191 0 
5 0.921194 0 
5 0.924196 0 
5 0.927198 0 
5 0.9302 0 
5 0.933202 0 
5 0.936203 0 
5 0.939205 0 
5 0.942206 0 
5 0.945207 0 
5 0.948208 0 
5 0.951208 0 
5 0.954209 0 
5 0.957209 0 
5 0.960209 0 
5 0.963209 0 
5 0.966209 0 
5 0.969208 0 
5 0.972207 0 
5 0.975206 0 
5 0.978205 0 
5 0.981204 0 
5 0.984202 0 
5 0.987201 0 
5 0.990199 0 
5 0.993196 0 
5 0.996194 0 
5 0.999191 0 
5 1.00219 0 
5 1.00519 0 
5 1.00818 0 
5 1.01118 0 
5 1.01418 0 
5 1.01717 0 
5 1.02017 0 
5 1.02316 0 
5 1.02616 0 
5 1.02915 0 
5 1.03215 0 
5 1.03514 0 
5 1.03814 0 
5 1.04113 0 
5 1.04413 0 
5 1.04712 0 
5 1.05011 0 
5 1.05311 0 
5 1.0561 0 
5 1.05909 0 
5 1.06209 0 
5 1.06508 0 
5 1.06807 0 
5 1.07106 0 
5 1.07405 0 
5 1.07705 0 
5 1.08004 0 
5 1.08303 0 
5 1.08602 0 
5 1.08901 0 
5 1.092 0 
5 1.09499 0 
5 1.09798 0 
5 1.10097 0 
5 1.10396 0 
5 1.10695 0 
5 1.10994 0 
5 1.11293 0 
5 1.11592 0 
5 1.1189 0 
5 1.12189 0 
5 1.12488 0 
5 1.12787 0 
5 1.13086 0 
5 1.13384 0 
5 1.13683 0 
5 1.13982 0 
5 1.1428 0 
5 1.14579 0 
5 1.14878 0 
5 1.15176 0 
5 1.15475 0 
5 1.15773 0 
5 1.16072 0 
5 1.16371 0 
5 1.16669 0 
5 1.16967 0 
5 1.17266 0 
5 1.17564 0 
5 1.17863 0 
5 1.18161 0 
5 1.1846 0 
5 1.18758 0 
5 1.19056 0 
5 1.19355 0 
5 1.19653 0 
5 1.19951 0 
5 1.2025 0 
5 1.20548 0 
5 1.20846 0 
5 1.21144 0 
5 1.21443 0 
5 1.21741 0 
5 1.22039 0 
5 1.22337 0 
5 1.22635 0 
5 1.22933 0 
5 1.23231 0 
5 1.2353 0 
5 1.23828 0 
5 1.24126 0 
5 1.24424 0 
5 1.24722 0 
5 1.2502 0 
5 1.25318 0 
5 1.25616 0 
5 1.25914 0 
5 1.26212 0 
5 1.2651 0 
5 1.26808 0 
5 1.27106 0 
5 1.27403 0 
5 1.27701 0 
5 1.27999 0 
5 1.28297 0 
5 1.28595 0 
5 1.28893 0 
5 1.29191 0 
5 1.29488 0 
5 1.29786 0 
5 1.30084 0 
5 1.30382 0 
5 1.3068 0 
5 1.30977 0 
5 1.31275 0 
5 1.31573 0 
5 1.31871 0 
5 1.32168 0 
5 1.32466 0 
5 1.32764 0 
5 1.33062 0 
5 1.33359 0 
5 1.33657 0 
5 1.33955 0 
5 1.34252 0 
5 1.3455 0 
5 1.34848 0 
5 1.35145 0 
5 1.35443 0 
5 1.35741 0 
5 1.36038 0 
5 1.36336 0 
5 1.36633 0 
5 1.36931 0 
5 1.37229 0 
5 1.37526 0 
5 1.37824 0 
5 1.38121 0 
5 1.38419 0 
5 1.38717 0 
5 1.39014 0 
5 1.39312 0 
5 1.39609 0 
5 1.39907 0 
5 1.40204 0 
5 1.40502 0 
5 1.40799 0 
5 1.41097 0 
5 1.41395 0 
5 1.41692 0 
5 1.4199 0 
5 1.42287 0 
5 1.42585 0 
5 1.42882 0 
5 1.4318 0 
5 1.43477 0 
5 1.43775 0 
5 1.44072 0 
5 1.4437 0 
5 1.44667 0 
5 1.44965 0 
5 1.45262 0 
5 1.4556 0 
5 1.45857 0 
5 1.46155 0 
5 1.46452 0 
5 1.4675 0 
5 1.47047 0 
5 1.47345 0 
5 1.47642 0 
5 1.4794 0 
5 1.48237 0 
5 1.48535 0 
5 1.48832 0 
5 1.4913 0 
5 1.49427 0 
5 1.49725 0 
5 1.50022 0 
5 1.50319 0 
5 1.50617 0 
5 1.50915 0 
5 1.51212 0 
5 1.51509 0 
5 1.51807 0 
5 1.52104 0 
5 1.52402 0 
5 1.52699 0 
5 1.52997 0 
5 1.53294 0 
5 1.53592 0 
5 1.53889 0 
5 1.54187 0 
5 1.54484 0 
5 1.54782 0 
5 1.55079 0 
5 1.55377 0 
5 1.55674 0 
5 1.55972 0 
5 1.56269 0 
5 1.56567 0 
5 1.56864 0 
5 1.57162 0 
5 1.57459 0 
5 1.57757 0 
5 1.58054 0 
5 1.58352 0 
5 1.58649 0 
5 1.58947 0 
5 1.59244 0 
5 1.59542 0 
5 1.5984 0 
5 1.60137 0 
5 1.60435 0 
5 1.60732 0 
5 1.6103 0 
5 1.61327 0 
5 1.61625 0 
5 1.61922 0 
5 1.6222 0 
5 1.62517 0 
5 1.62815 0 
5 1.63112 0 
5 1.6341 0 
5 1.63707 0 
5 1.64005 0 
5 1.64303 0 
5 1.646 0 
5 1.64898 0 
5 1.65195 0 
5 1.65493 0 
5 1.6579 0 
5 1.66088 0 
5 1.66386 0 
5 1.66683 0 
5 1.66981 0 
5 1.67278 0 
5 1.67576 0 
5 1.67874 0 
5 1.68171 0 
5 1.68469 0 
5 1.68766 0 
5 1.69064 0 
5 1.69362 0 
5 1.69659 0 
5 1.69957 0 
5 1.70254 0 
5 1.70552 0 
5 1.7085 0 
5 1.71147 0 
5 1.71445 0 
5 1.71742 0 
5 1.7204 0 
5 1.72338 0 
5 1.72635 0 
5 1.72933 0 
5 1.73231 0 
5 1.73528 0 
5 1.73826 0 
5 1.74124 0 
5 1.74421 0 
5 1.74719 0 
5 1.75017 0 
5 1.75314 0 
5 1.75612 0 
5 1.7591 0 
5 1.76207 0 
5 1.76505 0 
5 1.76803 0 
5 1.771 0 
5 1.77398 0 
5 1.77696 0 
5 1.77993 0 
5 1.78291 0 
5 1.78589 0 
5 1.78886 0 
5 1.79184 0 
5 1.79482 0 
5 1.79779 0 
5 1.80077 0 
5 1.80375 0 
5 1.80673 0 
5 1.8097 0 
5 1.81268 0 
5 1.81566 0 
5 1.81864 0 
5 1.82161 0 
5 1.82459 0 
5 1.82757 0 
5 1.83054 0 
5 1.83352 0 
5 1.8365 0 
5 1.83948 0 
5 1.84245 0 
5 1.84543 0 
5 1.84841 0 
5 1.85139 0 
5 1.85436 0 
5 1.85734 0 
5 1.86032 0 
5 1.8633 0 
5 1.86627 0 
5 1.86925 0 
5 1.87223 0 
5 1.87521 0 
5 1.87819 0 
5 1.88116 0 
5 1.88414 0 
5 1.88712 0 
5 1.8901 0 
5 1.89308 0 
5 1.89605 0 
5 1.89903 0 
5 1.90201 0 
5 1.90499 0 
5 1.90796 0 
5 1.91094 0 
5 1.91392 0 
5 1.9169 0 
5 1.91988 0 
5 1.92286 0 
5 1.92583 0 
5 1.92881 0 
5 1.93179 0 
5 1.93477 0 
5 1.93775 0 
5 1.94072 0 
5 1.9437 0 
5 1.94668 0 
5 1.94966 0 
5 1.95264 0 
5 1.95562 0 
5 1.95859 0 
5 1.96157 0 
5 1.96455 0 
5 1.96753 0 
5 1.97051 0 
5 1.97349 0 
5 1.97646 0 
5 1.97944 0 
5 1.98242 0 
5 1.9854 0 
5 1.98838 0 
5 1.99136 0 
5 1.99434 0 
5 1.99731 0 
5 2.00029 0 
5 2.00327 0 
5 2.00625 0 
5 2.00923 0 
5 2.01221 0 
5 2.01519 0 
5 2.01817 0 
5 2.02114 0 
5 2.02412 0 
5 2.0271 0 
5 2.03008 0 
5 2.03306 0 
5 2.03604 0 
5 2.03902 0 
5 2.042 0 
5 2.04498 0 
5 2.04795 0 
5 2.05093 0 
5 2.05391 0 
5 2.05689 0 
5 2.05987 0 
5 2.06285 0 
5 2.06583 0 
5 2.06881 0 
5 2.07179 0 
5 2.07477 0 
5 2.07774 0 
5 2.08072 0 
5 2.0837 0 
5 2.08668 0 
5 2.08966 0 
5 2.09264 0 
5 2.09562 0 
5 2.0986 0 
5 2.10158 0 
5 2.10456 0 
5 2.10754 0 
5 2.11052 0 
5 2.1135 0 
5 2.11647 0 
5 2.11945 0 
5 2.12243 0 
5 2.12541 0 
5 2.12839 0 
5 2.13137 0 
5 2.13435 0 
5 2.13733 0 
5 2.14031 0 
5 2.14329 0 
5 2.14627 0 
5 2.14925 0 
5 2.15223 0 
5 2.15521 0 
5 2.15819 0 
5 2.16116 0 
5 2.16414 0 
5 2.16712 0 
5 2.1701 0 
5 2.17308 0 
5 2.17606 0 
5 2.17904 0 
5 2.18202 0 
5 2.185 0 
5 2.18798 0 
5 2.19096 0 
5 2.19394 0 
5 2.19692 0 
5 2.1999 0 
5 2.20288 0 
5 2.20586 0 
5 2.20884 0 
5 2.21182 0 
5 2.2148 0 
5 2.21778 0 
5 2.22076 0 
5 2.22374 0 
5 2.22672 0 
5 2.2297 0 
5 2.23268 0 
5 2.23565 0 
5 2.23863 0 
5 2.24161 0 
5 2.24459 0 
5 2.24757 0 
5 2.25055 0 
5 2.25353 0 
5 2.25651 0 
5 2.25949 0 
5 2.26247 0 
5 2.26545 0 
5 2.26843 0 
5 2.27141 0 
5 2.27439 0 
5 2.27737 0 
5 2.28035 0 
5 2.28333 0 
5 2.28631 0 
5 2.28929 0 
5 2.29227 0 
5 2.29525 0 
5 2.29823 0 
5 2.30121 0 
5 2.30419 0 
5 2.30717 0 
5 2.31015 0 
5 2.31313 0 
5 2.31611 0 
5 2.31909 0 
5 2.32207 0 
5 2.32505 0 
5 2.32803 0 
5 2.33101 0 
5 2.33399 0 
5 2.33697 0 
5 2.33995 0 
5 2.34293 0 
5 2.34591 0 
5 2.34889 0 
5 2.35187 0 
5 2.35485 0 
5 2.35783 0 
5 2.36081 0 
5 2.36379 0 
5 2.36677 0 
5 2.36975 0 
5 2.37273 0 
5 2.37571 0 
5 2.37869 0 
5 2.38167 0 
5 2.38465 0 
5 2.38763 0 
5 2.39061 0 
5 2.39359 0 
5 2.39657 0 
5 2.39955 0 
5 2.40253 0 
5 2.40551 0 
5 2.40849 0 
5 2.41147 0 
5 2.41445 0 
5 2.41743 0 
5 2.42041 0 
5 2.42339 0 
5 2.42637 0 
5 2.42935 0 
5 2.43233 0 
5 2.43531 0 
5 2.43829 0 
5 2.44127 0 
5 2.44425 0 
5 2.44723 0 
5 2.45021 0 
5 2.45319 0 
5 2.45617 0 
5 2.45915 0 
5 2.46213 0 
5 2.46512 0 
5 2.4681 0 
5 2.47108 0 
5 2.47406 0 
5 2.47704 0 
5 2.48002 0 
5 2.483 0 
5 2.48598 0 
5 2.48896 0 
5 2.49194 0 
5 2.49492 0 
5 2.4979 0 
5 2.50088 0 
5 2.50386 0 
5 2.50684 0 
5 2.50982 0 
5 2.5128 0 
5 2.51578 0 
5 2.51876 0 
5 2.52174 0 
5 2.52472 0 
5 2.5277 0 
5 2.53068 0 
5 2.53366 0 
5 2.53664 0 
5 2.53962 0 
5 2.5426 0 
5 2.54558 0 
5 2.54856 0 
5 2.55154 0 
5 2.55452 0 
5 2.5575 0 
5 2.56048 0 
5 2.56346 0 
5 2.56644 0 
5 2.56942 0 
5 2.5724 0 
5 2.57539 0 
5 2.57837 0 
5 2.58135 0 
5 2.58433 0 
5 2.58731 0 
5 2.59029 0 
5 2.59327 0 
5 2.59625 0 
5 2.59923 0 
5 2.60221 0 
5 2.60519 0 
5 2.60817 0 
5 2.61115 0 
5 2.61413 0 
5 2.61711 0 
5 2.62009 0 
5 2.62307 0 
5 2.62605 0 
5 2.62903 0 
5 2.63201 0 
5 2.63499 0 
5 2.63797 0 
5 2.64095 0 
5 2.64393 0 
5 2.64691 0 
5 2.64989 0 
5 2.65288 0 
5 2.65586 0 
5 2.65884 0 
5 2.66182 0 
5 2.6648 0 
5 2.66778 0 
5 2.67076 0 
5 2.67374 0 
5 2.67672 0 
5 2.6797 0 
5 2.68268 0 
5 2.68566 0 
5 2.68864 0 
5 2.69162 0 
5 2.6946 0 
5 2.69758 0 
5 2.70056 0 
5 2.70354 0 
5 2.70652 0 
5 2.7095 0 
5 2.71248 0 
5 2.71546 0 
5 2.71844 0 
5 2.72142 0 
5 2.72441 0 
5 2.72738 0 
5 2.73037 0 
5 2.73335 0 
5 2.73633 0 
5 2.73931 0 
5 2.74229 0 
5 2.74527 0 
5 2.74825 0 
5 2.75123 0 
5 2.75421 0 
5 2.75719 0 
5 2.76017 0 
5 2.76315 0 
5 2.76613 0 
5 2.76911 0 
5 2.77209 0 
5 2.77507 0 
5 2.77805 0 
5 2.78103 0 
5 2.78401 0 
5 2.78699 0 
5 2.78997 0 
5 2.79296 0 
5 2.79594 0 
5 2.79892 0 
5 2.8019 0 
5 2.80488 0 
5 2.80786 0 
5 2.81084 0 
5 2.81382 0 
5 2.8168 0 
5 2.81978 0 
5 2.82276 0 
5 2.82574 0 
5 2.82872 0 
5 2.8317 0 
5 2.83468 0 
5 2.83766 0 
5 2.84064 0 
5 2.84362 0 
5 2.8466 0 
5 2.84958 0 
5 2.85257 0 
5 2.85554 0 
5 2.85853 0 
5 2.86151 0 
5 2.86449 0 
5 2.86747 0 
5 2.87045 0 
5 2.87343 0 
5 2.87641 0 
5 2.87939 0 
5 2.88237 0 
5 2.88535 0 
5 2.88833 0 
5 2.89131 0 
5 2.89429 0 
5 2.89727 0 
5 2.90025 0 
5 2.90323 0 
5 2.90621 0 
5 2.90919 0 
5 2.91217 0 
5 2.91515 0 
5 2.91814 0 
5 2.92112 0 
5 2.9241 0 
5 2.92708 0 
5 2.93006 0 
5 2.93304 0 
5 2.93602 0 
5 2.939 0 
5 2.94198 0 
5 2.94496 0 
5 2.94794 0 
5 2.95092 0 
5 2.9539 0 
5 2.95688 0 
5 2.95986 0 
5 2.96284 0 
5 2.96582 0 
5 2.9688 0 
5 2.97178 0 
5 2.97476 0 
5 2.97775 0 
5 2.98072 0 
5 2.98371 0 
5 2.98669 0 
5 2.98967 0 
5 2.99265 0 
5 2.99563 0 
5 2.99861 0 
5 3.00159 0 
5 3.00457 0 
5 3.00755 0 
5 3.01053 0 
5 3.01351 0 
5 3.01649 0 
5 3.01947 0 
5 3.02245 0 
5 3.02543 0 
5 3.02841 0 
5 3.03139 0 
5 3.03437 0 
5 3.03735 0 
5 3.04033 0 
5 3.04332 0 
5 3.0463 0 
5 3.04928 0 
5 3.05226 0 
5 3.05524 0 
5 3.05822 0 
5 3.0612 0 
5 3.06418 0 
5 3.06716 0 
5 3.07014 0 
5 3.07312 0 
5 3.0761 0 
5 3.07908 0 
5 3.08206 0 
5 3.08504 0 
5 3.08802 0 
5 3.091 0 
5 3.09398 0 
5 3.09696 0 
5 3.09994 0 
5 3.10292 0 
5 3.1059 0 
5 3.10889 0 
5 3.11187 0 
5 3.11485 0 
5 3.11783 0 
5 3.12081 0 
5 3.12379 0 
5 3.12677 0 
5 3.12975 0 
5 3.13273 0 
5 3.13571 0 
5 3.13869 0 
5 3.14167 0 
5 3.14465 0 
5 3.14763 0 
5 3.15061 0 
5 3.15359 0 
5 3.15657 0 
5 3.15955 0 
5 3.16253 0 
5 3.16551 0 
5 3.16849 0 
5 3.17147 0 
5 3.17446 0 
5 3.17743 0 
5 3.18042 0 
5 3.1834 0 
5 3.18638 0 
5 3.18936 0 
5 3.19234 0 
5 3.19532 0 
5 3.1983 0 
5 3.20128 0 
5 3.20426 0 
5 3.20724 0 
5 3.21022 0 
5 3.2132 0 
5 3.21618 0 
5 3.21916 0 
5 3.22214 0 
5 3.22512 0 
5 3.2281 0 
5 3.23108 0 
5 3.23406 0 
5 3.23704 0 
5 3.24002 0 
5 3.243 0 
5 3.24598 0 
5 3.24897 0 
5 3.25195 0 
5 3.25493 0 
5 3.25791 0 
5 3.26089 0 
5 3.26387 0 
5 3.26685 0 
5 3.26983 0 
5 3.27281 0 
5 3.27579 0 
5 3.27877 0 
5 3.28175 0 
5 3.28473 0 
5 3.28771 0 
5 3.29069 0 
5 3.29367 0 
5 3.29665 0 
5 3.29963 0 
5 3.30261 0 
5 3.30559 0 
5 3.30857 0 
5 3.31155 0 
5 3.31453 0 
5 3.31751 0 
5 3.32049 0 
5 3.32347 0 
5 3.32645 0 
5 3.32943 0 
5 3.33241 0 
5 3.33539 0 
5 3.33838 0 
5 3.34136 0 
5 3.34434 0 
5 3.34732 0 
5 3.3503 0 
5 3.35328 0 
5 3.35626 0 
5 3.35924 0 
5 3.36222 0 
5 3.3652 0 
5 3.36818 0 
5 3.37116 0 
5 3.37414 0 
5 3.37712 0 
5 3.3801 0 
5 3.38308 0 
5 3.38606 0 
5 3.38904 0 
5 3.39202 0 
5 3.395 0 
5 3.39798 0 
5 3.40096 0 
5 3.40394 0 
5 3.40692 0 
5 3.4099 0 
5 3.41288 0 
5 3.41586 0 
5 3.41884 0 
5 3.42182 0 
5 3.4248 0 
5 3.42778 0 
5 3.43076 0 
5 3.43374 0 
5 3.43672 0 
5 3.4397 0 
5 3.44268 0 
5 3.44566 0 
5 3.44864 0 
5 3.45162 0 
5 3.4546 0 
5 3.45758 0 
5 3.46056 0 
5 3.46354 0 
5 3.46652 0 
5 3.4695 0 
5 3.47248 0 
5 3.47546 0 
5 3.47844 0 
5 3.48142 0 
5 3.4844 0 
5 3.48738 0 
5 3.49036 0 
5 3.49334 0 
5 3.49632 0 
5 3.4993 0 
5 3.50228 0 
5 3.50526 0 
5 3.50824 0 
5 3.51122 0 
5 3.5142 0 
5 3.51718 0 
5 3.52016 0 
5 3.52314 0 
5 3.52612 0 
5 3.5291 0 
5 3.53208 0 
5 3.53506 0 
5 3.53804 0 
5 3.54102 0 
5 3.544 0 
5 3.54698 0 
5 3.54996 0 
5 3.55294 0 
5 3.55592 0 
5 3.5589 0 
5 3.56188 0 
5 3.56486 0 
5 3.56784 0 
5 3.57082 0 
5 3.5738 0 
5 3.57678 0 
5 3.57976 0 
5 3.58274 0 
5 3.58572 0 
5 3.5887 0 
5 3.59168 0 
5 3.59466 0 
5 3.59764 0 
5 3.60062 0 
5 3.6036 0 
5 3.60658 0 
5 3.60956 0 
5 3.61254 0 
5 3.61552 0 
5 3.6185 0 
5 3.62148 0 
5 3.62446 0 
5 3.62744 0 
5 3.63042 0 
5 3.6334 0 
5 3.63638 0 
5 3.63936 0 
5 3.64233 0 
5 3.64531 0 
5 3.64829 0 
5 3.65127 0 
5 3.65425 0 
5 3.65723 0 
5 3.66021 0 
5 3.66319 0 
5 3.66617 0 
5 3.66915 0 
5 3.67213 0 
5 3.67511 0 
5 3.67809 0 
5 3.68107 0 
5 3.68405 0 
5 3.68703 0 
5 3.69001 0 
5 3.69299 0 
5 3.69596 0 
5 3.69894 0 
5 3.70192 0 
5 3.7049 0 
5 3.70788 0 
5 3.71086 0 
5 3.71384 0 
5 3.71682 0 
5 3.7198 0 
5 3.72278 0 
5 3.72576 0 
5 3.72874 0 
5 3.73172 0 
5 3.73469 0 
5 3.73767 0 
5 3.74065 0 
5 3.74363 0 
5 3.74661 0 
5 3.74959 0 
5 3.75257 0 
5 3.75555 0 
5 3.75853 0 
5 3.76151 0 
5 3.76448 0 
5 3.76746 0 
5 3.77044 0 
5 3.77342 0 
5 3.7764 0 
5 3.77938 0 
5 3.78236 0 
5 3.78534 0 
5 3.78832 0 
5 3.79129 0 
5 3.79427 0 
5 3.79725 0 
5 3.80023 0 
5 3.80321 0 
5 3.80619 0 
5 3.80917 0 
5 3.81214 0 
5 3.81512 0 
5 3.8181 0 
5 3.82108 0 
5 3.82406 0 
5 3.82704 0 
5 3.83002 0 
5 3.83299 0 
5 3.83597 0 
5 3.83895 0 
5 3.84193 0 
5 3.84491 0 
5 3.84789 0 
5 3.85086 0 
5 3.85384 0 
5 3.85682 0 
5 3.8598 0 
5 3.86278 0 
5 3.86575 0 
5 3.86873 0 
5 3.87171 0 
5 3.87469 0 
5 3.87767 0 
5 3.88064 0 
5 3.88362 0 
5 3.8866 0 
5 3.88958 0 
5 3.89256 0 
5 3.89553 0 
5 3.89851 0 
5 3.90149 0 
5 3.90447 0 
5 3.90744 0 
5 3.91042 0 
5 3.9134 0 
5 3.91638 0 
5 3.91935 0 
5 3.92233 0 
5 3.92531 0 
5 3.92829 0 
5 3.93126 0 
5 3.93424 0 
5 3.93722 0 
5 3.9402 0 
5 3.94317 0 
5 3.94615 0 
5 3.94913 0 
5 3.9521 0 
5 3.95508 0 
5 3.95806 0 
5 3.96103 0 
5 3.96401 0 
5 3.96699 0 
5 3.96997 0 
5 3.97294 0 
5 3.97592 0 
5 3.9789 0 
5 3.98187 0 
5 3.98485 0 
5 3.98783 0 
5 3.9908 0 
5 3.99378 0 
5 3.99675 0 
5 3.99973 0 
5 4.00271 0 
5 4.00568 0 
5 4.00866 0 
5 4.01164 0 
5 4.01461 0 
5 4.01759 0 
5 4.02056 0 
5 4.02354 0 
5 4.02652 0 
5 4.02949 0 
5 4.03247 0 
5 4.03544 0 
5 4.03842 0 
5 4.04139 0 
5 4.04437 0 
5 4.04735 0 
5 4.05032 0 
5 4.0533 0 
5 4.05627 0 
5 4.05925 0 
5 4.06222 0 
5 4.0652 0 
5 4.06817 0 
5 4.07115 0 
5 4.07412 0 
5 4.0771 0 
5 4.08007 0 
5 4.08305 0 
5 4.08602 0 
5 4.089 0 
5 4.09197 0 
5 4.09495 0 
5 4.09792 0 
5 4.1009 0 
5 4.10387 0 
5 4.10684 0 
5 4.10982 0 
5 4.11279 0 
5 4.11577 0 
5 4.11874 0 
5 4.12171 0 
5 4.12469 0 
5 4.12766 0 
5 4.13064 0 
5 4.13361 0 
5 4.13658 0 
5 4.13956 0 
5 4.14253 0 
5 4.1455 0 
5 4.14848 0 
5 4.15145 0 
5 4.15442 0 
5 4.1574 0 
5 4.16037 0 
5 4.16334 0 
5 4.16631 0 
5 4.16929 0 
5 4.17226 0 
5 4.17523 0 
5 4.1782 0 
5 4.18118 0 
5 4.18415 0 
5 4.18712 0 
5 4.19009 0 
5 4.19306 0 
5 4.19604 0 
5 4.19901 0 
5 4.20198 0 
5 4.20495 0 
5 4.20792 0 
5 4.21089 0 
5 4.21387 0 
5 4.21684 0 
5 4.21981 0 
5 4.22278 0 
5 4.22575 0 
5 4.22872 0 
5 4.23169 0 
5 4.23466 0 
5 4.23763 0 
5 4.2406 0 
5 4.24357 0 
5 4.24654 0 
5 4.24951 0 
5 4.25248 0 
5 4.25545 0 
5 4.25842 0 
5 4.26139 0 
5 4.26436 0 
5 4.26733 0 
5 4.2703 0 
5 4.27327 0 
5 4.27624 0 
5 4.27921 0 
5 4.28218 0 
5 4.28515 0 
5 4.28812 0 
5 4.29108 0 
5 4.29405 0 
5 4.29702 0 
5 4.29999 0 
5 4.30296 0 
5 4.30592 0 
5 4.30889 0 
5 4.31186 0 
5 4.31483 0 
5 4.3178 0 
5 4.32076 0 
5 4.32373 0 
5 4.3267 0 
5 4.32966 0 
5 4.33263 0 
5 4.3356 0 
5 4.33856 0 
5 4.34153 0 
5 4.3445 0 
5 4.34746 0 
5 4.35043 0 
5 4.3534 0 
5 4.35636 0 
5 4.35933 0 
5 4.36229 0 
5 4.36526 0 
5 4.36822 0 
5 4.37119 0 
5 4.37415 0 
5 4.37712 0 
5 4.38008 0 
5 4.38305 0 
5 4.38601 0 
5 4.38898 0 
5 4.39194 0 
5 4.39491 0 
5 4.39787 0 
5 4.40083 0 
5 4.4038 0 
5 4.40676 0 
5 4.40972 0 
5 4.41269 0 
5 4.41565 0 
5 4.41861 0 
5 4.42158 0 
5 4.42454 0 
5 4.4275 0 
5 4.43046 0 
5 4.43343 0 
5 4.43639 0 
5 4.43935 0 
5 4.44231 0 
5 4.44527 0 
5 4.44824 0 
5 4.4512 0 
5 4.45416 0 
5 4.45712 0 
5 4.46008 0 
5 4.46304 0 
5 4.466 0 
5 4.46896 0 
5 4.47192 0 
5 4.47488 0 
5 4.47784 0 
5 4.4808 0 
5 4.48376 0 
5 4.48672 0 
5 4.48968 0 
5 4.49264 0 
5 4.4956 0 
5 4.49856 0 
5 4.50152 0 
5 4.50448 0 
5 4.50744 0 
5 4.5104 0 
5 4.51335 0 
5 4.51631 0 
5 4.51927 0 
5 4.52223 0 
5 4.52519 0 
5 4.52815 0 
5 4.5311 0 
5 4.53406 0 
5 4.53702 0 
5 4.53998 0 
5 4.54293 0 
5 4.54589 0 
5 4.54885 0 
5 4.5518 0 
5 4.55476 0 
5 4.55772 0 
5 4.56067 0 
5 4.56363 0 
5 4.56659 0 
5 4.56954 0 
5 4.5725 0 
5 4.57545 0 
5 4.57841 0 
5 4.58137 0 
5 4.58432 0 
5 4.58728 0 
5 4.59023 0 
5 4.59319 0 
5 4.59614 0 
5 4.5991 0 
5 4.60205 0 
5 4.60501 0 
5 4.60796 0 
5 4.61092 0 
5 4.61387 0 
5 4.61683 0 
5 4.61978 0 
5 4.62273 0 
5 4.62569 0 
5 4.62864 0 
5 4.6316 0 
5 4.63455 0 
5 4.63751 0 
5 4.64046 0 
5 4.64341 0 
5 4.64637 0 
5 4.64932 0 
5 4.65227 0 
5 4.65523 0 
5 4.65818 0 
5 4.66114 0 
5 4.66409 0 
5 4.66704 0 
5 4.67 0 
5 4.67295 0 
5 4.6759 0 
5 4.67886 0 
5 4.68181 0 
5 4.68476 0 
5 4.68772 0 
5 4.69067 0 
5 4.69362 0 
5 4.69658 0 
5 4.69953 0 
5 4.70248 0 
5 4.70544 0 
5 4.70839 0 
5 4.71134 0 
5 4.71429 0 
5 4.71725 0 
5 4.7202 0 
5 4.72315 0 
5 4.72611 0 
5 4.72906 0 
5 4.73201 0 
5 4.73497 0 
5 4.73792 0 
5 4.74088 0 
5 4.74383 0 
5 4.74678 0 
5 4.74974 0 
5 4.75269 0 
5 4.75564 0 
5 4.7586 0 
5 4.76155 0 
5 4.76451 0 
5 4.76746 0 
5 4.77042 0 
5 4.77337 0 
5 4.77633 0 
5 4.77928 0 
5 4.78223 0 
5 4.78519 0 
5 4.78815 0 
5 4.7911 0 
5 4.79406 0 
5 4.79701 0 
5 4.79997 0 
5 4.80292 0 
5 4.80588 0 
5 4.80884 0 
5 4.81179 0 
5 4.81475 0 
5 4.8177 0 
5 4.82066 0 
5 4.82362 0 
5 4.82658 0 
5 4.82953 0 
5 4.83249 0 
5 4.83545 0 
5 4.83841 0 
5 4.84136 0 
5 4.84432 0 
5 4.84728 0 
5 4.85024 0 
5 4.8532 0 
5 4.85616 0 
5 4.85912 0 
5 4.86208 0 
5 4.86504 0 
5 4.868 0 
5 4.87096 0 
5 4.87392 0 
5 4.87688 0 
5 4.87984 0 
5 4.8828 0 
5 4.88577 0 
5 4.88873 0 
5 4.89169 0 
5 4.89465 0 
5 4.89762 0 
5 4.90058 0 
5 4.90354 0 
5 4.90651 0 
5 4.90947 0 
5 4.91244 0 
5 4.9154 0 
5 4.91837 0 
5 4.92133 0 
5 4.9243 0 
5 4.92726 0 
5 4.93023 0 
5 4.9332 0 
5 4.93616 0 
5 4.93913 0 
5 4.9421 0 
5 4.94507 0 
5 4.94804 0 
5 4.951 0 
5 4.95397 0 
5 4.95694 0 
5 4.95991 0 
5 4.96288 0 
5 4.96585 0 
5 4.96882 0 
5 4.9718 0 
5 4.97477 0 
5 4.97774 0 
5 4.98071 0 
5 4.98368 0 
5 4.98666 0 
5 4.98963 0 
5 4.99261 0 
5 4.99558 0 
5 4.99855 0 
5 5.00153 0 
5 5.0045 0 
5 5.00748 0 
5 5.01046 0 
5 5.01343 0 
5 5.01641 0 
5 5.01939 0 
5 5.02236 0 
5 5.02534 0 
5 5.02832 0 
5 5.0313 0 
5 5.03428 0 
5 5.03726 0 
5 5.04024 0 
5 5.04322 0 
5 5.0462 0 
5 5.04918 0 
5 5.05216 0 
5 5.05514 0 
5 5.05813 0 
5 5.06111 0 
5 5.06409 0 
5 5.06707 0 
5 5.07006 0 
5 5.07304 0 
5 5.07603 0 
5 5.07901 0 
5 5.08199 0 
5 5.08498 0 
5 5.08797 0 
5 5.09095 0 
5 5.09394 0 
5 5.09692 0 
5 5.09991 0 
5 5.1029 0 
5 5.10589 0 
5 5.10888 0 
5 5.11186 0 
5 5.11485 0 
5 5.11784 0 
5 5.12083 0 
5 5.12382 0 
5 5.12681 0 
5 5.1298 0 
5 5.13279 0 
5 5.13578 0 
5 5.13877 0 
5 5.14176 0 
5 5.14476 0 
5 5.14775 0 
5 5.15074 0 
5 5.15373 0 
5 5.15673 0 
5 5.15972 0 
5 5.16271 0 
5 5.16571 0 
5 5.1687 0 
5 5.17169 0 
5 5.17469 0 
5 5.17768 0 
5 5.18068 0 
5 5.18367 0 
5 5.18667 0 
5 5.18966 0 
5 5.19266 0 
5 5.19566 0 
5 5.19865 0 
5 5.20165 0 
5 5.20465 0 
5 5.20764 0 
5 5.21064 0 
5 5.21364 0 
5 5.21664 0 
5 5.21963 0 
5 5.22263 0 
5 5.22563 0 
5 5.22863 0 
5 5.23163 0 
5 5.23462 0 
5 5.23762 0 
5 5.24062 0 
5 5.24362 0 
5 5.24662 0 
5 5.24962 0 
5 5.25262 0 
5 5.25562 0 
5 5.25862 0 
5 5.26162 0 
5 5.26462 0 
5 5.26762 0 
5 5.27062 0 
5 5.27362 0 
5 5.27662 0 
5 5.27962 0 
5 5.28262 0 
5 5.28562 0 
5 5.28862 0 
5 5.29162 0 
5 5.29463 0 
5 5.29763 0 
5 5.30063 0 
5 5.30363 0 
5 5.30663 0 
5 5.30963 0 
5 5.31263 0 
5 5.31564 0 
5 5.31864 0 
5 5.32164 0 
5 5.32464 0 
5 5.32764 0 
5 5.33064 0 
5 5.33365 0 
5 5.33665 0 
5 5.33965 0 
5 5.34265 0 
5 5.34565 0 
5 5.34865 0 
5 5.35166 0 
5 5.35466 0 
5 5.35766 0 
5 5.36066 0 
5 5.36366 0 
5 5.36667 0 
5 5.36967 0 
5 5.37267 0 
5 5.37567 0 
5 5.37867 0 
5 5.38167 0 
5 5.38468 0 
5 5.38768 0 
5 5.39068 0 
5 5.39368 0 
5 5.39668 0 
5 5.39969 0 
5 5.40269 0 
5 5.40569 0 
5 5.40869 0 
5 5.41169 0 
5 5.41469 0 
5 5.41769 0 
5 5.4207 0 
5 5.4237 0 
5 5.4267 0 
5 5.4297 0 
5 5.4327 0 
5 5.4357 0 
5 5.4387 0 
5 5.4417 0 
5 5.44471 0 
5 5.44771 0 
5 5.45071 0 
5 5.45371 0 
5 5.45671 0 
5 5.45971 0 
5 5.46271 0 
5 5.46571 0 
5 5.46871 0 
5 5.47171 0 
5 5.47471 0 
5 5.47771 0 
5 5.48071 0 
5 5.48371 0 
5 5.48671 0 
5 5.48971 0 
5 5.49271 0 
5 5.49571 0 
5 5.49871 0 
5 5.50171 0 
5 5.50471 0 
5 5.5077 0 
5 5.5107 0 
5 5.5137 0 
5 5.5167 0 
5 5.5197 0 
5 5.5227 0 
5 5.5257 0 
5 5.5287 0 
5 5.53169 0 
5 5.53469 0 
5 5.53769 0 
5 5.54069 0 
5 5.54369 0 
5 5.54668 0 
5 5.54968 0 
5 5.55268 0 
5 5.55568 0 
5 5.55867 0 
5 5.56167 0 
5 5.56467 0 
5 5.56767 0 
5 5.57066 0 
5 5.57366 0 
5 5.57666 0 
5 5.57965 0 
5 5.58265 0 
5 5.58565 0 
5 5.58864 0 
5 5.59164 0 
5 5.59464 0 
5 5.59763 0 
5 5.60063 0 
5 5.60362 0 
5 5.60662 0 
5 5.60961 0 
5 5.61261 0 
5 5.61561 0 
5 5.6186 0 
5 5.6216 0 
5 5.62459 0 
5 5.62759 0 
5 5.63058 0 
5 5.63358 0 
5 5.63657 0 
5 5.63956 0 
5 5.64256 0 
5 5.64555 0 
5 5.64855 0 
5 5.65154 0 
5 5.65454 0 
5 5.65753 0 
5 5.66052 0 
5 5.66352 0 
5 5.66651 0 
5 5.6695 0 
5 5.6725 0 
5 5.67549 0 
5 5.67848 0 
5 5.68148 0 
5 5.68447 0 
5 5.68746 0 
5 5.69046 0 
5 5.69345 0 
5 5.69644 0 
5 5.69943 0 
5 5.70243 0 
5 5.70542 0 
5 5.70841 0 
5 5.7114 0 
5 5.71439 0 
5 5.71739 0 
5 5.72038 0 
5 5.72337 0 
5 5.72636 0 
5 5.72935 0 
5 5.73234 0 
5 5.73534 0 
5 5.73833 0 
5 5.74132 0 
5 5.74431 0 
5 5.7473 0 
5 5.75029 0 
5 5.75328 0 
5 5.75627 0 
5 5.75926 0 
5 5.76225 0 
5 5.76524 0 
5 5.76823 0 
5 5.77122 0 
5 5.77421 0 
5 5.7772 0 
5 5.78019 0 
5 5.78318 0 
5 5.78617 0 
5 5.78916 0 
5 5.79215 0 
5 5.79514 0 
5 5.79813 0 
5 5.80112 0 
5 5.80411 0 
5 5.8071 0 
5 5.81009 0 
5 5.81308 0 
5 5.81607 0 
5 5.81906 0 
5 5.82204 0 
5 5.82503 0 
5 5.82802 0 
5 5.83101 0 
5 5.834 0 
5 5.83699 0 
5 5.83998 0 
5 5.84296 0 
5 5.84595 0 
5 5.84894 0 
5 5.85193 0 
5 5.85492 0 
5 5.8579 0 
5 5.86089 0 
5 5.86388 0 
5 5.86687 0 
5 5.86986 0 
5 5.87284 0 
5 5.87583 0 
5 5.87882 0 
5 5.88181 0 
5 5.88479 0 
5 5.88778 0 
5 5.89077 0 
5 5.89375 0 
5 5.89674 0 
5 5.89973 0 
5 5.90272 0 
5 5.9057 0 
5 5.90869 0 
5 5.91168 0 
5 5.91466 0 
5 5.91765 0 
5 5.92064 0 
5 5.92362 0 
5 5.92661 0 
5 5.92959 0 
5 5.93258 0 
5 5.93557 0 
5 5.93855 0 
5 5.94154 0 
5 5.94453 0 
5 5.94751 0 
5 5.9505 0 
5 5.95348 0 
5 5.95647 0 
5 5.95946 0 
5 5.96244 0 
5 5.96543 0 
5 5.96841 0 
5 5.9714 0 
5 5.97438 0 
5 5.97737 0 
5 5.98036 0 
5 5.98334 0 
5 5.98633 0 
5 5.98931 0 
5 5.9923 0 
5 5.99528 0 
5 5.99827 0 
5 6.00125 0 
5 6.00424 0 
5 6.00722 0 
5 6.01021 0 
5 6.01319 0 
5 6.01618 0 
5 6.01916 0 
5 6.02215 0 
5 6.02513 0 
5 6.02812 0 
5 6.0311 0 
5 6.03409 0 
5 6.03707 0 
5 6.04006 0 
5 6.04304 0 
5 6.04603 0 
5 6.04901 0 
5 6.05199 0 
5 6.05498 0 
5 6.05796 0 
5 6.06095 0 
5 6.06393 0 
5 6.06692 0 
5 6.0699 0 
5 6.07288 0 
5 6.07587 0 
5 6.07885 0 
5 6.08184 0 
5 6.08482 0 
5 6.08781 0 
5 6.09079 0 
5 6.09377 0 
5 6.09676 0 
5 6.09974 0 
5 6.10273 0 
5 6.10571 0 
5 6.10869 0 
5 6.11168 0 
5 6.11466 0 
5 6.11764 0 
5 6.12063 0 
5 6.12361 0 
5 6.1266 0 
5 6.12958 0 
5 6.13256 0 
5 6.13554 0 
5 6.13853 0 
5 6.14151 0 
5 6.1445 0 
5 6.14748 0 
5 6.15046 0 
5 6.15345 0 
5 6.15643 0 
5 6.15941 0 
5 6.1624 0 
5 6.16538 0 
5 6.16836 0 
5 6.17135 0 
5 6.17433 0 
5 6.17731 0 
5 6.18029 0 
5 6.18328 0 
5 6.18626 0 
5 6.18924 0 
5 6.19223 0 
5 6.19521 0 
5 6.19819 0 
5 6.20118 0 
5 6.20416 0 
5 6.20714 0 
5 6.21012 0 
5 6.21311 0 
5 6.21609 0 
5 6.21907 0 
5 6.22206 0 
5 6.22504 0 
5 6.22802 0 
5 6.231 0 
5 6.23399 0 
5 6.23697 0 
5 6.23995 0 
5 6.24294 0 
5 6.24592 0 
5 6.2489 0 
5 6.25188 0 
5 6.25487 0 
5 6.25785 0 
5 6.26083 0 
5 6.26381 0 
5 6.2668 0 
5 6.26978 0 
5 6.27276 0 
5 6.27574 0 
5 6.27873 0 
5 6.28171 0 
5 6.28469 0 
5 6.28767 0 
5 6.29065 0 
5 6.29364 0 
5 6.29662 0 
5 6.2996 0 
5 6.30258 0 
5 6.30557 0 
5 6.30855 0 
5 6.31153 0 
5 6.31451 0 
5 6.3175 0 
5 6.32048 0 
5 6.32346 0 
5 6.32644 0 
5 6.32942 0 
5 6.33241 0 
5 6.33539 0 
5 6.33837 0 
5 6.34135 0 
5 6.34434 0 
5 6.34732 0 
5 6.3503 0 
5 6.35328 0 
5 6.35626 0 
5 6.35925 0 
5 6.36223 0 
5 6.36521 0 
5 6.36819 0 
5 6.37117 0 
5 6.37416 0 
5 6.37714 0 
5 6.38012 0 
5 6.3831 0 
5 6.38608 0 
5 6.38907 0 
5 6.39205 0 
5 6.39503 0 
5 6.39801 0 
5 6.40099 0 
5 6.40397 0 
5 6.40696 0 
5 6.40994 0 
5 6.41292 0 
5 6.4159 0 
5 6.41888 0 
5 6.42187 0 
5 6.42485 0 
5 6.42783 0 
5 6.43081 0 
5 6.43379 0 
5 6.43677 0 
5 6.43976 0 
5 6.44274 0 
5 6.44572 0 
5 6.4487 0 
5 6.45168 0 
5 6.45466 0 
5 6.45765 0 
5 6.46063 0 
5 6.46361 0 
5 6.46659 0 
5 6.46957 0 
5 6.47255 0 
5 6.47554 0 
5 6.47852 0 
5 6.4815 0 
5 6.48448 0 
5 6.48746 0 
5 6.49044 0 
5 6.49343 0 
5 6.49641 0 
5 6.49939 0 
5 6.50237 0 
5 6.50535 0 
5 6.50833 0 
5 6.51132 0 
5 6.5143 0 
5 6.51728 0 
5 6.52026 0 
5 6.52324 0 
5 6.52622 0 
5 6.5292 0 
5 6.53219 0 
5 6.53517 0 
5 6.53815 0 
5 6.54113 0 
5 6.54411 0 
5 6.54709 0 
5 6.55007 0 
5 6.55306 0 
5 6.55604 0 
5 6.55902 0 
5 6.562 0 
5 6.56498 0 
5 6.56796 0 
5 6.57094 0 
5 6.57393 0 
5 6.57691 0 
5 6.57989 0 
5 6.58287 0 
5 6.58585 0 
5 6.58883 0 
5 6.59181 0 
5 6.59479 0 
5 6.59778 0 
5 6.60076 0 
5 6.60374 0 
5 6.60672 0 
5 6.6097 0 
5 6.61268 0 
5 6.61566 0 
5 6.61865 0 
5 6.62163 0 
5 6.62461 0 
5 6.62759 0 
5 6.63057 0 
5 6.63355 0 
5 6.63653 0 
5 6.63951 0 
5 6.6425 0 
5 6.64548 0 
5 6.64846 0 
5 6.65144 0 
5 6.65442 0 
5 6.6574 0 
5 6.66038 0 
5 6.66336 0 
5 6.66635 0 
5 6.66933 0 
5 6.67231 0 
5 6.67529 0 
5 6.67827 0 
5 6.68125 0 
5 6.68423 0 
5 6.68721 0 
5 6.6902 0 
5 6.69318 0 
5 6.69616 0 
5 6.69914 0 
5 6.70212 0 
5 6.7051 0 
5 6.70808 0 
5 6.71106 0 
5 6.71405 0 
5 6.71703 0 
5 6.72001 0 
5 6.72299 0 
5 6.72597 0 
5 6.72895 0 
5 6.73193 0 
5 6.73491 0 
5 6.73789 0 
5 6.74088 0 
5 6.74386 0 
5 6.74684 0 
5 6.74982 0 
5 6.7528 0 
5 6.75578 0 
5 6.75876 0 
5 6.76174 0 
5 6.76472 0 
5 6.76771 0 
5 6.77069 0 
5 6.77367 0 
5 6.77665 0 
5 6.77963 0 
5 6.78261 0 
5 6.78559 0 
5 6.78857 0 
5 6.79156 0 
5 6.79454 0 
5 6.79752 0 
5 6.8005 0 
5 6.80348 0 
5 6.80646 0 
5 6.80944 0 
5 6.81242 0 
5 6.8154 0 
5 6.81838 0 
5 6.82137 0 
5 6.82435 0 
5 6.82733 0 
5 6.83031 0 
5 6.83329 0 
5 6.83627 0 
5 6.83925 0 
5 6.84223 0 
5 6.84521 0 
5 6.8482 0 
5 6.85118 0 
5 6.85416 0 
5 6.85714 0 
5 6.86012 0 
5 6.8631 0 
5 6.86608 0 
5 6.86906 0 
5 6.87204 0 
5 6.87502 0 
5 6.87801 0 
5 6.88099 0 
5 6.88397 0 
5 6.88695 0 
5 6.88993 0 
5 6.89291 0 
5 6.89589 0 
5 6.89887 0 
5 6.90185 0 
5 6.90483 0 
5 6.90782 0 
5 6.9108 0 
5 6.91378 0 
5 6.91676 0 
5 6.91974 0 
5 6.92272 0 
5 6.9257 0 
5 6.92868 0 
5 6.93166 0 
5 6.93464 0 
5 6.93763 0 
5 6.94061 0 
5 6.94359 0 
5 6.94657 0 
5 6.94955 0 
5 6.95253 0 
5 6.95551 0 
5 6.95849 0 
5 6.96147 0 
5 6.96445 0 
5 6.96744 0 
5 6.97042 0 
5 6.9734 0 
5 6.97638 0 
5 6.97936 0 
5 6.98234 0 
5 6.98532 0 
5 6.9883 0 
5 6.99128 0 
5 6.99426 0 
5 6.99725 0 
5 7.00023 0 
5 7.00321 0 
5 7.00619 0 
5 7.00917 0 
5 7.01215 0 
5 7.01513 0 
5 7.01811 0 
5 7.02109 0 
5 7.02407 0 
5 7.02706 0 
5 7.03004 0 
5 7.03302 0 
5 7.036 0 
5 7.03898 0 
5 7.04196 0 
5 7.04494 0 
5 7.04792 0 
5 7.0509 0 
5 7.05388 0 
5 7.05687 0 
5 7.05985 0 
5 7.06283 0 
5 7.06581 0 
5 7.06879 0 
5 7.07177 0 
5 7.07475 0 
5 7.07773 0 
5 7.08071 0 
5 7.08369 0 
5 7.08667 0 
5 7.08966 0 
5 7.09264 0 
5 7.09562 0 
5 7.0986 0 
5 7.10158 0 
5 7.10456 0 
5 7.10754 0 
5 7.11052 0 
5 7.1135 0 
5 7.11648 0 
5 7.11946 0 
5 7.12245 0 
5 7.12543 0 
5 7.12841 0 
5 7.13139 0 
5 7.13437 0 
5 7.13735 0 
5 7.14033 0 
5 7.14331 0 
5 7.14629 0 
5 7.14927 0 
5 7.15226 0 
5 7.15524 0 
5 7.15822 0 
5 7.1612 0 
5 7.16418 0 
5 7.16716 0 
5 7.17014 0 
5 7.17312 0 
5 7.1761 0 
5 7.17908 0 
5 7.18206 0 
5 7.18504 0 
5 7.18803 0 
5 7.19101 0 
5 7.19399 0 
5 7.19697 0 
5 7.19995 0 
5 7.20293 0 
5 7.20591 0 
5 7.20889 0 
5 7.21187 0 
5 7.21485 0 
5 7.21784 0 
5 7.22082 0 
5 7.2238 0 
5 7.22678 0 
5 7.22976 0 
5 7.23274 0 
5 7.23572 0 
5 7.2387 0 
5 7.24168 0 
5 7.24466 0 
5 7.24764 0 
5 7.25062 0 
5 7.25361 0 
5 7.25659 0 
5 7.25957 0 
5 7.26255 0 
5 7.26553 0 
5 7.26851 0 
5 7.27149 0 
5 7.27447 0 
5 7.27745 0 
5 7.28043 0 
5 7.28341 0 
5 7.2864 0 
5 7.28938 0 
5 7.29236 0 
5 7.29534 0 
5 7.29832 0 
5 7.3013 0 
5 7.30428 0 
5 7.30726 0 
5 7.31024 0 
5 7.31322 0 
5 7.31621 0 
5 7.31919 0 
5 7.32217 0 
5 7.32515 0 
5 7.32813 0 
5 7.33111 0 
5 7.33409 0 
5 7.33707 0 
5 7.34005 0 
5 7.34303 0 
5 7.34601 0 
5 7.34899 0 
5 7.35198 0 
5 7.35496 0 
5 7.35794 0 
5 7.36092 0 
5 7.3639 0 
5 7.36688 0 
5 7.36986 0 
5 7.37284 0 
5 7.37582 0 
5 7.3788 0 
5 7.38178 0 
5 7.38476 0 
5 7.38775 0 
5 7.39073 0 
5 7.39371 0 
5 7.39669 0 
5 7.39967 0 
5 7.40265 0 
5 7.40563 0 
5 7.40861 0 
5 7.41159 0 
5 7.41457 0 
5 7.41755 0 
5 7.42054 0 
5 7.42352 0 
5 7.4265 0 
5 7.42948 0 
5 7.43246 0 
5 7.43544 0 
5 7.43842 0 
5 7.4414 0 
5 7.44438 0 
5 7.44736 0 
5 7.45034 0 
5 7.45333 0 
5 7.45631 0 
5 7.45929 0 
5 7.46227 0 
5 7.46525 0 
5 7.46823 0 
5 7.47121 0 
5 7.47419 0 
5 7.47717 0 
5 7.48015 0 
5 7.48313 0 
5 7.48611 0 
5 7.4891 0 
5 7.49208 0 
5 7.49506 0 
5 7.49804 0 
5 7.50102 0 
5 7.504 0 
5 7.50698 0 
5 7.50996 0 
5 7.51294 0 
5 7.51592 0 
5 7.5189 0 
5 7.52189 0 
5 7.52487 0 
5 7.52785 0 
5 7.53083 0 
5 7.53381 0 
5 7.53679 0 
5 7.53977 0 
5 7.54275 0 
5 7.54573 0 
5 7.54871 0 
5 7.55169 0 
5 7.55467 0 
5 7.55766 0 
5 7.56064 0 
5 7.56362 0 
5 7.5666 0 
5 7.56958 0 
5 7.57256 0 
5 7.57554 0 
5 7.57852 0 
5 7.5815 0 
5 7.58448 0 
5 7.58746 0 
5 7.59044 0 
5 7.59343 0 
5 7.59641 0 
5 7.59939 0 
5 7.60237 0 
5 7.60535 0 
5 7.60833 0 
5 7.61131 0 
5 7.61429 0 
5 7.61727 0 
5 7.62025 0 
5 7.62323 0 
5 7.62621 0 
5 7.6292 0 
5 7.63218 0 
5 7.63516 0 
5 7.63814 0 
5 7.64112 0 
5 7.6441 0 
5 7.64708 0 
5 7.65006 0 
5 7.65304 0 
5 7.65602 0 
5 7.659 0 
5 7.66199 0 
5 7.66497 0 
5 7.66795 0 
5 7.67093 0 
5 7.67391 0 
5 7.67689 0 
5 7.67987 0 
5 7.68285 0 
5 7.68583 0 
5 7.68881 0 
5 7.69179 0 
5 7.69477 0 
5 7.69776 0 
5 7.70074 0 
5 7.70372 0 
5 7.7067 0 
5 7.70968 0 
5 7.71266 0 
5 7.71564 0 
5 7.71862 0 
5 7.7216 0 
5 7.72458 0 
5 7.72756 0 
5 7.73054 0 
5 7.73353 0 
5 7.73651 0 
5 7.73949 0 
5 7.74247 0 
5 7.74545 0 
5 7.74843 0 
5 7.75141 0 
5 7.75439 0 
5 7.75737 0 
5 7.76035 0 
5 7.76333 0 
5 7.76632 0 
5 7.7693 0 
5 7.77228 0 
5 7.77526 0 
5 7.77824 0 
5 7.78122 0 
5 7.7842 0 
5 7.78718 0 
5 7.79016 0 
5 7.79314 0 
5 7.79612 0 
5 7.7991 0 
5 7.80209 0 
5 7.80507 0 
5 7.80805 0 
5 7.81103 0 
5 7.81401 0 
5 7.81699 0 
5 7.81997 0 
5 7.82295 0 
5 7.82593 0 
5 7.82891 0 
5 7.83189 0 
5 7.83487 0 
5 7.83786 0 
5 7.84084 0 
5 7.84382 0 
5 7.8468 0 
5 7.84978 0 
5 7.85276 0 
5 7.85574 0 
5 7.85872 0 
5 7.8617 0 
5 7.86468 0 
5 7.86766 0 
5 7.87064 0 
5 7.87363 0 
5 7.87661 0 
5 7.87959 0 
5 7.88257 0 
5 7.88555 0 
5 7.88853 0 
5 7.89151 0 
5 7.89449 0 
5 7.89747 0 
5 7.90045 0 
5 7.90343 0 
5 7.90641 0 
5 7.9094 0 
5 7.91238 0 
5 7.91536 0 
5 7.91834 0 
5 7.92132 0 
5 7.9243 0 
5 7.92728 0 
5 7.93026 0 
5 7.93324 0 
5 7.93622 0 
5 7.9392 0 
5 7.94218 0 
5 7.94517 0 
5 7.94815 0 
5 7.95113 0 
5 7.95411 0 
5 7.95709 0 
5 7.96007 0 
5 7.96305 0 
5 7.96603 0 
5 7.96901 0 
5 7.97199 0 
5 7.97497 0 
5 7.97795 0 
5 7.98093 0 
5 7.98392 0 
5 7.9869 0 
5 7.98988 0 
5 7.99286 0 
5 7.99584 0 
5 7.99882 0 
5 8.0018 0 
5 8.00478 0 
5 8.00776 0 
5 8.01074 0 
5 8.01372 0 
5 8.01671 0 
5 8.01969 0 
5 8.02267 0 
5 8.02565 0 
5 8.02863 0 
5 8.03161 0 
5 8.03459 0 
5 8.03757 0 
5 8.04055 0 
5 8.04353 0 
5 8.04651 0 
5 8.04949 0 
5 8.05248 0 
5 8.05546 0 
5 8.05844 0 
5 8.06142 0 
5 8.0644 0 
5 8.06738 0 
5 8.07036 0 
5 8.07334 0 
5 8.07632 0 
5 8.0793 0 
5 8.08228 0 
5 8.08526 0 
5 8.08825 0 
5 8.09123 0 
5 8.09421 0 
5 8.09719 0 
5 8.10017 0 
5 8.10315 0 
5 8.10613 0 
5 8.10911 0 
5 8.11209 0 
5 8.11507 0 
5 8.11805 0 
5 8.12103 0 
5 8.12401 0 
5 8.127 0 
5 8.12998 0 
5 8.13296 0 
5 8.13594 0 
5 8.13892 0 
5 8.1419 0 
5 8.14488 0 
5 8.14786 0 
5 8.15084 0 
5 8.15382 0 
5 8.1568 0 
5 8.15978 0 
5 8.16277 0 
5 8.16575 0 
5 8.16873 0 
5 8.17171 0 
5 8.17469 0 
5 8.17767 0 
5 8.18065 0 
5 8.18363 0 
5 8.18661 0 
5 8.18959 0 
5 8.19257 0 
5 8.19555 0 
5 8.19854 0 
5 8.20152 0 
5 8.2045 0 
5 8.20748 0 
5 8.21046 0 
5 8.21344 0 
5 8.21642 0 
5 8.2194 0 
5 8.22238 0 
5 8.22536 0 
5 8.22834 0 
5 8.23133 0 
5 8.23431 0 
5 8.23729 0 
5 8.24027 0 
5 8.24325 0 
5 8.24623 0 
5 8.24921 0 
5 8.25219 0 
5 8.25517 0 
5 8.25815 0 
5 8.26113 0 
5 8.26411 0 
5 8.26709 0 
5 8.27008 0 
5 8.27306 0 
5 8.27604 0 
5 8.27902 0 
5 8.282 0 
5 8.28498 0 
5 8.28796 0 
5 8.29094 0 
5 8.29392 0 
5 8.2969 0 
5 8.29988 0 
5 8.30286 0 
5 8.30584 0 
5 8.30883 0 
5 8.31181 0 
5 8.31479 0 
5 8.31777 0 
5 8.32075 0 
5 8.32373 0 
5 8.32671 0 
5 8.32969 0 
5 8.33267 0 
5 8.33565 0 
5 8.33863 0 
5 8.34162 0 
5 8.3446 0 
5 8.34758 0 
5 8.35056 0 
5 8.35354 0 
5 8.35652 0 
5 8.3595 0 
5 8.36248 0 
5 8.36546 0 
5 8.36844 0 
5 8.37142 0 
5 8.3744 0 
5 8.37738 0 
5 8.38037 0 
5 8.38335 0 
5 8.38633 0 
5 8.38931 0 
5 8.39229 0 
5 8.39527 0 
5 8.39825 0 
5 8.40123 0 
5 8.40421 0 
5 8.40719 0 
5 8.41017 0 
5 8.41315 0 
5 8.41613 0 
5 8.41912 0 
5 8.4221 0 
5 8.42508 0 
5 8.42806 0 
5 8.43104 0 
5 8.43402 0 
5 8.437 0 
5 8.43998 0 
5 8.44296 0 
5 8.44594 0 
5 8.44892 0 
5 8.45191 0 
5 8.45489 0 
5 8.45787 0 
5 8.46085 0 
5 8.46383 0 
5 8.46681 0 
5 8.46979 0 
5 8.47277 0 
5 8.47575 0 
5 8.47873 0 
5 8.48171 0 
5 8.48469 0 
5 8.48767 0 
5 8.49066 0 
5 8.49364 0 
5 8.49662 0 
5 8.4996 0 
5 8.50258 0 
5 8.50556 0 
5 8.50854 0 
5 8.51152 0 
5 8.5145 0 
5 8.51748 0 
5 8.52046 0 
5 8.52344 0 
5 8.52643 0 
5 8.52941 0 
5 8.53239 0 
5 8.53537 0 
5 8.53835 0 
5 8.54133 0 
5 8.54431 0 
5 8.54729 0 
5 8.55027 0 
5 8.55325 0 
5 8.55623 0 
5 8.55921 0 
5 8.5622 0 
5 8.56518 0 
5 8.56816 0 
5 8.57114 0 
5 8.57412 0 
5 8.5771 0 
5 8.58008 0 
5 8.58306 0 
5 8.58604 0 
5 8.58902 0 
5 8.592 0 
5 8.59498 0 
5 8.59796 0 
5 8.60094 0 
5 8.60393 0 
5 8.60691 0 
5 8.60989 0 
5 8.61287 0 
5 8.61585 0 
5 8.61883 0 
5 8.62181 0 
5 8.62479 0 
5 8.62777 0 
5 8.63075 0 
5 8.63373 0 
5 8.63672 0 
5 8.6397 0 
5 8.64268 0 
5 8.64566 0 
5 8.64864 0 
5 8.65162 0 
5 8.6546 0 
5 8.65758 0 
5 8.66056 0 
5 8.66354 0 
5 8.66652 0 
5 8.6695 0 
5 8.67248 0 
5 8.67547 0 
5 8.67845 0 
5 8.68143 0 
5 8.68441 0 
5 8.68739 0 
5 8.69037 0 
5 8.69335 0 
5 8.69633 0 
5 8.69931 0 
5 8.70229 0 
5 8.70527 0 
5 8.70825 0 
5 8.71123 0 
5 8.71422 0 
5 8.7172 0 
5 8.72018 0 
5 8.72316 0 
5 8.72614 0 
5 8.72912 0 
5 8.7321 0 
5 8.73508 0 
5 8.73806 0 
5 8.74104 0 
5 8.74402 0 
5 8.74701 0 
5 8.74999 0 
5 8.75297 0 
5 8.75595 0 
5 8.75893 0 
5 8.76191 0 
5 8.76489 0 
5 8.76787 0 
5 8.77085 0 
5 8.77383 0 
5 8.77681 0 
5 8.77979 0 
5 8.78277 0 
5 8.78575 0 
5 8.78874 0 
5 8.79172 0 
5 8.7947 0 
5 8.79768 0 
5 8.80066 0 
5 8.80364 0 
5 8.80662 0 
5 8.8096 0 
5 8.81258 0 
5 8.81556 0 
5 8.81854 0 
5 8.82153 0 
5 8.82451 0 
5 8.82749 0 
5 8.83047 0 
5 8.83345 0 
5 8.83643 0 
5 8.83941 0 
5 8.84239 0 
5 8.84537 0 
5 8.84835 0 
5 8.85133 0 
5 8.85431 0 
5 8.85729 0 
5 8.86027 0 
5 8.86326 0 
5 8.86624 0 
5 8.86922 0 
5 8.8722 0 
5 8.87518 0 
5 8.87816 0 
5 8.88114 0 
5 8.88412 0 
5 8.8871 0 
5 8.89008 0 
5 8.89306 0 
5 8.89604 0 
5 8.89903 0 
5 8.90201 0 
5 8.90499 0 
5 8.90797 0 
5 8.91095 0 
5 8.91393 0 
5 8.91691 0 
5 8.91989 0 
5 8.92287 0 
5 8.92585 0 
5 8.92883 0 
5 8.93181 0 
5 8.93479 0 
5 8.93778 0 
5 8.94076 0 
5 8.94374 0 
5 8.94672 0 
5 8.9497 0 
5 8.95268 0 
5 8.95566 0 
5 8.95864 0 
5 8.96162 0 
5 8.9646 0 
5 8.96758 0 
5 8.97056 0 
5 8.97355 0 
5 8.97653 0 
5 8.97951 0 
5 8.98249 0 
5 8.98547 0 
5 8.98845 0 
5 8.99143 0 
5 8.99441 0 
5 8.99739 0 
5 9.00037 0 
5 9.00335 0 
5 9.00633 0 
5 9.00931 0 
5 9.0123 0 
5 9.01528 0 
5 9.01826 0 
5 9.02124 0 
5 9.02422 0 
5 9.0272 0 
5 9.03018 0 
5 9.03316 0 
5 9.03614 0 
5 9.03912 0 
5 9.0421 0 
5 9.04508 0 
5 9.04807 0 
5 9.05105 0 
5 9.05403 0 
5 9.05701 0 
5 9.05999 0 
5 9.06297 0 
5 9.06595 0 
5 9.06893 0 
5 9.07191 0 
5 9.07489 0 
5 9.07787 0 
5 9.08085 0 
5 9.08383 0 
5 9.08682 0 
5 9.0898 0 
5 9.09278 0 
5 9.09576 0 
5 9.09874 0 
5 9.10172 0 
5 9.1047 0 
5 9.10768 0 
5 9.11066 0 
5 9.11364 0 
5 9.11662 0 
5 9.1196 0 
5 9.12258 0 
5 9.12557 0 
5 9.12855 0 
5 9.13153 0 
5 9.13451 0 
5 9.13749 0 
5 9.14047 0 
5 9.14345 0 
5 9.14643 0 
5 9.14941 0 
5 9.15239 0 
5 9.15537 0 
5 9.15835 0 
5 9.16134 0 
5 9.16432 0 
5 9.1673 0 
5 9.17028 0 
5 9.17326 0 
5 9.17624 0 
5 9.17922 0 
5 9.1822 0 
5 9.18518 0 
5 9.18816 0 
5 9.19114 0 
5 9.19412 0 
5 9.1971 0 
5 9.20008 0 
5 9.20307 0 
5 9.20605 0 
5 9.20903 0 
5 9.21201 0 
5 9.21499 0 
5 9.21797 0 
5 9.22095 0 
5 9.22393 0 
5 9.22691 0 
5 9.22989 0 
5 9.23287 0 
5 9.23585 0 
5 9.23884 0 
5 9.24182 0 
5 9.2448 0 
5 9.24778 0 
5 9.25076 0 
5 9.25374 0 
5 9.25672 0 
5 9.2597 0 
5 9.26268 0 
5 9.26566 0 
5 9.26864 0 
5 9.27162 0 
5 9.2746 0 
5 9.27759 0 
5 9.28057 0 
5 9.28355 0 
5 9.28653 0 
5 9.28951 0 
5 9.29249 0 
5 9.29547 0 
5 9.29845 0 
5 9.30143 0 
5 9.30441 0 
5 9.30739 0 
5 9.31037 0 
5 9.31335 0 
5 9.31634 0 
5 9.31932 0 
5 9.3223 0 
5 9.32528 0 
5 9.32826 0 
5 9.33124 0 
5 9.33422 0 
5 9.3372 0 
5 9.34018 0 
5 9.34316 0 
5 9.34614 0 
5 9.34912 0 
5 9.35211 0 
5 9.35509 0 
5 9.35807 0 
5 9.36105 0 
5 9.36403 0 
5 9.36701 0 
5 9.36999 0 
5 9.37297 0 
5 9.37595 0 
5 9.37893 0 
5 9.38191 0 
5 9.38489 0 
5 9.38787 0 
5 9.39085 0 
5 9.39384 0 
5 9.39682 0 
5 9.3998 0 
5 9.40278 0 
5 9.40576 0 
5 9.40874 0 
5 9.41172 0 
5 9.4147 0 
5 9.41768 0 
5 9.42066 0 
5 9.42364 0 
5 9.42662 0 
5 9.42961 0 
5 9.43259 0 
5 9.43557 0 
5 9.43855 0 
5 9.44153 0 
5 9.44451 0 
5 9.44749 0 
5 9.45047 0 
5 9.45345 0 
5 9.45643 0 
5 9.45941 0 
5 9.46239 0 
5 9.46537 0 
5 9.46836 0 
5 9.47134 0 
5 9.47432 0 
5 9.4773 0 
5 9.48028 0 
5 9.48326 0 
5 9.48624 0 
5 9.48922 0 
5 9.4922 0 
5 9.49518 0 
5 9.49816 0 
5 9.50114 0 
5 9.50412 0 
5 9.50711 0 
5 9.51009 0 
5 9.51307 0 
5 9.51605 0 
5 9.51903 0 
5 9.52201 0 
5 9.52499 0 
5 9.52797 0 
5 9.53095 0 
5 9.53393 0 
5 9.53691 0 
5 9.53989 0 
5 9.54288 0 
5 9.54586 0 
5 9.54884 0 
5 9.55182 0 
5 9.5548 0 
5 9.55778 0 
5 9.56076 0 
5 9.56374 0 
5 9.56672 0 
5 9.5697 0 
5 9.57268 0 
5 9.57566 0 
5 9.57864 0 
5 9.58163 0 
5 9.58461 0 
5 9.58759 0 
5 9.59057 0 
5 9.59355 0 
5 9.59653 0 
5 9.59951 0 
5 9.60249 0 
5 9.60547 0 
5 9.60845 0 
5 9.61143 0 
5 9.61441 0 
5 9.61739 0 
5 9.62037 0 
5 9.62336 0 
5 9.62634 0 
5 9.62932 0 
5 9.6323 0 
5 9.63528 0 
5 9.63826 0 
5 9.64124 0 
5 9.64422 0 
5 9.6472 0 
5 9.65018 0 
5 9.65316 0 
5 9.65614 0 
5 9.65912 0 
5 9.66211 0 
5 9.66509 0 
5 9.66807 0 
5 9.67105 0 
5 9.67403 0 
5 9.67701 0 
5 9.67999 0 
5 9.68297 0 
5 9.68595 0 
5 9.68893 0 
5 9.69191 0 
5 9.69489 0 
5 9.69788 0 
5 9.70086 0 
5 9.70384 0 
5 9.70682 0 
5 9.7098 0 
5 9.71278 0 
5 9.71576 0 
5 9.71874 0 
5 9.72172 0 
5 9.7247 0 
5 9.72768 0 
5 9.73066 0 
5 9.73364 0 
5 9.73663 0 
5 9.73961 0 
5 9.74259 0 
5 9.74557 0 
5 9.74855 0 
5 9.75153 0 
5 9.75451 0 
5 9.75749 0 
5 9.76047 0 
5 9.76345 0 
5 9.76643 0 
5 9.76941 0 
5 9.77239 0 
5 9.77537 0 
5 9.77836 0 
5 9.78134 0 
5 9.78432 0 
5 9.7873 0 
5 9.79028 0 
5 9.79326 0 
5 9.79624 0 
5 9.79922 0 
5 9.8022 0 
5 9.80518 0 
5 9.80816 0 
5 9.81114 0 
5 9.81412 0 
5 9.81711 0 
5 9.82009 0 
5 9.82307 0 
5 9.82605 0 
5 9.82903 0 
5 9.83201 0 
5 9.83499 0 
5 9.83797 0 
5 9.84095 0 
5 9.84393 0 
5 9.84691 0 
5 9.84989 0 
5 9.85288 0 
5 9.85586 0 
5 9.85884 0 
5 9.86182 0 
5 9.8648 0 
5 9.86778 0 
5 9.87076 0 
5 9.87374 0 
5 9.87672 0 
5 9.8797 0 
5 9.88268 0 
5 9.88566 0 
5 9.88864 0 
5 9.89163 0 
5 9.89461 0 
5 9.89759 0 
5 9.90057 0 
5 9.90355 0 
5 9.90653 0 
5 9.90951 0 
5 9.91249 0 
5 9.91547 0 
5 9.91845 0 
5 9.92143 0 
5 9.92441 0 
5 9.92739 0 
5 9.93037 0 
5 9.93336 0 
5 9.93634 0 
5 9.93932 0 
5 9.9423 0 
5 9.94528 0 
5 9.94826 0 
5 9.95124 0 
5 9.95422 0 
5 9.9572 0 
5 9.96018 0 
5 9.96316 0 
5 9.96614 0 
5 9.96912 0 
5 9.97211 0 
5 9.97509 0 
5 9.97807 0 
5 9.98105 0 
5 9.98403 0 
5 9.98701 0 
5 9.98999 0 
5 9.99297 0 
5 9.99595 0 
5 9.99893 0 
5 10.0019 0 
5 10.0049 0 
5 10.0079 0 
5 10.0109 0 
5 10.0138 0 
5 10.0168 0 
5 10.0198 0 
5 10.0228 0 
5 10.0258 0 
5 10.0287 0 
5 10.0317 0 
5 10.0347 0 
5 10.0377 0 
5 10.0407 0 
5 10.0436 0 
5 10.0466 0 
5 10.0496 0 
5 10.0526 0 
5 10.0556 0 
5 10.0585 0 
5 10.0615 0 
5 10.0645 0 
5 10.0675 0 
5 10.0705 0 
5 10.0734 0 
5 10.0764 0 
5 10.0794 0 
5 10.0824 0 
5 10.0854 0 
5 10.0884 0 
5 10.0913 0 
5 10.0943 0 
5 10.0973 0 
5 10.1003 0 
5 10.1033 0 
5 10.1062 0 
5 10.1092 0 
5 10.1122 0 
5 10.1152 0 
5 10.1182 0 
5 10.1211 0 
5 10.1241 0 
5 10.1271 0 
5 10.1301 0 
5 10.1331 0 
5 10.1361 0 
5 10.139 0 
5 10.142 0 
5 10.145 0 
5 10.148 0 
5 10.151 0 
5 10.1539 0 
5 10.1569 0 
5 10.1599 0 
5 10.1629 0 
5 10.1659 0 
5 10.1688 0 
5 10.1718 0 
5 10.1748 0 
5 10.1778 0 
5 10.1808 0 
5 10.1837 0 
5 10.1867 0 
5 10.1897 0 
5 10.1927 0 
5 10.1957 0 
5 10.1986 0 
5 10.2016 0 
5 10.2046 0 
5 10.2076 0 
5 10.2106 0 
5 10.2135 0 
5 10.2165 0 
5 10.2195 0 
5 10.2225 0 
5 10.2255 0 
5 10.2285 0 
5 10.2314 0 
5 10.2344 0 
5 10.2374 0 
5 10.2404 0 
5 10.2434 0 
5 10.2463 0 
5 10.2493 0 
5 10.2523 0 
5 10.2553 0 
5 10.2583 0 
5 10.2612 0 
5 10.2642 0 
5 10.2672 0 
5 10.2702 0 
5 10.2732 0 
5 10.2761 0 
5 10.2791 0 
5 10.2821 0 
5 10.2851 0 
5 10.2881 0 
5 10.291 0 
5 10.294 0 
5 10.297 0 
5 10.3 0 
5 10.303 0 
5 10.3059 0 
5 10.3089 0 
5 10.3119 0 
5 10.3149 0 
5 10.3179 0 
5 10.3209 0 
5 10.3238 0 
5 10.3268 0 
5 10.3298 0 
5 10.3328 0 
5 10.3358 0 
5 10.3387 0 
5 10.3417 0 
5 10.3447 0 
5 10.3477 0 
5 10.3507 0 
5 10.3536 0 
5 10.3566 0 
5 10.3596 0 
5 10.3626 0 
5 10.3656 0 
5 10.3685 0 
5 10.3715 0 
5 10.3745 0 
5 10.3775 0 
5 10.3805 0 
5 10.3835 0 
5 10.3864 0 
5 10.3894 0 
5 10.3924 0 
5 10.3954 0 
5 10.3984 0 
5 10.4013 0 
5 10.4043 0 
5 10.4073 0 
5 10.4103 0 
5 10.4133 0 
5 10.4162 0 
5 10.4192 0 
5 10.4222 0 
5 10.4252 0 
5 10.4282 0 
5 10.4311 0 
5 10.4341 0 
5 10.4371 0 
5 10.4401 0 
5 10.4431 0 
5 10.446 0 
5 10.449 0 
5 10.452 0 
5 10.455 0 
5 10.458 0 
5 10.4609 0 
5 10.4639 0 
5 10.4669 0 
5 10.4699 0 
5 10.4729 0 
5 10.4759 0 
5 10.4788 0 
5 10.4818 0 
5 10.4848 0 
5 10.4878 0 
5 10.4908 0 
5 10.4937 0 
5 10.4967 0 
5 10.4997 0 
5 10.5027 0 
5 10.5057 0 
5 10.5086 0 
5 10.5116 0 
5 10.5146 0 
5 10.5176 0 
5 10.5206 0 
5 10.5235 0 
5 10.5265 0 
5 10.5295 0 
5 10.5325 0 
5 10.5355 0 
5 10.5385 0 
5 10.5414 0 
5 10.5444 0 
5 10.5474 0 
5 10.5504 0 
5 10.5534 0 
5 10.5563 0 
5 10.5593 0 
5 10.5623 0 
5 10.5653 0 
5 10.5683 0 
5 10.5712 0 
5 10.5742 0 
5 10.5772 0 
5 10.5802 0 
5 10.5832 0 
5 10.5861 0 
5 10.5891 0 
5 10.5921 0 
5 10.5951 0 
5 10.5981 0 
5 10.601 0 
5 10.604 0 
5 10.607 0 
5 10.61 0 
5 10.613 0 
5 10.6159 0 
5 10.6189 0 
5 10.6219 0 
5 10.6249 0 
5 10.6279 0 
5 10.6309 0 
5 10.6338 0 
5 10.6368 0 
5 10.6398 0 
5 10.6428 0 
5 10.6458 0 
5 10.6487 0 
5 10.6517 0 
5 10.6547 0 
5 10.6577 0 
5 10.6607 0 
5 10.6636 0 
5 10.6666 0 
5 10.6696 0 
5 10.6726 0 
5 10.6756 0 
5 10.6785 0 
5 10.6815 0 
5 10.6845 0 
5 10.6875 0 
5 10.6905 0 
5 10.6934 0 
5 10.6964 0 
5 10.6994 0 
5 10.7024 0 
5 10.7054 0 
5 10.7084 0 
5 10.7113 0 
5 10.7143 0 
5 10.7173 0 
5 10.7203 0 
5 10.7232 0 
5 10.7262 0 
5 10.7292 0 
5 10.7322 0 
5 10.7352 0 
5 10.7382 0 
5 10.7411 0 
5 10.7441 0 
5 10.7471 0 
5 10.7501 0 
5 10.7531 0 
5 10.756 0 
5 10.759 0 
5 10.762 0 
5 10.765 0 
5 10.768 0 
5 10.7709 0 
5 10.7739 0 
5 10.7769 0 
5 10.7799 0 
5 10.7829 0 
5 10.7859 0 
5 10.7888 0 
5 10.7918 0 
5 10.7948 0 
5 10.7978 0 
5 10.8008 0 
5 10.8037 0 
5 10.8067 0 
5 10.8097 0 
5 10.8127 0 
5 10.8157 0 
5 10.8186 0 
5 10.8216 0 
5 10.8246 0 
5 10.8276 0 
5 10.8306 0 
5 10.8335 0 
5 10.8365 0 
5 10.8395 0 
5 10.8425 0 
5 10.8455 0 
5 10.8484 0 
5 10.8514 0 
5 10.8544 0 
5 10.8574 0 
5 10.8604 0 
5 10.8633 0 
5 10.8663 0 
5 10.8693 0 
5 10.8723 0 
5 10.8753 0 
5 10.8783 0 
5 10.8812 0 
5 10.8842 0 
5 10.8872 0 
5 10.8902 0 
5 10.8932 0 
5 10.8961 0 
5 10.8991 0 
5 10.9021 0 
5 10.9051 0 
5 10.9081 0 
5 10.911 0 
5 10.914 0 
5 10.917 0 
5 10.92 0 
5 10.923 0 
5 10.9259 0 
5 10.9289 0 
5 10.9319 0 
5 10.9349 0 
5 10.9379 0 
5 10.9409 0 
5 10.9438 0 
5 10.9468 0 
5 10.9498 0 
5 10.9528 0 
5 10.9558 0 
5 10.9587 0 
5 10.9617 0 
5 10.9647 0 
5 10.9677 0 
5 10.9707 0 
5 10.9736 0 
5 10.9766 0 
5 10.9796 0 
5 10.9826 0 
5 10.9856 0 
5 10.9885 0 
5 10.9915 0 
5 10.9945 0 
5 10.9975 0 
5 11.0005 0 
5 11.0034 0 
5 11.0064 0 
5 11.0094 0 
5 11.0124 0 
5 11.0154 0 
5 11.0183 0 
5 11.0213 0 
5 11.0243 0 
5 11.0273 0 
5 11.0303 0 
5 11.0333 0 
5 11.0362 0 
5 11.0392 0 
5 11.0422 0 
5 11.0452 0 
5 11.0482 0 
5 11.0511 0 
5 11.0541 0 
5 11.0571 0 
5 11.0601 0 
5 11.0631 0 
5 11.066 0 
5 11.069 0 
5 11.072 0 
5 11.075 0 
5 11.078 0 
5 11.0809 0 
5 11.0839 0 
5 11.0869 0 
5 11.0899 0 
5 11.0929 0 
5 11.0958 0 
5 11.0988 0 
5 11.1018 0 
5 11.1048 0 
5 11.1078 0 
5 11.1107 0 
5 11.1137 0 
5 11.1167 0 
5 11.1197 0 
5 11.1227 0 
5 11.1257 0 
5 11.1286 0 
5 11.1316 0 
5 11.1346 0 
5 11.1376 0 
5 11.1406 0 
5 11.1435 0 
5 11.1465 0 
5 11.1495 0 
5 11.1525 0 
5 11.1555 0 
5 11.1584 0 
5 11.1614 0 
5 11.1644 0 
5 11.1674 0 
5 11.1704 0 
5 11.1733 0 
5 11.1763 0 
5 11.1793 0 
5 11.1823 0 
5 11.1853 0 
5 11.1883 0 
5 11.1912 0 
5 11.1942 0 
5 11.1972 0 
5 11.2002 0 
5 11.2032 0 
5 11.2061 0 
5 11.2091 0 
5 11.2121 0 
5 11.2151 0 
5 11.2181 0 
5 11.221 0 
5 11.224 0 
5 11.227 0 
5 11.23 0 
5 11.233 0 
5 11.2359 0 
5 11.2389 0 
5 11.2419 0 
5 11.2449 0 
5 11.2479 0 
5 11.2508 0 
5 11.2538 0 
5 11.2568 0 
5 11.2598 0 
5 11.2628 0 
5 11.2657 0 
5 11.2687 0 
5 11.2717 0 
5 11.2747 0 
5 11.2777 0 
5 11.2807 0 
5 11.2836 0 
5 11.2866 0 
5 11.2896 0 
5 11.2926 0 
5 11.2956 0 
5 11.2985 0 
5 11.3015 0 
5 11.3045 0 
5 11.3075 0 
5 11.3105 0 
5 11.3134 0 
5 11.3164 0 
5 11.3194 0 
5 11.3224 0 
5 11.3254 0 
5 11.3283 0 
5 11.3313 0 
5 11.3343 0 
5 11.3373 0 
5 11.3403 0 
5 11.3433 0 
5 11.3462 0 
5 11.3492 0 
5 11.3522 0 
5 11.3552 0 
5 11.3582 0 
5 11.3611 0 
5 11.3641 0 
5 11.3671 0 
5 11.3701 0 
5 11.3731 0 
5 11.376 0 
5 11.379 0 
5 11.382 0 
5 11.385 0 
5 11.388 0 
5 11.3909 0 
5 11.3939 0 
5 11.3969 0 
5 11.3999 0 
5 11.4029 0 
5 11.4058 0 
5 11.4088 0 
5 11.4118 0 
5 11.4148 0 
5 11.4178 0 
5 11.4207 0 
5 11.4237 0 
5 11.4267 0 
5 11.4297 0 
5 11.4327 0 
5 11.4357 0 
5 11.4386 0 
5 11.4416 0 
5 11.4446 0 
5 11.4476 0 
5 11.4506 0 
5 11.4535 0 
5 11.4565 0 
5 11.4595 0 
5 11.4625 0 
5 11.4655 0 
5 11.4684 0 
5 11.4714 0 
5 11.4744 0 
5 11.4774 0 
5 11.4804 0 
5 11.4833 0 
5 11.4863 0 
5 11.4893 0 
5 11.4923 0 
5 11.4953 0 
5 11.4982 0 
5 11.5012 0 
5 11.5042 0 
5 11.5072 0 
5 11.5102 0 
5 11.5131 0 
5 11.5161 0 
5 11.5191 0 
5 11.5221 0 
5 11.5251 0 
5 11.5281 0 
5 11.531 0 
5 11.534 0 
5 11.537 0 
5 11.54 0 
5 11.543 0 
5 11.5459 0 
5 11.5489 0 
5 11.5519 0 
5 11.5549 0 
5 11.5579 0 
5 11.5608 0 
5 11.5638 0 
5 11.5668 0 
5 11.5698 0 
5 11.5728 0 
5 11.5758 0 
5 11.5787 0 
5 11.5817 0 
5 11.5847 0 
5 11.5877 0 
5 11.5907 0 
5 11.5936 0 
5 11.5966 0 
5 11.5996 0 
5 11.6026 0 
5 11.6056 0 
5 11.6085 0 
5 11.6115 0 
5 11.6145 0 
5 11.6175 0 
5 11.6205 0 
5 11.6234 0 
5 11.6264 0 
5 11.6294 0 
5 11.6324 0 
5 11.6354 0 
5 11.6383 0 
5 11.6413 0 
5 11.6443 0 
5 11.6473 0 
5 11.6503 0 
5 11.6532 0 
5 11.6562 0 
5 11.6592 0 
5 11.6622 0 
5 11.6652 0 
5 11.6681 0 
5 11.6711 0 
5 11.6741 0 
5 11.6771 0 
5 11.6801 0 
5 11.6831 0 
5 11.686 0 
5 11.689 0 
5 11.692 0 
5 11.695 0 
5 11.698 0 
5 11.7009 0 
5 11.7039 0 
5 11.7069 0 
5 11.7099 0 
5 11.7129 0 
5 11.7158 0 
5 11.7188 0 
5 11.7218 0 
5 11.7248 0 
5 11.7278 0 
5 11.7307 0 
5 11.7337 0 
5 11.7367 0 
5 11.7397 0 
5 11.7427 0 
5 11.7456 0 
5 11.7486 0 
5 11.7516 0 
5 11.7546 0 
5 11.7576 0 
5 11.7605 0 
5 11.7635 0 
5 11.7665 0 
5 11.7695 0 
5 11.7725 0 
5 11.7755 0 
5 11.7784 0 
5 11.7814 0 
5 11.7844 0 
5 11.7874 0 
5 11.7904 0 
5 11.7933 0 
5 11.7963 0 
5 11.7993 0 
5 11.8023 0 
5 11.8053 0 
5 11.8082 0 
5 11.8112 0 
5 11.8142 0 
5 11.8172 0 
5 11.8202 0 
5 11.8231 0 
5 11.8261 0 
5 11.8291 0 
5 11.8321 0 
5 11.8351 0 
5 11.8381 0 
5 11.841 0 
5 11.844 0 
5 11.847 0 
5 11.85 0 
5 11.853 0 
5 11.8559 0 
5 11.8589 0 
5 11.8619 0 
5 11.8649 0 
5 11.8679 0 
5 11.8708 0 
5 11.8738 0 
5 11.8768 0 
5 11.8798 0 
5 11.8828 0 
5 11.8857 0 
5 11.8887 0 
5 11.8917 0 
5 11.8947 0 
5 11.8977 0 
5 11.9006 0 
5 11.9036 0 
5 11.9066 0 
5 11.9096 0 
5 11.9126 0 
5 11.9155 0 
5 11.9185 0 
5 11.9215 0 
5 11.9245 0 
5 11.9275 0 
5 11.9305 0 
5 11.9334 0 
5 11.9364 0 
5 11.9394 0 
5 11.9424 0 
5 11.9454 0 
5 11.9483 0 
5 11.9513 0 
5 11.9543 0 
5 11.9573 0 
5 11.9603 0 
5 11.9632 0 
5 11.9662 0 
5 11.9692 0 
5 11.9722 0 
5 11.9752 0 
5 11.9781 0 
5 11.9811 0 
5 11.9841 0 
5 11.9871 0 
5 11.9901 0 
5 11.993 0 
5 11.996 0 
5 11.999 0 
5 12.002 0 
5 12.005 0 
5 12.008 0 
5 12.0109 0 
5 12.0139 0 
5 12.0169 0 
5 12.0199 0 
5 12.0228 0 
5 12.0258 0 
5 12.0288 0 
5 12.0318 0 
5 12.0348 0 
5 12.0378 0 
5 12.0407 0 
5 12.0437 0 
5 12.0467 0 
5 12.0497 0 
5 12.0527 0 
5 12.0556 0 
5 12.0586 0 
5 12.0616 0 
5 12.0646 0 
5 12.0676 0 
5 12.0705 0 
5 12.0735 0 
5 12.0765 0 
5 12.0795 0 
5 12.0825 0 
5 12.0855 0 
5 12.0884 0 
5 12.0914 0 
5 12.0944 0 
5 12.0974 0 
5 12.1004 0 
5 12.1033 0 
5 12.1063 0 
5 12.1093 0 
5 12.1123 0 
5 12.1153 0 
5 12.1182 0 
5 12.1212 0 
5 12.1242 0 
5 12.1272 0 
5 12.1302 0 
5 12.1331 0 
5 12.1361 0 
5 12.1391 0 
5 12.1421 0 
5 12.1451 0 
5 12.148 0 
5 12.151 0 
5 12.154 0 
5 12.157 0 
5 12.16 0 
5 12.1629 0 
5 12.1659 0 
5 12.1689 0 
5 12.1719 0 
5 12.1749 0 
5 12.1779 0 
5 12.1808 0 
5 12.1838 0 
5 12.1868 0 
5 12.1898 0 
5 12.1928 0 
5 12.1957 0 
5 12.1987 0 
5 12.2017 0 
5 12.2047 0 
5 12.2077 0 
5 12.2106 0 
5 12.2136 0 
5 12.2166 0 
5 12.2196 0 
5 12.2226 0 
5 12.2255 0 
5 12.2285 0 
5 12.2315 0 
5 12.2345 0 
5 12.2375 0 
5 12.2405 0 
5 12.2434 0 
5 12.2464 0 
5 12.2494 0 
5 12.2524 0 
5 12.2554 0 
5 12.2583 0 
5 12.2613 0 
5 12.2643 0 
5 12.2673 0 
5 12.2703 0 
5 12.2732 0 
5 12.2762 0 
5 12.2792 0 
5 12.2822 0 
5 12.2852 0 
5 12.2881 0 
5 12.2911 0 
5 12.2941 0 
5 12.2971 0 
5 12.3001 0 
5 12.303 0 
5 12.306 0 
5 12.309 0 
5 12.312 0 
5 12.315 0 
5 12.3179 0 
5 12.3209 0 
5 12.3239 0 
5 12.3269 0 
5 12.3299 0 
5 12.3329 0 
5 12.3358 0 
5 12.3388 0 
5 12.3418 0 
5 12.3448 0 
5 12.3478 0 
5 12.3507 0 
5 12.3537 0 
5 12.3567 0 
5 12.3597 0 
5 12.3627 0 
5 12.3656 0 
5 12.3686 0 
5 12.3716 0 
5 12.3746 0 
5 12.3776 0 
5 12.3805 0 
5 12.3835 0 
5 12.3865 0 
5 12.3895 0 
5 12.3925 0 
5 12.3954 0 
5 12.3984 0 
5 12.4014 0 
5 12.4044 0 
5 12.4074 0 
5 12.4103 0 
5 12.4133 0 
5 12.4163 0 
5 12.4193 0 
5 12.4223 0 
5 12.4253 0 
5 12.4282 0 
5 12.4312 0 
5 12.4342 0 
5 12.4372 0 
5 12.4402 0 
5 12.4431 0 
5 12.4461 0 
5 12.4491 0 
5 12.4521 0 
5 12.4551 0 
5 12.458 0 
5 12.461 0 
5 12.464 0 
5 12.467 0 
5 12.47 0 
5 12.4729 0 
5 12.4759 0 
5 12.4789 0 
5 12.4819 0 
5 12.4849 0 
5 12.4879 0 
5 12.4908 0 
5 12.4938 0 
5 12.4968 0 
5 12.4998 0 
5 12.5028 0 
5 12.5057 0 
5 12.5087 0 
5 12.5117 0 
5 12.5147 0 
5 12.5177 0 
5 12.5206 0 
5 12.5236 0 
5 12.5266 0 
5 12.5296 0 
5 12.5326 0 
5 12.5355 0 
5 12.5385 0 
5 12.5415 0 
5 12.5445 0 
5 12.5475 0 
5 12.5504 0 
5 12.5534 0 
5 12.5564 0 
5 12.5594 0 
5 12.5624 0 
5 12.5653 0 
5 12.5683 0 
5 12.5713 0 
5 12.5743 0 
5 12.5773 0 
5 12.5803 0 
5 12.5832 0 
5 12.5862 0 
5 12.5892 0 
5 12.5922 0 
5 12.5952 0 
5 12.5981 0 
5 12.6011 0 
5 12.6041 0 
5 12.6071 0 
5 12.6101 0 
5 12.613 0 
5 12.616 0 
5 12.619 0 
5 12.622 0 
5 12.625 0 
5 12.6279 0 
5 12.6309 0 
5 12.6339 0 
5 12.6369 0 
5 12.6399 0 
5 12.6428 0 
5 12.6458 0 
5 12.6488 0 
5 12.6518 0 
5 12.6548 0 
5 12.6577 0 
5 12.6607 0 
5 12.6637 0 
5 12.6667 0 
5 12.6697 0 
5 12.6726 0 
5 12.6756 0 
5 12.6786 0 
5 12.6816 0 
5 12.6846 0 
5 12.6876 0 
5 12.6905 0 
5 12.6935 0 
5 12.6965 0 
5 12.6995 0 
5 12.7025 0 
5 12.7054 0 
5 12.7084 0 
5 12.7114 0 
5 12.7144 0 
5 12.7174 0 
5 12.7203 0 
5 12.7233 0 
5 12.7263 0 
5 12.7293 0 
5 12.7323 0 
5 12.7352 0 
5 12.7382 0 
5 12.7412 0 
5 12.7442 0 
5 12.7472 0 
5 12.7502 0 
5 12.7531 0 
5 12.7561 0 
5 12.7591 0 
5 12.7621 0 
5 12.7651 0 
5 12.768 0 
5 12.771 0 
5 12.774 0 
5 12.777 0 
5 12.78 0 
5 12.7829 0 
5 12.7859 0 
5 12.7889 0 
5 12.7919 0 
5 12.7949 0 
5 12.7978 0 
5 12.8008 0 
5 12.8038 0 
5 12.8068 0 
5 12.8098 0 
5 12.8127 0 
5 12.8157 0 
5 12.8187 0 
5 12.8217 0 
5 12.8247 0 
5 12.8277 0 
5 12.8306 0 
5 12.8336 0 
5 12.8366 0 
5 12.8396 0 
5 12.8426 0 
5 12.8455 0 
5 12.8485 0 
5 12.8515 0 
5 12.8545 0 
5 12.8575 0 
5 12.8604 0 
5 12.8634 0 
5 12.8664 0 
5 12.8694 0 
5 12.8724 0 
5 12.8753 0 
5 12.8783 0 
5 12.8813 0 
5 12.8843 0 
5 12.8873 0 
5 12.8902 0 
5 12.8932 0 
5 12.8962 0 
5 12.8992 0 
5 12.9022 0 
5 12.9051 0 
5 12.9081 0 
5 12.9111 0 
5 12.9141 0 
5 12.9171 0 
5 12.92 0 
5 12.923 0 
5 12.926 0 
5 12.929 0 
5 12.932 0 
5 12.935 0 
5 12.9379 0 
5 12.9409 0 
5 12.9439 0 
5 12.9469 0 
5 12.9499 0 
5 12.9528 0 
5 12.9558 0 
5 12.9588 0 
5 12.9618 0 
5 12.9648 0 
5 12.9677 0 
5 12.9707 0 
5 12.9737 0 
5 12.9767 0 
5 12.9797 0 
5 12.9826 0 
5 12.9856 0 
5 12.9886 0 
5 12.9916 0 
5 12.9946 0 
5 12.9975 0 
5 13.0005 0 
5 13.0035 0 
5 13.0065 0 
5 13.0095 0 
5 13.0125 0 
5 13.0154 0 
5 13.0184 0 
5 13.0214 0 
5 13.0244 0 
5 13.0274 0 
5 13.0303 0 
5 13.0333 0 
5 13.0363 0 
5 13.0393 0 
5 13.0423 0 
5 13.0452 0 
5 13.0482 0 
5 13.0512 0 
5 13.0542 0 
5 13.0572 0 
5 13.0601 0 
5 13.0631 0 
5 13.0661 0 
5 13.0691 0 
5 13.0721 0 
5 13.0751 0 
5 13.078 0 
5 13.081 0 
5 13.084 0 
5 13.087 0 
5 13.09 0 
5 13.0929 0 
5 13.0959 0 
5 13.0989 0 
5 13.1019 0 
5 13.1049 0 
5 13.1078 0 
5 13.1108 0 
5 13.1138 0 
5 13.1168 0 
5 13.1198 0 
5 13.1227 0 
5 13.1257 0 
5 13.1287 0 
5 13.1317 0 
5 13.1347 0 
5 13.1376 0 
5 13.1406 0 
5 13.1436 0 
5 13.1466 0 
5 13.1496 0 
5 13.1525 0 
5 13.1555 0 
5 13.1585 0 
5 13.1615 0 
5 13.1645 0 
5 13.1674 0 
5 13.1704 0 
5 13.1734 0 
5 13.1764 0 
5 13.1794 0 
5 13.1824 0 
5 13.1853 0 
5 13.1883 0 
5 13.1913 0 
5 13.1943 0 
5 13.1973 0 
5 13.2002 0 
5 13.2032 0 
5 13.2062 0 
5 13.2092 0 
5 13.2122 0 
5 13.2151 0 
5 13.2181 0 
5 13.2211 0 
5 13.2241 0 
5 13.2271 0 
5 13.23 0 
5 13.233 0 
5 13.236 0 
5 13.239 0 
5 13.242 0 
5 13.2449 0 
5 13.2479 0 
5 13.2509 0 
5 13.2539 0 
5 13.2569 0 
5 13.2598 0 
5 13.2628 0 
5 13.2658 0 
5 13.2688 0 
5 13.2718 0 
5 13.2748 0 
5 13.2777 0 
5 13.2807 0 
5 13.2837 0 
5 13.2867 0 
5 13.2897 0 
5 13.2926 0 
5 13.2956 0 
5 13.2986 0 
5 13.3016 0 
5 13.3046 0 
5 13.3075 0 
5 13.3105 0 
5 13.3135 0 
5 13.3165 0 
5 13.3195 0 
5 13.3224 0 
5 13.3254 0 
5 13.3284 0 
5 13.3314 0 
5 13.3344 0 
5 13.3374 0 
5 13.3403 0 
5 13.3433 0 
5 13.3463 0 
5 13.3493 0 
5 13.3523 0 
5 13.3552 0 
5 13.3582 0 
5 13.3612 0 
5 13.3642 0 
5 13.3672 0 
5 13.3701 0 
5 13.3731 0 
5 13.3761 0 
5 13.3791 0 
5 13.3821 0 
5 13.385 0 
5 13.388 0 
5 13.391 0 
5 13.394 0 
5 13.397 0 
5 13.3999 0 
5 13.4029 0 
5 13.4059 0 
5 13.4089 0 
5 13.4119 0 
5 13.4148 0 
5 13.4178 0 
5 13.4208 0 
5 13.4238 0 
5 13.4268 0 
5 13.4298 0 
5 13.4327 0 
5 13.4357 0 
5 13.4387 0 
5 13.4417 0 
5 13.4447 0 
5 13.4476 0 
5 13.4506 0 
5 13.4536 0 
5 13.4566 0 
5 13.4596 0 
5 13.4625 0 
5 13.4655 0 
5 13.4685 0 
5 13.4715 0 
5 13.4745 0 
5 13.4774 0 
5 13.4804 0 
5 13.4834 0 
5 13.4864 0 
5 13.4894 0 
5 13.4923 0 
5 13.4953 0 
5 13.4983 0 
5 13.5013 0 
5 13.5043 0 
5 13.5072 0 
5 13.5102 0 
5 13.5132 0 
5 13.5162 0 
5 13.5192 0 
5 13.5221 0 
5 13.5251 0 
5 13.5281 0 
5 13.5311 0 
5 13.5341 0 
5 13.5371 0 
5 13.54 0 
5 13.543 0 
5 13.546 0 
5 13.549 0 
5 13.552 0 
5 13.5549 0 
5 13.5579 0 
5 13.5609 0 
5 13.5639 0 
5 13.5669 0 
5 13.5698 0 
5 13.5728 0 
5 13.5758 0 
5 13.5788 0 
5 13.5818 0 
5 13.5848 0 
5 13.5877 0 
5 13.5907 0 
5 13.5937 0 
5 13.5967 0 
5 13.5997 0 
5 13.6026 0 
5 13.6056 0 
5 13.6086 0 
5 13.6116 0 
5 13.6146 0 
5 13.6175 0 
5 13.6205 0 
5 13.6235 0 
5 13.6265 0 
5 13.6295 0 
5 13.6324 0 
5 13.6354 0 
5 13.6384 0 
5 13.6414 0 
5 13.6444 0 
5 13.6473 0 
5 13.6503 0 
5 13.6533 0 
5 13.6563 0 
5 13.6593 0 
5 13.6622 0 
5 13.6652 0 
5 13.6682 0 
5 13.6712 0 
5 13.6742 0 
5 13.6772 0 
5 13.6801 0 
5 13.6831 0 
5 13.6861 0 
5 13.6891 0 
5 13.6921 0 
5 13.695 0 
5 13.698 0 
5 13.701 0 
5 13.704 0 
5 13.707 0 
5 13.7099 0 
5 13.7129 0 
5 13.7159 0 
5 13.7189 0 
5 13.7219 0 
5 13.7248 0 
5 13.7278 0 
5 13.7308 0 
5 13.7338 0 
5 13.7368 0 
5 13.7397 0 
5 13.7427 0 
5 13.7457 0 
5 13.7487 0 
5 13.7517 0 
5 13.7546 0 
5 13.7576 0 
5 13.7606 0 
5 13.7636 0 
5 13.7666 0 
5 13.7695 0 
5 13.7725 0 
5 13.7755 0 
5 13.7785 0 
5 13.7815 0 
5 13.7845 0 
5 13.7874 0 
5 13.7904 0 
5 13.7934 0 
5 13.7964 0 
5 13.7994 0 
5 13.8023 0 
5 13.8053 0 
5 13.8083 0 
5 13.8113 0 
5 13.8143 0 
5 13.8172 0 
5 13.8202 0 
5 13.8232 0 
5 13.8262 0 
5 13.8292 0 
5 13.8321 0 
5 13.8351 0 
5 13.8381 0 
5 13.8411 0 
5 13.8441 0 
5 13.8471 0 
5 13.85 0 
5 13.853 0 
5 13.856 0 
5 13.859 0 
5 13.862 0 
5 13.8649 0 
5 13.8679 0 
5 13.8709 0 
5 13.8739 0 
5 13.8769 0 
5 13.8798 0 
5 13.8828 0 
5 13.8858 0 
5 13.8888 0 
5 13.8918 0 
5 13.8947 0 
5 13.8977 0 
5 13.9007 0 
5 13.9037 0 
5 13.9067 0 
5 13.9096 0 
5 13.9126 0 
5 13.9156 0 
5 13.9186 0 
5 13.9216 0 
5 13.9246 0 
5 13.9275 0 
5 13.9305 0 
5 13.9335 0 
5 13.9365 0 
5 13.9395 0 
5 13.9424 0 
5 13.9454 0 
5 13.9484 0 
5 13.9514 0 
5 13.9544 0 
5 13.9573 0 
5 13.9603 0 
5 13.9633 0 
5 13.9663 0 
5 13.9693 0 
5 13.9722 0 
5 13.9752 0 
5 13.9782 0 
5 13.9812 0 
5 13.9842 0 
5 13.9871 0 
5 13.9901 0 
5 13.9931 0 
5 13.9961 0 
5 13.9991 0 
5 14.002 0 
5 14.005 0 
5 14.008 0 
5 14.011 0 
5 14.014 0 
5 14.0169 0 
5 14.0199 0 
5 14.0229 0 
5 14.0259 0 
5 14.0289 0 
5 14.0319 0 
5 14.0348 0 
5 14.0378 0 
5 14.0408 0 
5 14.0438 0 
5 14.0468 0 
5 14.0497 0 
5 14.0527 0 
5 14.0557 0 
5 14.0587 0 
5 14.0617 0 
5 14.0646 0 
5 14.0676 0 
5 14.0706 0 
5 14.0736 0 
5 14.0766 0 
5 14.0795 0 
5 14.0825 0 
5 14.0855 0 
5 14.0885 0 
5 14.0915 0 
5 14.0944 0 
5 14.0974 0 
5 14.1004 0 
5 14.1034 0 
5 14.1064 0 
5 14.1093 0 
5 14.1123 0 
5 14.1153 0 
5 14.1183 0 
5 14.1213 0 
5 14.1243 0 
5 14.1272 0 
5 14.1302 0 
5 14.1332 0 
5 14.1362 0 
5 14.1392 0 
5 14.1421 0 
5 14.1451 0 
5 14.1481 0 
5 14.1511 0 
5 14.1541 0 
5 14.157 0 
5 14.16 0 
5 14.163 0 
5 14.166 0 
5 14.169 0 
5 14.1719 0 
5 14.1749 0 
5 14.1779 0 
5 14.1809 0 
5 14.1839 0 
5 14.1869 0 
5 14.1898 0 
5 14.1928 0 
5 14.1958 0 
5 14.1988 0 
5 14.2018 0 
5 14.2047 0 
5 14.2077 0 
5 14.2107 0 
5 14.2137 0 
5 14.2167 0 
5 14.2196 0 
5 14.2226 0 
5 14.2256 0 
5 14.2286 0 
5 14.2316 0 
5 14.2345 0 
5 14.2375 0 
5 14.2405 0 
5 14.2435 0 
5 14.2465 0 
5 14.2494 0 
5 14.2524 0 
5 14.2554 0 
5 14.2584 0 
5 14.2614 0 
5 14.2643 0 
5 14.2673 0 
5 14.2703 0 
5 14.2733 0 
5 14.2763 0 
5 14.2793 0 
5 14.2822 0 
5 14.2852 0 
5 14.2882 0 
5 14.2912 0 
5 14.2942 0 
5 14.2971 0 
5 14.3001 0 
5 14.3031 0 
5 14.3061 0 
5 14.3091 0 
5 14.312 0 
5 14.315 0 
5 14.318 0 
5 14.321 0 
5 14.324 0 
5 14.3269 0 
5 14.3299 0 
5 14.3329 0 
5 14.3359 0 
5 14.3389 0 
5 14.3418 0 
5 14.3448 0 
5 14.3478 0 
5 14.3508 0 
5 14.3538 0 
5 14.3567 0 
5 14.3597 0 
5 14.3627 0 
5 14.3657 0 
5 14.3687 0 
5 14.3716 0 
5 14.3746 0 
5 14.3776 0 
5 14.3806 0 
5 14.3836 0 
5 14.3866 0 
5 14.3895 0 
5 14.3925 0 
5 14.3955 0 
5 14.3985 0 
5 14.4015 0 
5 14.4044 0 
5 14.4074 0 
5 14.4104 0 
5 14.4134 0 
5 14.4164 0 
5 14.4193 0 
5 14.4223 0 
5 14.4253 0 
5 14.4283 0 
5 14.4313 0 
5 14.4342 0 
5 14.4372 0 
5 14.4402 0 
5 14.4432 0 
5 14.4462 0 
5 14.4492 0 
5 14.4521 0 
5 14.4551 0 
5 14.4581 0 
5 14.4611 0 
5 14.4641 0 
5 14.467 0 
5 14.47 0 
5 14.473 0 
5 14.476 0 
5 14.479 0 
5 14.4819 0 
5 14.4849 0 
5 14.4879 0 
5 14.4909 0 
5 14.4939 0 
5 14.4968 0 
5 14.4998 0 
5 14.5028 0 
5 14.5058 0 
5 14.5088 0 
5 14.5117 0 
5 14.5147 0 
5 14.5177 0 
5 14.5207 0 
5 14.5237 0 
5 14.5267 0 
5 14.5296 0 
5 14.5326 0 
5 14.5356 0 
5 14.5386 0 
5 14.5416 0 
5 14.5445 0 
5 14.5475 0 
5 14.5505 0 
5 14.5535 0 
5 14.5565 0 
5 14.5594 0 
5 14.5624 0 
5 14.5654 0 
5 14.5684 0 
5 14.5714 0 
5 14.5743 0 
5 14.5773 0 
5 14.5803 0 
5 14.5833 0 
5 14.5863 0 
5 14.5892 0 
5 14.5922 0 
5 14.5952 0 
5 14.5982 0 
5 14.6012 0 
5 14.6041 0 
5 14.6071 0 
5 14.6101 0 
5 14.6131 0 
5 14.6161 0 
5 14.619 0 
5 14.622 0 
5 14.625 0 
5 14.628 0 
5 14.631 0 
5 14.634 0 
5 14.6369 0 
5 14.6399 0 
5 14.6429 0 
5 14.6459 0 
5 14.6489 0 
5 14.6518 0 
5 14.6548 0 
5 14.6578 0 
5 14.6608 0 
5 14.6638 0 
5 14.6667 0 
5 14.6697 0 
5 14.6727 0 
5 14.6757 0 
5 14.6787 0 
5 14.6816 0 
5 14.6846 0 
5 14.6876 0 
5 14.6906 0 
5 14.6936 0 
5 14.6965 0 
5 14.6995 0 
5 14.7025 0 
5 14.7055 0 
5 14.7085 0 
5 14.7114 0 
5 14.7144 0 
5 14.7174 0 
5 14.7204 0 
5 14.7234 0 
5 14.7264 0 
5 14.7293 0 
5 14.7323 0 
5 14.7353 0 
5 14.7383 0 
5 14.7413 0 
5 14.7442 0 
5 14.7472 0 
5 14.7502 0 
5 14.7532 0 
5 14.7562 0 
5 14.7591 0 
5 14.7621 0 
5 14.7651 0 
5 14.7681 0 
5 14.7711 0 
5 14.774 0 
5 14.777 0 
5 14.78 0 
5 14.783 0 
5 14.786 0 
5 14.789 0 
5 14.7919 0 
5 14.7949 0 
5 14.7979 0 
5 14.8009 0 
5 14.8039 0 
5 14.8068 0 
5 14.8098 0 
5 14.8128 0 
5 14.8158 0 
5 14.8188 0 
5 14.8217 0 
5 14.8247 0 
5 14.8277 0 
5 14.8307 0 
5 14.8337 0 
5 14.8366 0 
5 14.8396 0 
5 14.8426 0 
5 14.8456 0 
5 14.8486 0 
5 14.8515 0 
5 14.8545 0 
5 14.8575 0 
5 14.8605 0 
5 14.8635 0 
5 14.8664 0 
5 14.8694 0 
5 14.8724 0 
5 14.8754 0 
5 14.8784 0 
5 14.8814 0 
5 14.8843 0 
5 14.8873 0 
5 14.8903 0 
5 14.8933 0 
5 14.8963 0 
5 14.8992 0 
5 14.9022 0 
5 14.9052 0 
5 14.9082 0 
5 14.9112 0 
5 14.9141 0 
5 14.9171 0 
5 14.9201 0 
5 14.9231 0 
5 14.9261 0 
5 14.929 0 
5 14.932 0 
5 14.935 0 
5 14.938 0 
5 14.941 0 
5 14.9439 0 
5 14.9469 0 
5 14.9499 0 
5 14.9529 0 
5 14.9559 0 
5 14.9588 0 
5 14.9618 0 
5 14.9648 0 
5 14.9678 0 
5 14.9708 0 
5 14.9737 0 
5 14.9767 0 
5 14.9797 0 
5 14.9827 0 
5 14.9857 0 
5 14.9887 0 
5 14.9916 0 
5 14.9946 0 
5 14.9976 0 
