3 0.101109 0 
3 0.104184 0 
3 0.107255 0 
3 0.110322 0 
3 0.113386 0 
3 0.116447 0 
3 0.119505 0 
3 0.12256 0 
3 0.125612 0 
3 0.128663 0 
3 0.131711 0 
3 0.134756 0 
3 0.1378 0 
3 0.140842 0 
3 0.143882 0 
3 0.14692 0 
3 0.149957 0 
3 0.152992 0 
3 0.156026 0 
3 0.159058 0 
3 0.162089 0 
3 0.165118 0 
3 0.168147 0 
3 0.171174 0 
3 0.1742 0 
3 0.177225 0 
3 0.18025 0 
3 0.183273 0 
3 0.186295 0 
3 0.189316 0 
3 0.192337 0 
3 0.195356 0 
3 0.198375 0 
3 0.201393 0 
3 0.204411 0 
3 0.207427 0 
3 0.210443 0 
3 0.213459 0 
3 0.216473 0 
3 0.219488 0 
3 0.222501 0 
3 0.225514 0 
3 0.228527 0 
3 0.231539 0 
3 0.23455 0 
3 0.237561 0 
3 0.240572 0 
3 0.243582 0 
3 0.246591 0 
3 0.2496 0 
3 0.252609 0 
3 0.255618 0 
3 0.258626 0 
3 0.261633 0 
3 0.264641 0 
3 0.267648 0 
3 0.270654 0 
3 0.27366 0 
3 0.276666 0 
3 0.279672 0 
3 0.282678 0 
3 0.285683 0 
3 0.288687 0 
3 0.291692 0 
3 0.294696 0 
3 0.2977 0 
3 0.300704 0 
3 0.303708 0 
3 0.306711 0 
3 0.309714 0 
3 0.312717 0 
3 0.31572 0 
3 0.318722 0 
3 0.321724 0 
3 0.324726 0 
3 0.327728 0 
3 0.33073 0 
3 0.333732 0 
3 0.336733 0 
3 0.339734 0 
3 0.342735 0 
3 0.345736 0 
3 0.348737 0 
3 0.351738 0 
3 0.354738 0 
3 0.357738 0 
3 0.360739 0 
3 0.363739 0 
3 0.366739 0 
3 0.369738 0 
3 0.372738 0 
3 0.375738 0 
3 0.378737 0 
3 0.381737 0 
3 0.384736 0 
3 0.387735 0 
3 0.390734 0 
3 0.393733 0 
3 0.396732 0 
3 0.399731 0 
3 0.40273 0 
3 0.405728 0 
3 0.408727 0 
3 0.411725 0 
3 0.414724 0 
3 0.417722 0 
3 0.420721 0 
3 0.423719 0 
3 0.426717 0 
3 0.429715 0 
3 0.432713 0 
3 0.435711 0 
3 0.438709 0 
3 0.441707 0 
3 0.444705 0 
3 0.447703 0 
3 0.4507 0 
3 0.453698 0 
3 0.456696 0 
3 0.459693 0 
3 0.462691 0 
3 0.465689 0 
3 0.468686 0 
3 0.471684 0 
3 0.474681 0 
3 0.477679 0 
3 0.480676 0 
3 0.483673 0 
3 0.486671 0 
3 0.489668 0 
3 0.492665 0 
3 0.495663 0 
3 0.49866 0 
3 0.501657 0 
3 0.504654 0 
3 0.507652 0 
3 0.510649 0 
3 0.513646 0 
3 0.516643 0 
3 0.51964 0 
3 0.522637 0 
3 0.525635 0 
3 0.528632 0 
3 0.531629 0 
3 0.534626 0 
3 0.537623 0 
3 0.54062 0 
3 0.543617 0 
3 0.546614 0 
3 0.549611 0 
3 0.552608 0 
3 0.555606 0 
3 0.558603 0 
3 0.5616 0 
3 0.564597 0 
3 0.567594 0 
3 0.570591 0 
3 0.573588 0 
3 0.576585 0 
3 0.579582 0 
3 0.582579 0 
3 0.585577 0 
3 0.588574 0 
3 0.591571 0 
3 0.594568 0 
3 0.597565 0 
3 0.600562 0 
3 0.603559 0 
3 0.606556 0 
3 0.609554 0 
3 0.612551 0 
3 0.615548 0 
3 0.618545 0 
3 0.621542 0 
3 0.624539 0 
3 0.627537 0 
3 0.630534 0 
3 0.633531 0 
3 0.636528 0 
3 0.639525 0 
3 0.642523 0 
3 0.64552 0 
3 0.648517 0 
3 0.651514 0 
3 0.654511 0 
3 0.657509 0 
3 0.660506 0 
3 0.663503 0 
3 0.6665 0 
3 0.669498 0 
3 0.672495 0 
3 0.675492 0 
3 0.678489 0 
3 0.681486 0 
3 0.684484 0 
3 0.687481 0 
3 0.690478 0 
3 0.693475 0 
3 0.696473 0 
3 0.69947 0 
3 0.702467 0 
3 0.705464 0 
3 0.708462 0 
3 0.711459 0 
3 0.714456 0 
3 0.717453 0 
3 0.72045 0 
3 0.723448 0 
3 0.726445 0 
3 0.729442 0 
3 0.732439 0 
3 0.735436 0 
3 0.738433 0 
3 0.74143 0 
3 0.744428 0 
3 0.747425 0 
3 0.750422 0 
3 0.753419 0 
3 0.756416 0 
3 0.759413 0 
3 0.762409 0 
3 0.765406 0 
3 0.768403 0 
3 0.7714 0 
3 0.774397 0 
3 0.777394 0 
3 0.780391 0 
3 0.783387 0 
3 0.786384 0 
3 0.789381 0 
3 0.792377 0 
3 0.795374 0 
3 0.798371 0 
3 0.801367 0 
3 0.804364 0 
3 0.80736 0 
3 0.810357 0 
3 0.813353 0 
3 0.816349 0 
3 0.819345 0 
3 0.822342 0 
3 0.825338 0 
3 0.828334 0 
3 0.83133 0 
3 0.834326 0 
3 0.837322 0 
3 0.840318 0 
3 0.843313 0 
3 0.846309 0 
3 0.849305 0 
3 0.8523 0 
3 0.855296 0 
3 0.858292 0 
3 0.861287 0 
3 0.864282 0 
3 0.867278 0 
3 0.870273 0 
3 0.873268 0 
3 0.876263 0 
3 0.879258 0 
3 0.882253 0 
3 0.885247 0 
3 0.888242 0 
3 0.891237 0 
3 0.894231 0 
3 0.897226 0 
3 0.90022 0 
3 0.903214 0 
3 0.906209 0 
3 0.909203 0 
3 0.912196 0 
3 0.91519 0 
3 0.918184 0 
3 0.921178 0 
3 0.924171 0 
3 0.927165 0 
3 0.930158 0 
3 0.933152 0 
3 0.936145 0 
3 0.939138 0 
3 0.942131 0 
3 0.945124 0 
3 0.948116 0 
3 0.951109 0 
3 0.954101 0 
3 0.957094 0 
3 0.960086 0 
3 0.963078 0 
3 0.96607 0 
3 0.969062 0 
3 0.972054 0 
3 0.975046 0 
3 0.978037 0 
3 0.981029 0 
3 0.98402 0 
3 0.987011 0 
3 0.990002 0 
3 0.992993 0 
3 0.995984 0 
3 0.998974 0 
3 1.00196 0 
3 1.00496 0 
3 1.00795 0 
3 1.01094 0 
3 1.01393 0 
3 1.01692 0 
3 1.01991 0 
3 1.02289 0 
3 1.02588 0 
3 1.02887 0 
3 1.03186 0 
3 1.03485 0 
3 1.03784 0 
3 1.04083 0 
3 1.04382 0 
3 1.04681 0 
3 1.0498 0 
3 1.05278 0 
3 1.05577 0 
3 1.05876 0 
3 1.06175 0 
3 1.06474 0 
3 1.06772 0 
3 1.07071 0 
3 1.0737 0 
3 1.07668 0 
3 1.07967 0 
3 1.08266 0 
3 1.08565 0 
3 1.08863 0 
3 1.09162 0 
3 1.09461 0 
3 1.09759 0 
3 1.10058 0 
3 1.10356 0 
3 1.10655 0 
3 1.10954 0 
3 1.11252 0 
3 1.11551 0 
3 1.11849 0 
3 1.12148 0 
3 1.12446 0 
3 1.12745 0 
3 1.13043 0 
3 1.13342 0 
3 1.1364 0 
3 1.13939 0 
3 1.14237 0 
3 1.14535 0 
3 1.14834 0 
3 1.15132 0 
3 1.15431 0 
3 1.15729 0 
3 1.16027 0 
3 1.16326 0 
3 1.16624 0 
3 1.16922 0 
3 1.1722 0 
3 1.17519 0 
3 1.17817 0 
3 1.18115 0 
3 1.18414 0 
3 1.18712 0 
3 1.1901 0 
3 1.19308 0 
3 1.19607 0 
3 1.19905 0 
3 1.20203 0 
3 1.20501 0 
3 1.20799 0 
3 1.21097 0 
3 1.21396 0 
3 1.21694 0 
3 1.21992 0 
3 1.2229 0 
3 1.22588 0 
3 1.22886 0 
3 1.23184 0 
3 1.23482 0 
3 1.2378 0 
3 1.24079 0 
3 1.24377 0 
3 1.24675 0 
3 1.24973 0 
3 1.25271 0 
3 1.25569 0 
3 1.25867 0 
3 1.26165 0 
3 1.26463 0 
3 1.26761 0 
3 1.27059 0 
3 1.27357 0 
3 1.27655 0 
3 1.27953 0 
3 1.2825 0 
3 1.28548 0 
3 1.28846 0 
3 1.29144 0 
3 1.29442 0 
3 1.2974 0 
3 1.30038 0 
3 1.30336 0 
3 1.30634 0 
3 1.30932 0 
3 1.3123 0 
3 1.31528 0 
3 1.31825 0 
3 1.32123 0 
3 1.32421 0 
3 1.32719 0 
3 1.33017 0 
3 1.33315 0 
3 1.33612 0 
3 1.3391 0 
3 1.34208 0 
3 1.34506 0 
3 1.34804 0 
3 1.35102 0 
3 1.35399 0 
3 1.35697 0 
3 1.35995 0 
3 1.36293 0 
3 1.36591 0 
3 1.36888 0 
3 1.37186 0 
3 1.37484 0 
3 1.37782 0 
3 1.3808 0 
3 1.38377 0 
3 1.38675 0 
3 1.38973 0 
3 1.39271 0 
3 1.39568 0 
3 1.39866 0 
3 1.40164 0 
3 1.40462 0 
3 1.40759 0 
3 1.41057 0 
3 1.41355 0 
3 1.41653 0 
3 1.4195 0 
3 1.42248 0 
3 1.42546 0 
3 1.42844 0 
3 1.43141 0 
3 1.43439 0 
3 1.43737 0 
3 1.44034 0 
3 1.44332 0 
3 1.4463 0 
3 1.44928 0 
3 1.45225 0 
3 1.45523 0 
3 1.45821 0 
3 1.46119 0 
3 1.46416 0 
3 1.46714 0 
3 1.47012 0 
3 1.47309 0 
3 1.47607 0 
3 1.47905 0 
3 1.48203 0 
3 1.485 0 
3 1.48798 0 
3 1.49096 0 
3 1.49393 0 
3 1.49691 0 
3 1.49989 0 
3 1.50287 0 
3 1.50584 0 
3 1.50882 0 
3 1.5118 0 
3 1.51477 0 
3 1.51775 0 
3 1.52073 0 
3 1.52371 0 
3 1.52668 0 
3 1.52966 0 
3 1.53264 0 
3 1.53561 0 
3 1.53859 0 
3 1.54157 0 
3 1.54455 0 
3 1.54752 0 
3 1.5505 0 
3 1.55348 0 
3 1.55645 0 
3 1.55943 0 
3 1.56241 0 
3 1.56539 0 
3 1.56836 0 
3 1.57134 0 
3 1.57432 0 
3 1.5773 0 
3 1.58027 0 
3 1.58325 0 
3 1.58623 0 
3 1.58921 0 
3 1.59218 0 
3 1.59516 0 
3 1.59814 0 
3 1.60111 0 
3 1.60409 0 
3 1.60707 0 
3 1.61005 0 
3 1.61302 0 
3 1.616 0 
3 1.61898 0 
3 1.62196 0 
3 1.62493 0 
3 1.62791 0 
3 1.63089 0 
3 1.63387 0 
3 1.63684 0 
3 1.63982 0 
3 1.6428 0 
3 1.64578 0 
3 1.64875 0 
3 1.65173 0 
3 1.65471 0 
3 1.65769 0 
3 1.66066 0 
3 1.66364 0 
3 1.66662 0 
3 1.6696 0 
3 1.67258 0 
3 1.67555 0 
3 1.67853 0 
3 1.68151 0 
3 1.68449 0 
3 1.68746 0 
3 1.69044 0 
3 1.69342 0 
3 1.6964 0 
3 1.69938 0 
3 1.70235 0 
3 1.70533 0 
3 1.70831 0 
3 1.71129 0 
3 1.71427 0 
3 1.71724 0 
3 1.72022 0 
3 1.7232 0 
3 1.72618 0 
3 1.72916 0 
3 1.73213 0 
3 1.73511 0 
3 1.73809 0 
3 1.74107 0 
3 1.74405 0 
3 1.74702 0 
3 1.75 0 
3 1.75298 0 
3 1.75596 0 
3 1.75894 0 
3 1.76192 0 
3 1.76489 0 
3 1.76787 0 
3 1.77085 0 
3 1.77383 0 
3 1.77681 0 
3 1.77979 0 
3 1.78277 0 
3 1.78574 0 
3 1.78872 0 
3 1.7917 0 
3 1.79468 0 
3 1.79766 0 
3 1.80064 0 
3 1.80361 0 
3 1.80659 0 
3 1.80957 0 
3 1.81255 0 
3 1.81553 0 
3 1.81851 0 
3 1.82148 0 
3 1.82446 0 
3 1.82744 0 
3 1.83042 0 
3 1.8334 0 
3 1.83638 0 
3 1.83936 0 
3 1.84234 0 
3 1.84531 0 
3 1.84829 0 
3 1.85127 0 
3 1.85425 0 
3 1.85723 0 
3 1.86021 0 
3 1.86319 0 
3 1.86617 0 
3 1.86915 0 
3 1.87212 0 
3 1.8751 0 
3 1.87808 0 
3 1.88106 0 
3 1.88404 0 
3 1.88702 0 
3 1.89 0 
3 1.89298 0 
3 1.89596 0 
3 1.89893 0 
3 1.90191 0 
3 1.90489 0 
3 1.90787 0 
3 1.91085 0 
3 1.91383 0 
3 1.91681 0 
3 1.91979 0 
3 1.92277 0 
3 1.92575 0 
3 1.92873 0 
3 1.9317 0 
3 1.93468 0 
3 1.93766 0 
3 1.94064 0 
3 1.94362 0 
3 1.9466 0 
3 1.94958 0 
3 1.95256 0 
3 1.95554 0 
3 1.95852 0 
3 1.9615 0 
3 1.96448 0 
3 1.96745 0 
3 1.97043 0 
3 1.97341 0 
3 1.97639 0 
3 1.97937 0 
3 1.98235 0 
3 1.98533 0 
3 1.98831 0 
3 1.99129 0 
3 1.99427 0 
3 1.99725 0 
3 2.00023 0 
3 2.00321 0 
3 2.00619 0 
3 2.00917 0 
3 2.01215 0 
3 2.01513 0 
3 2.01811 0 
3 2.02108 0 
3 2.02406 0 
3 2.02704 0 
3 2.03002 0 
3 2.033 0 
3 2.03598 0 
3 2.03896 0 
3 2.04194 0 
3 2.04492 0 
3 2.0479 0 
3 2.05088 0 
3 2.05386 0 
3 2.05684 0 
3 2.05982 0 
3 2.0628 0 
3 2.06578 0 
3 2.06876 0 
3 2.07174 0 
3 2.07472 0 
3 2.0777 0 
3 2.08068 0 
3 2.08366 0 
3 2.08664 0 
3 2.08962 0 
3 2.0926 0 
3 2.09558 0 
3 2.09856 0 
3 2.10153 0 
3 2.10451 0 
3 2.10749 0 
3 2.11047 0 
3 2.11345 0 
3 2.11643 0 
3 2.11941 0 
3 2.12239 0 
3 2.12537 0 
3 2.12835 0 
3 2.13133 0 
3 2.13431 0 
3 2.13729 0 
3 2.14027 0 
3 2.14325 0 
3 2.14623 0 
3 2.14921 0 
3 2.15219 0 
3 2.15517 0 
3 2.15815 0 
3 2.16113 0 
3 2.16411 0 
3 2.16709 0 
3 2.17007 0 
3 2.17305 0 
3 2.17603 0 
3 2.17901 0 
3 2.18199 0 
3 2.18497 0 
3 2.18795 0 
3 2.19093 0 
3 2.19391 0 
3 2.19689 0 
3 2.19987 0 
3 2.20285 0 
3 2.20583 0 
3 2.20881 0 
3 2.21179 0 
3 2.21477 0 
3 2.21775 0 
3 2.22073 0 
3 2.22371 0 
3 2.22669 0 
3 2.22967 0 
3 2.23265 0 
3 2.23563 0 
3 2.23861 0 
3 2.24159 0 
3 2.24457 0 
3 2.24755 0 
3 2.25053 0 
3 2.25351 0 
3 2.25649 0 
3 2.25947 0 
3 2.26245 0 
3 2.26543 0 
3 2.26841 0 
3 2.27139 0 
3 2.27437 0 
3 2.27735 0 
3 2.28033 0 
3 2.28331 0 
3 2.28629 0 
3 2.28927 0 
3 2.29225 0 
3 2.29523 0 
3 2.29821 0 
3 2.30119 0 
3 2.30417 0 
3 2.30715 0 
3 2.31014 0 
3 2.31312 0 
3 2.3161 0 
3 2.31908 0 
3 2.32206 0 
3 2.32504 0 
3 2.32802 0 
3 2.331 0 
3 2.33398 0 
3 2.33696 0 
3 2.33994 0 
3 2.34292 0 
3 2.3459 0 
3 2.34888 0 
3 2.35186 0 
3 2.35484 0 
3 2.35782 0 
3 2.3608 0 
3 2.36378 0 
3 2.36676 0 
3 2.36974 0 
3 2.37272 0 
3 2.3757 0 
3 2.37868 0 
3 2.38166 0 
3 2.38464 0 
3 2.38762 0 
3 2.3906 0 
3 2.39358 0 
3 2.39656 0 
3 2.39954 0 
3 2.40252 0 
3 2.4055 0 
3 2.40848 0 
3 2.41146 0 
3 2.41444 0 
3 2.41742 0 
3 2.4204 0 
3 2.42339 0 
3 2.42637 0 
3 2.42935 0 
3 2.43233 0 
3 2.43531 0 
3 2.43829 0 
3 2.44127 0 
3 2.44425 0 
3 2.44723 0 
3 2.45021 0 
3 2.45319 0 
3 2.45617 0 
3 2.45915 0 
3 2.46213 0 
3 2.46511 0 
3 2.46809 0 
3 2.47107 0 
3 2.47405 0 
3 2.47703 0 
3 2.48001 0 
3 2.48299 0 
3 2.48597 0 
3 2.48895 0 
3 2.49193 0 
3 2.49491 0 
3 2.49789 0 
3 2.50087 0 
3 2.50386 0 
3 2.50684 0 
3 2.50982 0 
3 2.5128 0 
3 2.51578 0 
3 2.51876 0 
3 2.52174 0 
3 2.52472 0 
3 2.5277 0 
3 2.53068 0 
3 2.53366 0 
3 2.53664 0 
3 2.53962 0 
3 2.5426 0 
3 2.54558 0 
3 2.54856 0 
3 2.55154 0 
3 2.55452 0 
3 2.5575 0 
3 2.56048 0 
3 2.56346 0 
3 2.56644 0 
3 2.56942 0 
3 2.5724 0 
3 2.57539 0 
3 2.57837 0 
3 2.58135 0 
3 2.58433 0 
3 2.58731 0 
3 2.59029 0 
3 2.59327 0 
3 2.59625 0 
3 2.59923 0 
3 2.60221 0 
3 2.60519 0 
3 2.60817 0 
3 2.61115 0 
3 2.61413 0 
3 2.61711 0 
3 2.62009 0 
3 2.62307 0 
3 2.62605 0 
3 2.62903 0 
3 2.63201 0 
3 2.63499 0 
3 2.63798 0 
3 2.64096 0 
3 2.64394 0 
3 2.64692 0 
3 2.6499 0 
3 2.65288 0 
3 2.65586 0 
3 2.65884 0 
3 2.66182 0 
3 2.6648 0 
3 2.66778 0 
3 2.67076 0 
3 2.67374 0 
3 2.67672 0 
3 2.6797 0 
3 2.68268 0 
3 2.68566 0 
3 2.68864 0 
3 2.69162 0 
3 2.6946 0 
3 2.69758 0 
3 2.70056 0 
3 2.70355 0 
3 2.70653 0 
3 2.70951 0 
3 2.71249 0 
3 2.71547 0 
3 2.71845 0 
3 2.72143 0 
3 2.72441 0 
3 2.72739 0 
3 2.73037 0 
3 2.73335 0 
3 2.73633 0 
3 2.73931 0 
3 2.74229 0 
3 2.74527 0 
3 2.74825 0 
3 2.75123 0 
3 2.75421 0 
3 2.75719 0 
3 2.76017 0 
3 2.76316 0 
3 2.76614 0 
3 2.76912 0 
3 2.7721 0 
3 2.77508 0 
3 2.77806 0 
3 2.78104 0 
3 2.78402 0 
3 2.787 0 
3 2.78998 0 
3 2.79296 0 
3 2.79594 0 
3 2.79892 0 
3 2.8019 0 
3 2.80488 0 
3 2.80786 0 
3 2.81084 0 
3 2.81382 0 
3 2.8168 0 
3 2.81979 0 
3 2.82277 0 
3 2.82575 0 
3 2.82873 0 
3 2.83171 0 
3 2.83469 0 
3 2.83767 0 
3 2.84065 0 
3 2.84363 0 
3 2.84661 0 
3 2.84959 0 
3 2.85257 0 
3 2.85555 0 
3 2.85853 0 
3 2.86151 0 
3 2.86449 0 
3 2.86747 0 
3 2.87045 0 
3 2.87343 0 
3 2.87641 0 
3 2.8794 0 
3 2.88238 0 
3 2.88536 0 
3 2.88834 0 
3 2.89132 0 
3 2.8943 0 
3 2.89728 0 
3 2.90026 0 
3 2.90324 0 
3 2.90622 0 
3 2.9092 0 
3 2.91218 0 
3 2.91516 0 
3 2.91814 0 
3 2.92112 0 
3 2.9241 0 
3 2.92708 0 
3 2.93006 0 
3 2.93305 0 
3 2.93603 0 
3 2.93901 0 
3 2.94199 0 
3 2.94497 0 
3 2.94795 0 
3 2.95093 0 
3 2.95391 0 
3 2.95689 0 
3 2.95987 0 
3 2.96285 0 
3 2.96583 0 
3 2.96881 0 
3 2.97179 0 
3 2.97477 0 
3 2.97775 0 
3 2.98073 0 
3 2.98371 0 
3 2.98669 0 
3 2.98968 0 
3 2.99266 0 
3 2.99564 0 
3 2.99862 0 
3 3.0016 0 
3 3.00458 0 
3 3.00756 0 
3 3.01054 0 
3 3.01352 0 
3 3.0165 0 
3 3.01948 0 
3 3.02246 0 
3 3.02544 0 
3 3.02842 0 
3 3.0314 0 
3 3.03438 0 
3 3.03736 0 
3 3.04034 0 
3 3.04332 0 
3 3.0463 0 
3 3.04929 0 
3 3.05227 0 
3 3.05525 0 
3 3.05823 0 
3 3.06121 0 
3 3.06419 0 
3 3.06717 0 
3 3.07015 0 
3 3.07313 0 
3 3.07611 0 
3 3.07909 0 
3 3.08207 0 
3 3.08505 0 
3 3.08803 0 
3 3.09101 0 
3 3.09399 0 
3 3.09697 0 
3 3.09995 0 
3 3.10294 0 
3 3.10592 0 
3 3.1089 0 
3 3.11188 0 
3 3.11486 0 
3 3.11784 0 
3 3.12082 0 
3 3.1238 0 
3 3.12678 0 
3 3.12976 0 
3 3.13274 0 
3 3.13572 0 
3 3.1387 0 
3 3.14168 0 
3 3.14466 0 
3 3.14764 0 
3 3.15062 0 
3 3.1536 0 
3 3.15658 0 
3 3.15956 0 
3 3.16255 0 
3 3.16553 0 
3 3.16851 0 
3 3.17149 0 
3 3.17447 0 
3 3.17745 0 
3 3.18043 0 
3 3.18341 0 
3 3.18639 0 
3 3.18937 0 
3 3.19235 0 
3 3.19533 0 
3 3.19831 0 
3 3.20129 0 
3 3.20427 0 
3 3.20725 0 
3 3.21023 0 
3 3.21321 0 
3 3.21619 0 
3 3.21917 0 
3 3.22215 0 
3 3.22514 0 
3 3.22812 0 
3 3.2311 0 
3 3.23408 0 
3 3.23706 0 
3 3.24004 0 
3 3.24302 0 
3 3.246 0 
3 3.24898 0 
3 3.25196 0 
3 3.25494 0 
3 3.25792 0 
3 3.2609 0 
3 3.26388 0 
3 3.26686 0 
3 3.26984 0 
3 3.27282 0 
3 3.2758 0 
3 3.27878 0 
3 3.28176 0 
3 3.28474 0 
3 3.28773 0 
3 3.29071 0 
3 3.29369 0 
3 3.29667 0 
3 3.29965 0 
3 3.30263 0 
3 3.30561 0 
3 3.30859 0 
3 3.31157 0 
3 3.31455 0 
3 3.31753 0 
3 3.32051 0 
3 3.32349 0 
3 3.32647 0 
3 3.32945 0 
3 3.33243 0 
3 3.33541 0 
3 3.33839 0 
3 3.34137 0 
3 3.34435 0 
3 3.34733 0 
3 3.35031 0 
3 3.35329 0 
3 3.35627 0 
3 3.35926 0 
3 3.36223 0 
3 3.36522 0 
3 3.3682 0 
3 3.37118 0 
3 3.37416 0 
3 3.37714 0 
3 3.38012 0 
3 3.3831 0 
3 3.38608 0 
3 3.38906 0 
3 3.39204 0 
3 3.39502 0 
3 3.398 0 
3 3.40098 0 
3 3.40396 0 
3 3.40694 0 
3 3.40992 0 
3 3.4129 0 
3 3.41588 0 
3 3.41886 0 
3 3.42184 0 
3 3.42482 0 
3 3.4278 0 
3 3.43078 0 
3 3.43376 0 
3 3.43674 0 
3 3.43972 0 
3 3.44271 0 
3 3.44569 0 
3 3.44867 0 
3 3.45165 0 
3 3.45463 0 
3 3.45761 0 
3 3.46059 0 
3 3.46357 0 
3 3.46655 0 
3 3.46953 0 
3 3.47251 0 
3 3.47549 0 
3 3.47847 0 
3 3.48145 0 
3 3.48443 0 
3 3.48741 0 
3 3.49039 0 
3 3.49337 0 
3 3.49635 0 
3 3.49933 0 
3 3.50231 0 
3 3.50529 0 
3 3.50827 0 
3 3.51125 0 
3 3.51423 0 
3 3.51721 0 
3 3.52019 0 
3 3.52317 0 
3 3.52615 0 
3 3.52913 0 
3 3.53211 0 
3 3.53509 0 
3 3.53807 0 
3 3.54105 0 
3 3.54403 0 
3 3.54701 0 
3 3.54999 0 
3 3.55297 0 
3 3.55595 0 
3 3.55893 0 
3 3.56191 0 
3 3.56489 0 
3 3.56788 0 
3 3.57085 0 
3 3.57384 0 
3 3.57681 0 
3 3.5798 0 
3 3.58278 0 
3 3.58576 0 
3 3.58874 0 
3 3.59172 0 
3 3.5947 0 
3 3.59768 0 
3 3.60066 0 
3 3.60364 0 
3 3.60662 0 
3 3.6096 0 
3 3.61258 0 
3 3.61556 0 
3 3.61854 0 
3 3.62152 0 
3 3.6245 0 
3 3.62748 0 
3 3.63046 0 
3 3.63344 0 
3 3.63642 0 
3 3.6394 0 
3 3.64238 0 
3 3.64536 0 
3 3.64834 0 
3 3.65132 0 
3 3.6543 0 
3 3.65728 0 
3 3.66026 0 
3 3.66324 0 
3 3.66622 0 
3 3.6692 0 
3 3.67218 0 
3 3.67516 0 
3 3.67814 0 
3 3.68112 0 
3 3.6841 0 
3 3.68707 0 
3 3.69005 0 
3 3.69304 0 
3 3.69601 0 
3 3.69899 0 
3 3.70197 0 
3 3.70495 0 
3 3.70793 0 
3 3.71091 0 
3 3.71389 0 
3 3.71687 0 
3 3.71985 0 
3 3.72283 0 
3 3.72581 0 
3 3.72879 0 
3 3.73177 0 
3 3.73475 0 
3 3.73773 0 
3 3.74071 0 
3 3.74369 0 
3 3.74667 0 
3 3.74965 0 
3 3.75263 0 
3 3.75561 0 
3 3.75859 0 
3 3.76157 0 
3 3.76455 0 
3 3.76753 0 
3 3.77051 0 
3 3.77349 0 
3 3.77647 0 
3 3.77945 0 
3 3.78243 0 
3 3.7854 0 
3 3.78838 0 
3 3.79136 0 
3 3.79434 0 
3 3.79732 0 
3 3.8003 0 
3 3.80328 0 
3 3.80626 0 
3 3.80924 0 
3 3.81222 0 
3 3.8152 0 
3 3.81818 0 
3 3.82116 0 
3 3.82414 0 
3 3.82712 0 
3 3.8301 0 
3 3.83308 0 
3 3.83605 0 
3 3.83903 0 
3 3.84201 0 
3 3.84499 0 
3 3.84797 0 
3 3.85095 0 
3 3.85393 0 
3 3.85691 0 
3 3.85989 0 
3 3.86287 0 
3 3.86585 0 
3 3.86883 0 
3 3.8718 0 
3 3.87478 0 
3 3.87776 0 
3 3.88074 0 
3 3.88372 0 
3 3.8867 0 
3 3.88968 0 
3 3.89266 0 
3 3.89564 0 
3 3.89861 0 
3 3.90159 0 
3 3.90457 0 
3 3.90755 0 
3 3.91053 0 
3 3.91351 0 
3 3.91649 0 
3 3.91947 0 
3 3.92245 0 
3 3.92542 0 
3 3.9284 0 
3 3.93138 0 
3 3.93436 0 
3 3.93734 0 
3 3.94032 0 
3 3.9433 0 
3 3.94627 0 
3 3.94925 0 
3 3.95223 0 
3 3.95521 0 
3 3.95819 0 
3 3.96117 0 
3 3.96414 0 
3 3.96712 0 
3 3.9701 0 
3 3.97308 0 
3 3.97606 0 
3 3.97904 0 
3 3.98201 0 
3 3.98499 0 
3 3.98797 0 
3 3.99095 0 
3 3.99393 0 
3 3.9969 0 
3 3.99988 0 
3 4.00286 0 
3 4.00584 0 
3 4.00882 0 
3 4.01179 0 
3 4.01477 0 
3 4.01775 0 
3 4.02073 0 
3 4.02371 0 
3 4.02668 0 
3 4.02966 0 
3 4.03264 0 
3 4.03562 0 
3 4.0386 0 
3 4.04157 0 
3 4.04455 0 
3 4.04753 0 
3 4.0505 0 
3 4.05348 0 
3 4.05646 0 
3 4.05944 0 
3 4.06242 0 
3 4.06539 0 
3 4.06837 0 
3 4.07135 0 
3 4.07432 0 
3 4.0773 0 
3 4.08028 0 
3 4.08326 0 
3 4.08623 0 
3 4.08921 0 
3 4.09219 0 
3 4.09516 0 
3 4.09814 0 
3 4.10112 0 
3 4.10409 0 
3 4.10707 0 
3 4.11005 0 
3 4.11302 0 
3 4.116 0 
3 4.11898 0 
3 4.12195 0 
3 4.12493 0 
3 4.12791 0 
3 4.13088 0 
3 4.13386 0 
3 4.13684 0 
3 4.13981 0 
3 4.14279 0 
3 4.14576 0 
3 4.14874 0 
3 4.15172 0 
3 4.15469 0 
3 4.15767 0 
3 4.16065 0 
3 4.16362 0 
3 4.1666 0 
3 4.16957 0 
3 4.17255 0 
3 4.17552 0 
3 4.1785 0 
3 4.18148 0 
3 4.18445 0 
3 4.18743 0 
3 4.1904 0 
3 4.19338 0 
3 4.19635 0 
3 4.19933 0 
3 4.2023 0 
3 4.20528 0 
3 4.20825 0 
3 4.21123 0 
3 4.2142 0 
3 4.21718 0 
3 4.22015 0 
3 4.22313 0 
3 4.2261 0 
3 4.22908 0 
3 4.23205 0 
3 4.23503 0 
3 4.238 0 
3 4.24098 0 
3 4.24395 0 
3 4.24693 0 
3 4.2499 0 
3 4.25287 0 
3 4.25585 0 
3 4.25882 0 
3 4.2618 0 
3 4.26477 0 
3 4.26774 0 
3 4.27072 0 
3 4.27369 0 
3 4.27667 0 
3 4.27964 0 
3 4.28261 0 
3 4.28559 0 
3 4.28856 0 
3 4.29153 0 
3 4.29451 0 
3 4.29748 0 
3 4.30045 0 
3 4.30343 0 
3 4.3064 0 
3 4.30937 0 
3 4.31235 0 
3 4.31532 0 
3 4.31829 0 
3 4.32126 0 
3 4.32424 0 
3 4.32721 0 
3 4.33018 0 
3 4.33315 0 
3 4.33612 0 
3 4.3391 0 
3 4.34207 0 
3 4.34504 0 
3 4.34801 0 
3 4.35098 0 
3 4.35396 0 
3 4.35693 0 
3 4.3599 0 
3 4.36287 0 
3 4.36584 0 
3 4.36881 0 
3 4.37179 0 
3 4.37476 0 
3 4.37773 0 
3 4.3807 0 
3 4.38367 0 
3 4.38664 0 
3 4.38961 0 
3 4.39258 0 
3 4.39555 0 
3 4.39852 0 
3 4.40149 0 
3 4.40447 0 
3 4.40744 0 
3 4.41041 0 
3 4.41338 0 
3 4.41635 0 
3 4.41932 0 
3 4.42229 0 
3 4.42526 0 
3 4.42823 0 
3 4.4312 0 
3 4.43417 0 
3 4.43714 0 
3 4.4401 0 
3 4.44307 0 
3 4.44604 0 
3 4.44901 0 
3 4.45198 0 
3 4.45495 0 
3 4.45792 0 
3 4.46089 0 
3 4.46386 0 
3 4.46683 0 
3 4.46979 0 
3 4.47276 0 
3 4.47573 0 
3 4.4787 0 
3 4.48167 0 
3 4.48464 0 
3 4.4876 0 
3 4.49057 0 
3 4.49354 0 
3 4.49651 0 
3 4.49947 0 
3 4.50244 0 
3 4.50541 0 
3 4.50838 0 
3 4.51135 0 
3 4.51431 0 
3 4.51728 0 
3 4.52025 0 
3 4.52321 0 
3 4.52618 0 
3 4.52915 0 
3 4.53211 0 
3 4.53508 0 
3 4.53805 0 
3 4.54101 0 
3 4.54398 0 
3 4.54695 0 
3 4.54991 0 
3 4.55288 0 
3 4.55585 0 
3 4.55881 0 
3 4.56178 0 
3 4.56474 0 
3 4.56771 0 
3 4.57068 0 
3 4.57364 0 
3 4.57661 0 
3 4.57957 0 
3 4.58254 0 
3 4.5855 0 
3 4.58847 0 
3 4.59144 0 
3 4.5944 0 
3 4.59737 0 
3 4.60033 0 
3 4.6033 0 
3 4.60626 0 
3 4.60923 0 
3 4.61219 0 
3 4.61516 0 
3 4.61812 0 
3 4.62109 0 
3 4.62405 0 
3 4.62702 0 
3 4.62998 0 
3 4.63295 0 
3 4.63591 0 
3 4.63887 0 
3 4.64184 0 
3 4.6448 0 
3 4.64777 0 
3 4.65073 0 
3 4.6537 0 
3 4.65666 0 
3 4.65963 0 
3 4.66259 0 
3 4.66556 0 
3 4.66852 0 
3 4.67148 0 
3 4.67445 0 
3 4.67741 0 
3 4.68038 0 
3 4.68334 0 
3 4.6863 0 
3 4.68927 0 
3 4.69223 0 
3 4.6952 0 
3 4.69816 0 
3 4.70113 0 
3 4.70409 0 
3 4.70705 0 
3 4.71002 0 
3 4.71298 0 
3 4.71595 0 
3 4.71891 0 
3 4.72187 0 
3 4.72484 0 
3 4.7278 0 
3 4.73077 0 
3 4.73373 0 
3 4.7367 0 
3 4.73966 0 
3 4.74262 0 
3 4.74559 0 
3 4.74855 0 
3 4.75152 0 
3 4.75448 0 
3 4.75745 0 
3 4.76041 0 
3 4.76338 0 
3 4.76634 0 
3 4.76931 0 
3 4.77227 0 
3 4.77524 0 
3 4.7782 0 
3 4.78117 0 
3 4.78413 0 
3 4.7871 0 
3 4.79006 0 
3 4.79303 0 
3 4.79599 0 
3 4.79896 0 
3 4.80192 0 
3 4.80489 0 
3 4.80786 0 
3 4.81082 0 
3 4.81379 0 
3 4.81675 0 
3 4.81972 0 
3 4.82269 0 
3 4.82565 0 
3 4.82862 0 
3 4.83159 0 
3 4.83455 0 
3 4.83752 0 
3 4.84049 0 
3 4.84345 0 
3 4.84642 0 
3 4.84939 0 
3 4.85236 0 
3 4.85532 0 
3 4.85829 0 
3 4.86126 0 
3 4.86423 0 
3 4.8672 0 
3 4.87016 0 
3 4.87313 0 
3 4.8761 0 
3 4.87907 0 
3 4.88204 0 
3 4.88501 0 
3 4.88798 0 
3 4.89095 0 
3 4.89392 0 
3 4.89689 0 
3 4.89986 0 
3 4.90283 0 
3 4.9058 0 
3 4.90877 0 
3 4.91174 0 
3 4.91471 0 
3 4.91768 0 
3 4.92065 0 
3 4.92363 0 
3 4.9266 0 
3 4.92957 0 
3 4.93254 0 
3 4.93551 0 
3 4.93849 0 
3 4.94146 0 
3 4.94443 0 
3 4.94741 0 
3 4.95038 0 
3 4.95335 0 
3 4.95633 0 
3 4.9593 0 
3 4.96227 0 
3 4.96525 0 
3 4.96822 0 
3 4.9712 0 
3 4.97417 0 
3 4.97715 0 
3 4.98013 0 
3 4.9831 0 
3 4.98608 0 
3 4.98905 0 
3 4.99203 0 
3 4.99501 0 
3 4.99798 0 
3 5.00096 0 
3 5.00394 0 
3 5.00691 0 
3 5.00989 0 
3 5.01287 0 
3 5.01585 0 
3 5.01883 0 
3 5.02181 0 
3 5.02478 0 
3 5.02776 0 
3 5.03074 0 
3 5.03372 0 
3 5.0367 0 
3 5.03968 0 
3 5.04266 0 
3 5.04564 0 
3 5.04862 0 
3 5.0516 0 
3 5.05459 0 
3 5.05757 0 
3 5.06055 0 
3 5.06353 0 
3 5.06651 0 
3 5.0695 0 
3 5.07248 0 
3 5.07546 0 
3 5.07844 0 
3 5.08143 0 
3 5.08441 0 
3 5.08739 0 
3 5.09038 0 
3 5.09336 0 
3 5.09634 0 
3 5.09933 0 
3 5.10231 0 
3 5.1053 0 
3 5.10828 0 
3 5.11127 0 
3 5.11425 0 
3 5.11724 0 
3 5.12023 0 
3 5.12321 0 
3 5.1262 0 
3 5.12918 0 
3 5.13217 0 
3 5.13516 0 
3 5.13814 0 
3 5.14113 0 
3 5.14412 0 
3 5.1471 0 
3 5.15009 0 
3 5.15308 0 
3 5.15607 0 
3 5.15906 0 
3 5.16204 0 
3 5.16503 0 
3 5.16802 0 
3 5.17101 0 
3 5.174 0 
3 5.17699 0 
3 5.17998 0 
3 5.18297 0 
3 5.18596 0 
3 5.18894 0 
3 5.19193 0 
3 5.19492 0 
3 5.19791 0 
3 5.2009 0 
3 5.20389 0 
3 5.20688 0 
3 5.20988 0 
3 5.21287 0 
3 5.21586 0 
3 5.21885 0 
3 5.22184 0 
3 5.22483 0 
3 5.22782 0 
3 5.23081 0 
3 5.2338 0 
3 5.23679 0 
3 5.23979 0 
3 5.24278 0 
3 5.24577 0 
3 5.24876 0 
3 5.25175 0 
3 5.25475 0 
3 5.25774 0 
3 5.26073 0 
3 5.26372 0 
3 5.26671 0 
3 5.26971 0 
3 5.2727 0 
3 5.27569 0 
3 5.27868 0 
3 5.28168 0 
3 5.28467 0 
3 5.28766 0 
3 5.29065 0 
3 5.29365 0 
3 5.29664 0 
3 5.29963 0 
3 5.30263 0 
3 5.30562 0 
3 5.30861 0 
3 5.3116 0 
3 5.3146 0 
3 5.31759 0 
3 5.32058 0 
3 5.32358 0 
3 5.32657 0 
3 5.32956 0 
3 5.33256 0 
3 5.33555 0 
3 5.33854 0 
3 5.34154 0 
3 5.34453 0 
3 5.34752 0 
3 5.35052 0 
3 5.35351 0 
3 5.3565 0 
3 5.3595 0 
3 5.36249 0 
3 5.36548 0 
3 5.36848 0 
3 5.37147 0 
3 5.37446 0 
3 5.37746 0 
3 5.38045 0 
3 5.38344 0 
3 5.38644 0 
3 5.38943 0 
3 5.39242 0 
3 5.39542 0 
3 5.39841 0 
3 5.4014 0 
3 5.4044 0 
3 5.40739 0 
3 5.41038 0 
3 5.41338 0 
3 5.41637 0 
3 5.41936 0 
3 5.42236 0 
3 5.42535 0 
3 5.42834 0 
3 5.43133 0 
3 5.43433 0 
3 5.43732 0 
3 5.44031 0 
3 5.44331 0 
3 5.4463 0 
3 5.44929 0 
3 5.45228 0 
3 5.45528 0 
3 5.45827 0 
3 5.46126 0 
3 5.46425 0 
3 5.46725 0 
3 5.47024 0 
3 5.47323 0 
3 5.47622 0 
3 5.47922 0 
3 5.48221 0 
3 5.4852 0 
3 5.48819 0 
3 5.49118 0 
3 5.49418 0 
3 5.49717 0 
3 5.50016 0 
3 5.50315 0 
3 5.50614 0 
3 5.50913 0 
3 5.51213 0 
3 5.51512 0 
3 5.51811 0 
3 5.5211 0 
3 5.52409 0 
3 5.52708 0 
3 5.53007 0 
3 5.53307 0 
3 5.53606 0 
3 5.53905 0 
3 5.54204 0 
3 5.54503 0 
3 5.54802 0 
3 5.55101 0 
3 5.554 0 
3 5.55699 0 
3 5.55998 0 
3 5.56297 0 
3 5.56597 0 
3 5.56896 0 
3 5.57195 0 
3 5.57494 0 
3 5.57793 0 
3 5.58092 0 
3 5.58391 0 
3 5.5869 0 
3 5.58989 0 
3 5.59288 0 
3 5.59587 0 
3 5.59886 0 
3 5.60185 0 
3 5.60484 0 
3 5.60783 0 
3 5.61082 0 
3 5.61381 0 
3 5.6168 0 
3 5.61978 0 
3 5.62277 0 
3 5.62576 0 
3 5.62875 0 
3 5.63174 0 
3 5.63473 0 
3 5.63772 0 
3 5.64071 0 
3 5.6437 0 
3 5.64669 0 
3 5.64967 0 
3 5.65266 0 
3 5.65565 0 
3 5.65864 0 
3 5.66163 0 
3 5.66462 0 
3 5.66761 0 
3 5.67059 0 
3 5.67358 0 
3 5.67657 0 
3 5.67956 0 
3 5.68255 0 
3 5.68553 0 
3 5.68852 0 
3 5.69151 0 
3 5.6945 0 
3 5.69749 0 
3 5.70047 0 
3 5.70346 0 
3 5.70645 0 
3 5.70944 0 
3 5.71242 0 
3 5.71541 0 
3 5.7184 0 
3 5.72139 0 
3 5.72437 0 
3 5.72736 0 
3 5.73035 0 
3 5.73333 0 
3 5.73632 0 
3 5.73931 0 
3 5.7423 0 
3 5.74528 0 
3 5.74827 0 
3 5.75126 0 
3 5.75424 0 
3 5.75723 0 
3 5.76022 0 
3 5.7632 0 
3 5.76619 0 
3 5.76917 0 
3 5.77216 0 
3 5.77515 0 
3 5.77813 0 
3 5.78112 0 
3 5.78411 0 
3 5.78709 0 
3 5.79008 0 
3 5.79306 0 
3 5.79605 0 
3 5.79904 0 
3 5.80202 0 
3 5.80501 0 
3 5.80799 0 
3 5.81098 0 
3 5.81396 0 
3 5.81695 0 
3 5.81994 0 
3 5.82292 0 
3 5.82591 0 
3 5.82889 0 
3 5.83188 0 
3 5.83486 0 
3 5.83785 0 
3 5.84083 0 
3 5.84382 0 
3 5.8468 0 
3 5.84979 0 
3 5.85277 0 
3 5.85576 0 
3 5.85874 0 
3 5.86173 0 
3 5.86471 0 
3 5.8677 0 
3 5.87068 0 
3 5.87367 0 
3 5.87665 0 
3 5.87964 0 
3 5.88262 0 
3 5.88561 0 
3 5.88859 0 
3 5.89158 0 
3 5.89456 0 
3 5.89755 0 
3 5.90053 0 
3 5.90351 0 
3 5.9065 0 
3 5.90948 0 
3 5.91247 0 
3 5.91545 0 
3 5.91844 0 
3 5.92142 0 
3 5.9244 0 
3 5.92739 0 
3 5.93037 0 
3 5.93336 0 
3 5.93634 0 
3 5.93932 0 
3 5.94231 0 
3 5.94529 0 
3 5.94828 0 
3 5.95126 0 
3 5.95424 0 
3 5.95723 0 
3 5.96021 0 
3 5.9632 0 
3 5.96618 0 
3 5.96916 0 
3 5.97215 0 
3 5.97513 0 
3 5.97811 0 
3 5.9811 0 
3 5.98408 0 
3 5.98706 0 
3 5.99005 0 
3 5.99303 0 
3 5.99601 0 
3 5.999 0 
3 6.00198 0 
3 6.00496 0 
3 6.00795 0 
3 6.01093 0 
3 6.01391 0 
3 6.0169 0 
3 6.01988 0 
3 6.02286 0 
3 6.02585 0 
3 6.02883 0 
3 6.03181 0 
3 6.0348 0 
3 6.03778 0 
3 6.04076 0 
3 6.04374 0 
3 6.04673 0 
3 6.04971 0 
3 6.05269 0 
3 6.05568 0 
3 6.05866 0 
3 6.06164 0 
3 6.06462 0 
3 6.06761 0 
3 6.07059 0 
3 6.07357 0 
3 6.07656 0 
3 6.07954 0 
3 6.08252 0 
3 6.0855 0 
3 6.08849 0 
3 6.09147 0 
3 6.09445 0 
3 6.09743 0 
3 6.10042 0 
3 6.1034 0 
3 6.10638 0 
3 6.10936 0 
3 6.11235 0 
3 6.11533 0 
3 6.11831 0 
3 6.12129 0 
3 6.12428 0 
3 6.12726 0 
3 6.13024 0 
3 6.13322 0 
3 6.13621 0 
3 6.13919 0 
3 6.14217 0 
3 6.14515 0 
3 6.14814 0 
3 6.15112 0 
3 6.1541 0 
3 6.15708 0 
3 6.16006 0 
3 6.16305 0 
3 6.16603 0 
3 6.16901 0 
3 6.17199 0 
3 6.17498 0 
3 6.17796 0 
3 6.18094 0 
3 6.18392 0 
3 6.1869 0 
3 6.18989 0 
3 6.19287 0 
3 6.19585 0 
3 6.19883 0 
3 6.20181 0 
3 6.2048 0 
3 6.20778 0 
3 6.21076 0 
3 6.21374 0 
3 6.21672 0 
3 6.21971 0 
3 6.22269 0 
3 6.22567 0 
3 6.22865 0 
3 6.23163 0 
3 6.23462 0 
3 6.2376 0 
3 6.24058 0 
3 6.24356 0 
3 6.24654 0 
3 6.24952 0 
3 6.25251 0 
3 6.25549 0 
3 6.25847 0 
3 6.26145 0 
3 6.26443 0 
3 6.26742 0 
3 6.2704 0 
3 6.27338 0 
3 6.27636 0 
3 6.27934 0 
3 6.28232 0 
3 6.28531 0 
3 6.28829 0 
3 6.29127 0 
3 6.29425 0 
3 6.29723 0 
3 6.30021 0 
3 6.3032 0 
3 6.30618 0 
3 6.30916 0 
3 6.31214 0 
3 6.31512 0 
3 6.3181 0 
3 6.32108 0 
3 6.32407 0 
3 6.32705 0 
3 6.33003 0 
3 6.33301 0 
3 6.33599 0 
3 6.33897 0 
3 6.34196 0 
3 6.34494 0 
3 6.34792 0 
3 6.3509 0 
3 6.35388 0 
3 6.35686 0 
3 6.35984 0 
3 6.36283 0 
3 6.36581 0 
3 6.36879 0 
3 6.37177 0 
3 6.37475 0 
3 6.37773 0 
3 6.38071 0 
3 6.3837 0 
3 6.38668 0 
3 6.38966 0 
3 6.39264 0 
3 6.39562 0 
3 6.3986 0 
3 6.40158 0 
3 6.40457 0 
3 6.40755 0 
3 6.41053 0 
3 6.41351 0 
3 6.41649 0 
3 6.41947 0 
3 6.42245 0 
3 6.42543 0 
3 6.42842 0 
3 6.4314 0 
3 6.43438 0 
3 6.43736 0 
3 6.44034 0 
3 6.44332 0 
3 6.4463 0 
3 6.44928 0 
3 6.45227 0 
3 6.45525 0 
3 6.45823 0 
3 6.46121 0 
3 6.46419 0 
3 6.46717 0 
3 6.47015 0 
3 6.47313 0 
3 6.47612 0 
3 6.4791 0 
3 6.48208 0 
3 6.48506 0 
3 6.48804 0 
3 6.49102 0 
3 6.494 0 
3 6.49698 0 
3 6.49997 0 
3 6.50295 0 
3 6.50593 0 
3 6.50891 0 
3 6.51189 0 
3 6.51487 0 
3 6.51785 0 
3 6.52083 0 
3 6.52381 0 
3 6.5268 0 
3 6.52978 0 
3 6.53276 0 
3 6.53574 0 
3 6.53872 0 
3 6.5417 0 
3 6.54468 0 
3 6.54766 0 
3 6.55064 0 
3 6.55363 0 
3 6.55661 0 
3 6.55959 0 
3 6.56257 0 
3 6.56555 0 
3 6.56853 0 
3 6.57151 0 
3 6.57449 0 
3 6.57747 0 
3 6.58046 0 
3 6.58344 0 
3 6.58642 0 
3 6.5894 0 
3 6.59238 0 
3 6.59536 0 
3 6.59834 0 
3 6.60132 0 
3 6.6043 0 
3 6.60729 0 
3 6.61027 0 
3 6.61325 0 
3 6.61623 0 
3 6.61921 0 
3 6.62219 0 
3 6.62517 0 
3 6.62815 0 
3 6.63113 0 
3 6.63411 0 
3 6.6371 0 
3 6.64008 0 
3 6.64306 0 
3 6.64604 0 
3 6.64902 0 
3 6.652 0 
3 6.65498 0 
3 6.65796 0 
3 6.66094 0 
3 6.66392 0 
3 6.66691 0 
3 6.66989 0 
3 6.67287 0 
3 6.67585 0 
3 6.67883 0 
3 6.68181 0 
3 6.68479 0 
3 6.68777 0 
3 6.69075 0 
3 6.69373 0 
3 6.69672 0 
3 6.6997 0 
3 6.70268 0 
3 6.70566 0 
3 6.70864 0 
3 6.71162 0 
3 6.7146 0 
3 6.71758 0 
3 6.72056 0 
3 6.72354 0 
3 6.72652 0 
3 6.72951 0 
3 6.73249 0 
3 6.73547 0 
3 6.73845 0 
3 6.74143 0 
3 6.74441 0 
3 6.74739 0 
3 6.75037 0 
3 6.75335 0 
3 6.75633 0 
3 6.75931 0 
3 6.7623 0 
3 6.76528 0 
3 6.76826 0 
3 6.77124 0 
3 6.77422 0 
3 6.7772 0 
3 6.78018 0 
3 6.78316 0 
3 6.78614 0 
3 6.78912 0 
3 6.7921 0 
3 6.79509 0 
3 6.79807 0 
3 6.80105 0 
3 6.80403 0 
3 6.80701 0 
3 6.80999 0 
3 6.81297 0 
3 6.81595 0 
3 6.81893 0 
3 6.82191 0 
3 6.82489 0 
3 6.82788 0 
3 6.83086 0 
3 6.83384 0 
3 6.83682 0 
3 6.8398 0 
3 6.84278 0 
3 6.84576 0 
3 6.84874 0 
3 6.85172 0 
3 6.8547 0 
3 6.85768 0 
3 6.86066 0 
3 6.86365 0 
3 6.86663 0 
3 6.86961 0 
3 6.87259 0 
3 6.87557 0 
3 6.87855 0 
3 6.88153 0 
3 6.88451 0 
3 6.88749 0 
3 6.89047 0 
3 6.89345 0 
3 6.89643 0 
3 6.89942 0 
3 6.9024 0 
3 6.90538 0 
3 6.90836 0 
3 6.91134 0 
3 6.91432 0 
3 6.9173 0 
3 6.92028 0 
3 6.92326 0 
3 6.92624 0 
3 6.92922 0 
3 6.93221 0 
3 6.93519 0 
3 6.93817 0 
3 6.94115 0 
3 6.94413 0 
3 6.94711 0 
3 6.95009 0 
3 6.95307 0 
3 6.95605 0 
3 6.95903 0 
3 6.96201 0 
3 6.96499 0 
3 6.96798 0 
3 6.97096 0 
3 6.97394 0 
3 6.97692 0 
3 6.9799 0 
3 6.98288 0 
3 6.98586 0 
3 6.98884 0 
3 6.99182 0 
3 6.9948 0 
3 6.99778 0 
3 7.00076 0 
3 7.00375 0 
3 7.00673 0 
3 7.00971 0 
3 7.01269 0 
3 7.01567 0 
3 7.01865 0 
3 7.02163 0 
3 7.02461 0 
3 7.02759 0 
3 7.03057 0 
3 7.03355 0 
3 7.03653 0 
3 7.03951 0 
3 7.0425 0 
3 7.04548 0 
3 7.04846 0 
3 7.05144 0 
3 7.05442 0 
3 7.0574 0 
3 7.06038 0 
3 7.06336 0 
3 7.06634 0 
3 7.06932 0 
3 7.0723 0 
3 7.07528 0 
3 7.07827 0 
3 7.08125 0 
3 7.08423 0 
3 7.08721 0 
3 7.09019 0 
3 7.09317 0 
3 7.09615 0 
3 7.09913 0 
3 7.10211 0 
3 7.10509 0 
3 7.10807 0 
3 7.11105 0 
3 7.11404 0 
3 7.11702 0 
3 7.12 0 
3 7.12298 0 
3 7.12596 0 
3 7.12894 0 
3 7.13192 0 
3 7.1349 0 
3 7.13788 0 
3 7.14086 0 
3 7.14384 0 
3 7.14682 0 
3 7.1498 0 
3 7.15279 0 
3 7.15577 0 
3 7.15875 0 
3 7.16173 0 
3 7.16471 0 
3 7.16769 0 
3 7.17067 0 
3 7.17365 0 
3 7.17663 0 
3 7.17961 0 
3 7.18259 0 
3 7.18557 0 
3 7.18855 0 
3 7.19154 0 
3 7.19452 0 
3 7.1975 0 
3 7.20048 0 
3 7.20346 0 
3 7.20644 0 
3 7.20942 0 
3 7.2124 0 
3 7.21538 0 
3 7.21836 0 
3 7.22134 0 
3 7.22432 0 
3 7.22731 0 
3 7.23029 0 
3 7.23327 0 
3 7.23625 0 
3 7.23923 0 
3 7.24221 0 
3 7.24519 0 
3 7.24817 0 
3 7.25115 0 
3 7.25413 0 
3 7.25711 0 
3 7.26009 0 
3 7.26307 0 
3 7.26605 0 
3 7.26904 0 
3 7.27202 0 
3 7.275 0 
3 7.27798 0 
3 7.28096 0 
3 7.28394 0 
3 7.28692 0 
3 7.2899 0 
3 7.29288 0 
3 7.29586 0 
3 7.29884 0 
3 7.30182 0 
3 7.30481 0 
3 7.30779 0 
3 7.31077 0 
3 7.31375 0 
3 7.31673 0 
3 7.31971 0 
3 7.32269 0 
3 7.32567 0 
3 7.32865 0 
3 7.33163 0 
3 7.33461 0 
3 7.33759 0 
3 7.34057 0 
3 7.34356 0 
3 7.34654 0 
3 7.34952 0 
3 7.3525 0 
3 7.35548 0 
3 7.35846 0 
3 7.36144 0 
3 7.36442 0 
3 7.3674 0 
3 7.37038 0 
3 7.37336 0 
3 7.37634 0 
3 7.37932 0 
3 7.38231 0 
3 7.38529 0 
3 7.38827 0 
3 7.39125 0 
3 7.39423 0 
3 7.39721 0 
3 7.40019 0 
3 7.40317 0 
3 7.40615 0 
3 7.40913 0 
3 7.41211 0 
3 7.41509 0 
3 7.41807 0 
3 7.42105 0 
3 7.42404 0 
3 7.42702 0 
3 7.43 0 
3 7.43298 0 
3 7.43596 0 
3 7.43894 0 
3 7.44192 0 
3 7.4449 0 
3 7.44788 0 
3 7.45086 0 
3 7.45384 0 
3 7.45682 0 
3 7.4598 0 
3 7.46279 0 
3 7.46577 0 
3 7.46875 0 
3 7.47173 0 
3 7.47471 0 
3 7.47769 0 
3 7.48067 0 
3 7.48365 0 
3 7.48663 0 
3 7.48961 0 
3 7.49259 0 
3 7.49557 0 
3 7.49856 0 
3 7.50154 0 
3 7.50452 0 
3 7.5075 0 
3 7.51048 0 
3 7.51346 0 
3 7.51644 0 
3 7.51942 0 
3 7.5224 0 
3 7.52538 0 
3 7.52836 0 
3 7.53134 0 
3 7.53432 0 
3 7.53731 0 
3 7.54029 0 
3 7.54327 0 
3 7.54625 0 
3 7.54923 0 
3 7.55221 0 
3 7.55519 0 
3 7.55817 0 
3 7.56115 0 
3 7.56413 0 
3 7.56711 0 
3 7.57009 0 
3 7.57307 0 
3 7.57605 0 
3 7.57904 0 
3 7.58202 0 
3 7.585 0 
3 7.58798 0 
3 7.59096 0 
3 7.59394 0 
3 7.59692 0 
3 7.5999 0 
3 7.60288 0 
3 7.60586 0 
3 7.60884 0 
3 7.61182 0 
3 7.6148 0 
3 7.61779 0 
3 7.62077 0 
3 7.62375 0 
3 7.62673 0 
3 7.62971 0 
3 7.63269 0 
3 7.63567 0 
3 7.63865 0 
3 7.64163 0 
3 7.64461 0 
3 7.64759 0 
3 7.65057 0 
3 7.65355 0 
3 7.65653 0 
3 7.65952 0 
3 7.6625 0 
3 7.66548 0 
3 7.66846 0 
3 7.67144 0 
3 7.67442 0 
3 7.6774 0 
3 7.68038 0 
3 7.68336 0 
3 7.68634 0 
3 7.68932 0 
3 7.6923 0 
3 7.69528 0 
3 7.69827 0 
3 7.70125 0 
3 7.70423 0 
3 7.70721 0 
3 7.71019 0 
3 7.71317 0 
3 7.71615 0 
3 7.71913 0 
3 7.72211 0 
3 7.72509 0 
3 7.72807 0 
3 7.73105 0 
3 7.73403 0 
3 7.73702 0 
3 7.74 0 
3 7.74298 0 
3 7.74596 0 
3 7.74894 0 
3 7.75192 0 
3 7.7549 0 
3 7.75788 0 
3 7.76086 0 
3 7.76384 0 
3 7.76682 0 
3 7.7698 0 
3 7.77278 0 
3 7.77576 0 
3 7.77875 0 
3 7.78173 0 
3 7.78471 0 
3 7.78769 0 
3 7.79067 0 
3 7.79365 0 
3 7.79663 0 
3 7.79961 0 
3 7.80259 0 
3 7.80557 0 
3 7.80855 0 
3 7.81153 0 
3 7.81451 0 
3 7.8175 0 
3 7.82048 0 
3 7.82346 0 
3 7.82644 0 
3 7.82942 0 
3 7.8324 0 
3 7.83538 0 
3 7.83836 0 
3 7.84134 0 
3 7.84432 0 
3 7.8473 0 
3 7.85028 0 
3 7.85326 0 
3 7.85624 0 
3 7.85923 0 
3 7.86221 0 
3 7.86519 0 
3 7.86817 0 
3 7.87115 0 
3 7.87413 0 
3 7.87711 0 
3 7.88009 0 
3 7.88307 0 
3 7.88605 0 
3 7.88903 0 
3 7.89201 0 
3 7.89499 0 
3 7.89798 0 
3 7.90096 0 
3 7.90394 0 
3 7.90692 0 
3 7.9099 0 
3 7.91288 0 
3 7.91586 0 
3 7.91884 0 
3 7.92182 0 
3 7.9248 0 
3 7.92778 0 
3 7.93076 0 
3 7.93374 0 
3 7.93672 0 
3 7.93971 0 
3 7.94269 0 
3 7.94567 0 
3 7.94865 0 
3 7.95163 0 
3 7.95461 0 
3 7.95759 0 
3 7.96057 0 
3 7.96355 0 
3 7.96653 0 
3 7.96951 0 
3 7.97249 0 
3 7.97547 0 
3 7.97846 0 
3 7.98144 0 
3 7.98442 0 
3 7.9874 0 
3 7.99038 0 
3 7.99336 0 
3 7.99634 0 
3 7.99932 0 
3 8.0023 0 
3 8.00528 0 
3 8.00826 0 
3 8.01124 0 
3 8.01422 0 
3 8.01721 0 
3 8.02019 0 
3 8.02317 0 
3 8.02615 0 
3 8.02913 0 
3 8.03211 0 
3 8.03509 0 
3 8.03807 0 
3 8.04105 0 
3 8.04403 0 
3 8.04701 0 
3 8.04999 0 
3 8.05297 0 
3 8.05595 0 
3 8.05893 0 
3 8.06192 0 
3 8.0649 0 
3 8.06788 0 
3 8.07086 0 
3 8.07384 0 
3 8.07682 0 
3 8.0798 0 
3 8.08278 0 
3 8.08576 0 
3 8.08874 0 
3 8.09172 0 
3 8.0947 0 
3 8.09768 0 
3 8.10067 0 
3 8.10365 0 
3 8.10663 0 
3 8.10961 0 
3 8.11259 0 
3 8.11557 0 
3 8.11855 0 
3 8.12153 0 
3 8.12451 0 
3 8.12749 0 
3 8.13047 0 
3 8.13345 0 
3 8.13643 0 
3 8.13941 0 
3 8.1424 0 
3 8.14538 0 
3 8.14836 0 
3 8.15134 0 
3 8.15432 0 
3 8.1573 0 
3 8.16028 0 
3 8.16326 0 
3 8.16624 0 
3 8.16922 0 
3 8.1722 0 
3 8.17518 0 
3 8.17816 0 
3 8.18114 0 
3 8.18413 0 
3 8.18711 0 
3 8.19009 0 
3 8.19307 0 
3 8.19605 0 
3 8.19903 0 
3 8.20201 0 
3 8.20499 0 
3 8.20797 0 
3 8.21095 0 
3 8.21393 0 
3 8.21691 0 
3 8.21989 0 
3 8.22288 0 
3 8.22586 0 
3 8.22884 0 
3 8.23182 0 
3 8.2348 0 
3 8.23778 0 
3 8.24076 0 
3 8.24374 0 
3 8.24672 0 
3 8.2497 0 
3 8.25268 0 
3 8.25566 0 
3 8.25864 0 
3 8.26162 0 
3 8.26461 0 
3 8.26759 0 
3 8.27057 0 
3 8.27355 0 
3 8.27653 0 
3 8.27951 0 
3 8.28249 0 
3 8.28547 0 
3 8.28845 0 
3 8.29143 0 
3 8.29441 0 
3 8.29739 0 
3 8.30037 0 
3 8.30336 0 
3 8.30634 0 
3 8.30932 0 
3 8.3123 0 
3 8.31528 0 
3 8.31826 0 
3 8.32124 0 
3 8.32422 0 
3 8.3272 0 
3 8.33018 0 
3 8.33316 0 
3 8.33614 0 
3 8.33912 0 
3 8.3421 0 
3 8.34509 0 
3 8.34807 0 
3 8.35105 0 
3 8.35403 0 
3 8.35701 0 
3 8.35999 0 
3 8.36297 0 
3 8.36595 0 
3 8.36893 0 
3 8.37191 0 
3 8.37489 0 
3 8.37787 0 
3 8.38085 0 
3 8.38383 0 
3 8.38682 0 
3 8.3898 0 
3 8.39278 0 
3 8.39576 0 
3 8.39874 0 
3 8.40172 0 
3 8.4047 0 
3 8.40768 0 
3 8.41066 0 
3 8.41364 0 
3 8.41662 0 
3 8.4196 0 
3 8.42258 0 
3 8.42556 0 
3 8.42855 0 
3 8.43153 0 
3 8.43451 0 
3 8.43749 0 
3 8.44047 0 
3 8.44345 0 
3 8.44643 0 
3 8.44941 0 
3 8.45239 0 
3 8.45537 0 
3 8.45835 0 
3 8.46133 0 
3 8.46431 0 
3 8.4673 0 
3 8.47028 0 
3 8.47326 0 
3 8.47624 0 
3 8.47922 0 
3 8.4822 0 
3 8.48518 0 
3 8.48816 0 
3 8.49114 0 
3 8.49412 0 
3 8.4971 0 
3 8.50008 0 
3 8.50306 0 
3 8.50604 0 
3 8.50903 0 
3 8.51201 0 
3 8.51499 0 
3 8.51797 0 
3 8.52095 0 
3 8.52393 0 
3 8.52691 0 
3 8.52989 0 
3 8.53287 0 
3 8.53585 0 
3 8.53883 0 
3 8.54181 0 
3 8.54479 0 
3 8.54777 0 
3 8.55075 0 
3 8.55374 0 
3 8.55672 0 
3 8.5597 0 
3 8.56268 0 
3 8.56566 0 
3 8.56864 0 
3 8.57162 0 
3 8.5746 0 
3 8.57758 0 
3 8.58056 0 
3 8.58354 0 
3 8.58652 0 
3 8.5895 0 
3 8.59249 0 
3 8.59547 0 
3 8.59845 0 
3 8.60143 0 
3 8.60441 0 
3 8.60739 0 
3 8.61037 0 
3 8.61335 0 
3 8.61633 0 
3 8.61931 0 
3 8.62229 0 
3 8.62527 0 
3 8.62825 0 
3 8.63123 0 
3 8.63422 0 
3 8.6372 0 
3 8.64018 0 
3 8.64316 0 
3 8.64614 0 
3 8.64912 0 
3 8.6521 0 
3 8.65508 0 
3 8.65806 0 
3 8.66104 0 
3 8.66402 0 
3 8.667 0 
3 8.66998 0 
3 8.67297 0 
3 8.67595 0 
3 8.67893 0 
3 8.68191 0 
3 8.68489 0 
3 8.68787 0 
3 8.69085 0 
3 8.69383 0 
3 8.69681 0 
3 8.69979 0 
3 8.70277 0 
3 8.70575 0 
3 8.70873 0 
3 8.71171 0 
3 8.71469 0 
3 8.71768 0 
3 8.72066 0 
3 8.72364 0 
3 8.72662 0 
3 8.7296 0 
3 8.73258 0 
3 8.73556 0 
3 8.73854 0 
3 8.74152 0 
3 8.7445 0 
3 8.74748 0 
3 8.75046 0 
3 8.75344 0 
3 8.75642 0 
3 8.75941 0 
3 8.76239 0 
3 8.76537 0 
3 8.76835 0 
3 8.77133 0 
3 8.77431 0 
3 8.77729 0 
3 8.78027 0 
3 8.78325 0 
3 8.78623 0 
3 8.78921 0 
3 8.79219 0 
3 8.79517 0 
3 8.79816 0 
3 8.80114 0 
3 8.80412 0 
3 8.8071 0 
3 8.81008 0 
3 8.81306 0 
3 8.81604 0 
3 8.81902 0 
3 8.822 0 
3 8.82498 0 
3 8.82796 0 
3 8.83094 0 
3 8.83392 0 
3 8.8369 0 
3 8.83988 0 
3 8.84287 0 
3 8.84585 0 
3 8.84883 0 
3 8.85181 0 
3 8.85479 0 
3 8.85777 0 
3 8.86075 0 
3 8.86373 0 
3 8.86671 0 
3 8.86969 0 
3 8.87267 0 
3 8.87565 0 
3 8.87863 0 
3 8.88161 0 
3 8.8846 0 
3 8.88758 0 
3 8.89056 0 
3 8.89354 0 
3 8.89652 0 
3 8.8995 0 
3 8.90248 0 
3 8.90546 0 
3 8.90844 0 
3 8.91142 0 
3 8.9144 0 
3 8.91738 0 
3 8.92036 0 
3 8.92335 0 
3 8.92633 0 
3 8.92931 0 
3 8.93229 0 
3 8.93527 0 
3 8.93825 0 
3 8.94123 0 
3 8.94421 0 
3 8.94719 0 
3 8.95017 0 
3 8.95315 0 
3 8.95613 0 
3 8.95911 0 
3 8.96209 0 
3 8.96507 0 
3 8.96806 0 
3 8.97104 0 
3 8.97402 0 
3 8.977 0 
3 8.97998 0 
3 8.98296 0 
3 8.98594 0 
3 8.98892 0 
3 8.9919 0 
3 8.99488 0 
3 8.99786 0 
3 9.00084 0 
3 9.00382 0 
3 9.00681 0 
3 9.00979 0 
3 9.01277 0 
3 9.01575 0 
3 9.01873 0 
3 9.02171 0 
3 9.02469 0 
3 9.02767 0 
3 9.03065 0 
3 9.03363 0 
3 9.03661 0 
3 9.03959 0 
3 9.04257 0 
3 9.04555 0 
3 9.04854 0 
3 9.05152 0 
3 9.0545 0 
3 9.05748 0 
3 9.06046 0 
3 9.06344 0 
3 9.06642 0 
3 9.0694 0 
3 9.07238 0 
3 9.07536 0 
3 9.07834 0 
3 9.08132 0 
3 9.0843 0 
3 9.08728 0 
3 9.09026 0 
3 9.09325 0 
3 9.09623 0 
3 9.09921 0 
3 9.10219 0 
3 9.10517 0 
3 9.10815 0 
3 9.11113 0 
3 9.11411 0 
3 9.11709 0 
3 9.12007 0 
3 9.12305 0 
3 9.12603 0 
3 9.12901 0 
3 9.132 0 
3 9.13498 0 
3 9.13796 0 
3 9.14094 0 
3 9.14392 0 
3 9.1469 0 
3 9.14988 0 
3 9.15286 0 
3 9.15584 0 
3 9.15882 0 
3 9.1618 0 
3 9.16478 0 
3 9.16776 0 
3 9.17074 0 
3 9.17372 0 
3 9.17671 0 
3 9.17969 0 
3 9.18267 0 
3 9.18565 0 
3 9.18863 0 
3 9.19161 0 
3 9.19459 0 
3 9.19757 0 
3 9.20055 0 
3 9.20353 0 
3 9.20651 0 
3 9.20949 0 
3 9.21247 0 
3 9.21545 0 
3 9.21844 0 
3 9.22142 0 
3 9.2244 0 
3 9.22738 0 
3 9.23036 0 
3 9.23334 0 
3 9.23632 0 
3 9.2393 0 
3 9.24228 0 
3 9.24526 0 
3 9.24824 0 
3 9.25122 0 
3 9.2542 0 
3 9.25719 0 
3 9.26017 0 
3 9.26315 0 
3 9.26613 0 
3 9.26911 0 
3 9.27209 0 
3 9.27507 0 
3 9.27805 0 
3 9.28103 0 
3 9.28401 0 
3 9.28699 0 
3 9.28997 0 
3 9.29295 0 
3 9.29593 0 
3 9.29891 0 
3 9.3019 0 
3 9.30488 0 
3 9.30786 0 
3 9.31084 0 
3 9.31382 0 
3 9.3168 0 
3 9.31978 0 
3 9.32276 0 
3 9.32574 0 
3 9.32872 0 
3 9.3317 0 
3 9.33468 0 
3 9.33766 0 
3 9.34064 0 
3 9.34363 0 
3 9.34661 0 
3 9.34959 0 
3 9.35257 0 
3 9.35555 0 
3 9.35853 0 
3 9.36151 0 
3 9.36449 0 
3 9.36747 0 
3 9.37045 0 
3 9.37343 0 
3 9.37641 0 
3 9.37939 0 
3 9.38237 0 
3 9.38535 0 
3 9.38834 0 
3 9.39132 0 
3 9.3943 0 
3 9.39728 0 
3 9.40026 0 
3 9.40324 0 
3 9.40622 0 
3 9.4092 0 
3 9.41218 0 
3 9.41516 0 
3 9.41814 0 
3 9.42112 0 
3 9.4241 0 
3 9.42709 0 
3 9.43007 0 
3 9.43305 0 
3 9.43603 0 
3 9.43901 0 
3 9.44199 0 
3 9.44497 0 
3 9.44795 0 
3 9.45093 0 
3 9.45391 0 
3 9.45689 0 
3 9.45987 0 
3 9.46285 0 
3 9.46583 0 
3 9.46881 0 
3 9.4718 0 
3 9.47478 0 
3 9.47776 0 
3 9.48074 0 
3 9.48372 0 
3 9.4867 0 
3 9.48968 0 
3 9.49266 0 
3 9.49564 0 
3 9.49862 0 
3 9.5016 0 
3 9.50458 0 
3 9.50756 0 
3 9.51054 0 
3 9.51353 0 
3 9.51651 0 
3 9.51949 0 
3 9.52247 0 
3 9.52545 0 
3 9.52843 0 
3 9.53141 0 
3 9.53439 0 
3 9.53737 0 
3 9.54035 0 
3 9.54333 0 
3 9.54631 0 
3 9.54929 0 
3 9.55227 0 
3 9.55526 0 
3 9.55824 0 
3 9.56122 0 
3 9.5642 0 
3 9.56718 0 
3 9.57016 0 
3 9.57314 0 
3 9.57612 0 
3 9.5791 0 
3 9.58208 0 
3 9.58506 0 
3 9.58804 0 
3 9.59102 0 
3 9.594 0 
3 9.59699 0 
3 9.59997 0 
3 9.60295 0 
3 9.60593 0 
3 9.60891 0 
3 9.61189 0 
3 9.61487 0 
3 9.61785 0 
3 9.62083 0 
3 9.62381 0 
3 9.62679 0 
3 9.62977 0 
3 9.63275 0 
3 9.63573 0 
3 9.63872 0 
3 9.6417 0 
3 9.64468 0 
3 9.64766 0 
3 9.65064 0 
3 9.65362 0 
3 9.6566 0 
3 9.65958 0 
3 9.66256 0 
3 9.66554 0 
3 9.66852 0 
3 9.6715 0 
3 9.67448 0 
3 9.67746 0 
3 9.68044 0 
3 9.68343 0 
3 9.68641 0 
3 9.68939 0 
3 9.69237 0 
3 9.69535 0 
3 9.69833 0 
3 9.70131 0 
3 9.70429 0 
3 9.70727 0 
3 9.71025 0 
3 9.71323 0 
3 9.71621 0 
3 9.71919 0 
3 9.72218 0 
3 9.72516 0 
3 9.72814 0 
3 9.73112 0 
3 9.7341 0 
3 9.73708 0 
3 9.74006 0 
3 9.74304 0 
3 9.74602 0 
3 9.749 0 
3 9.75198 0 
3 9.75496 0 
3 9.75794 0 
3 9.76092 0 
3 9.7639 0 
3 9.76689 0 
3 9.76987 0 
3 9.77285 0 
3 9.77583 0 
3 9.77881 0 
3 9.78179 0 
3 9.78477 0 
3 9.78775 0 
3 9.79073 0 
3 9.79371 0 
3 9.79669 0 
3 9.79967 0 
3 9.80265 0 
3 9.80563 0 
3 9.80862 0 
3 9.8116 0 
3 9.81458 0 
3 9.81756 0 
3 9.82054 0 
3 9.82352 0 
3 9.8265 0 
3 9.82948 0 
3 9.83246 0 
3 9.83544 0 
3 9.83842 0 
3 9.8414 0 
3 9.84438 0 
3 9.84736 0 
3 9.85034 0 
3 9.85333 0 
3 9.85631 0 
3 9.85929 0 
3 9.86227 0 
3 9.86525 0 
3 9.86823 0 
3 9.87121 0 
3 9.87419 0 
3 9.87717 0 
3 9.88015 0 
3 9.88313 0 
3 9.88611 0 
3 9.88909 0 
3 9.89207 0 
3 9.89505 0 
3 9.89804 0 
3 9.90102 0 
3 9.904 0 
3 9.90698 0 
3 9.90996 0 
3 9.91294 0 
3 9.91592 0 
3 9.9189 0 
3 9.92188 0 
3 9.92486 0 
3 9.92784 0 
3 9.93082 0 
3 9.9338 0 
3 9.93678 0 
3 9.93977 0 
3 9.94275 0 
3 9.94573 0 
3 9.94871 0 
3 9.95169 0 
3 9.95467 0 
3 9.95765 0 
3 9.96063 0 
3 9.96361 0 
3 9.96659 0 
3 9.96957 0 
3 9.97255 0 
3 9.97553 0 
3 9.97851 0 
3 9.98149 0 
3 9.98448 0 
3 9.98746 0 
3 9.99044 0 
3 9.99342 0 
3 9.9964 0 
3 9.99938 0 
3 10.0024 0 
3 10.0053 0 
3 10.0083 0 
3 10.0113 0 
3 10.0143 0 
3 10.0173 0 
3 10.0202 0 
3 10.0232 0 
3 10.0262 0 
3 10.0292 0 
3 10.0322 0 
3 10.0352 0 
3 10.0381 0 
3 10.0411 0 
3 10.0441 0 
3 10.0471 0 
3 10.0501 0 
3 10.053 0 
3 10.056 0 
3 10.059 0 
3 10.062 0 
3 10.065 0 
3 10.0679 0 
3 10.0709 0 
3 10.0739 0 
3 10.0769 0 
3 10.0799 0 
3 10.0828 0 
3 10.0858 0 
3 10.0888 0 
3 10.0918 0 
3 10.0948 0 
3 10.0977 0 
3 10.1007 0 
3 10.1037 0 
3 10.1067 0 
3 10.1097 0 
3 10.1126 0 
3 10.1156 0 
3 10.1186 0 
3 10.1216 0 
3 10.1246 0 
3 10.1276 0 
3 10.1305 0 
3 10.1335 0 
3 10.1365 0 
3 10.1395 0 
3 10.1425 0 
3 10.1454 0 
3 10.1484 0 
3 10.1514 0 
3 10.1544 0 
3 10.1574 0 
3 10.1603 0 
3 10.1633 0 
3 10.1663 0 
3 10.1693 0 
3 10.1723 0 
3 10.1752 0 
3 10.1782 0 
3 10.1812 0 
3 10.1842 0 
3 10.1872 0 
3 10.1901 0 
3 10.1931 0 
3 10.1961 0 
3 10.1991 0 
3 10.2021 0 
3 10.205 0 
3 10.208 0 
3 10.211 0 
3 10.214 0 
3 10.217 0 
3 10.2199 0 
3 10.2229 0 
3 10.2259 0 
3 10.2289 0 
3 10.2319 0 
3 10.2349 0 
3 10.2378 0 
3 10.2408 0 
3 10.2438 0 
3 10.2468 0 
3 10.2498 0 
3 10.2527 0 
3 10.2557 0 
3 10.2587 0 
3 10.2617 0 
3 10.2647 0 
3 10.2676 0 
3 10.2706 0 
3 10.2736 0 
3 10.2766 0 
3 10.2796 0 
3 10.2825 0 
3 10.2855 0 
3 10.2885 0 
3 10.2915 0 
3 10.2945 0 
3 10.2974 0 
3 10.3004 0 
3 10.3034 0 
3 10.3064 0 
3 10.3094 0 
3 10.3123 0 
3 10.3153 0 
3 10.3183 0 
3 10.3213 0 
3 10.3243 0 
3 10.3273 0 
3 10.3302 0 
3 10.3332 0 
3 10.3362 0 
3 10.3392 0 
3 10.3422 0 
3 10.3451 0 
3 10.3481 0 
3 10.3511 0 
3 10.3541 0 
3 10.3571 0 
3 10.36 0 
3 10.363 0 
3 10.366 0 
3 10.369 0 
3 10.372 0 
3 10.375 0 
3 10.3779 0 
3 10.3809 0 
3 10.3839 0 
3 10.3869 0 
3 10.3899 0 
3 10.3928 0 
3 10.3958 0 
3 10.3988 0 
3 10.4018 0 
3 10.4048 0 
3 10.4077 0 
3 10.4107 0 
3 10.4137 0 
3 10.4167 0 
3 10.4197 0 
3 10.4226 0 
3 10.4256 0 
3 10.4286 0 
3 10.4316 0 
3 10.4346 0 
3 10.4375 0 
3 10.4405 0 
3 10.4435 0 
3 10.4465 0 
3 10.4495 0 
3 10.4524 0 
3 10.4554 0 
3 10.4584 0 
3 10.4614 0 
3 10.4644 0 
3 10.4673 0 
3 10.4703 0 
3 10.4733 0 
3 10.4763 0 
3 10.4793 0 
3 10.4823 0 
3 10.4852 0 
3 10.4882 0 
3 10.4912 0 
3 10.4942 0 
3 10.4972 0 
3 10.5001 0 
3 10.5031 0 
3 10.5061 0 
3 10.5091 0 
3 10.5121 0 
3 10.515 0 
3 10.518 0 
3 10.521 0 
3 10.524 0 
3 10.527 0 
3 10.5299 0 
3 10.5329 0 
3 10.5359 0 
3 10.5389 0 
3 10.5419 0 
3 10.5448 0 
3 10.5478 0 
3 10.5508 0 
3 10.5538 0 
3 10.5568 0 
3 10.5597 0 
3 10.5627 0 
3 10.5657 0 
3 10.5687 0 
3 10.5717 0 
3 10.5747 0 
3 10.5776 0 
3 10.5806 0 
3 10.5836 0 
3 10.5866 0 
3 10.5896 0 
3 10.5925 0 
3 10.5955 0 
3 10.5985 0 
3 10.6015 0 
3 10.6045 0 
3 10.6074 0 
3 10.6104 0 
3 10.6134 0 
3 10.6164 0 
3 10.6194 0 
3 10.6223 0 
3 10.6253 0 
3 10.6283 0 
3 10.6313 0 
3 10.6343 0 
3 10.6372 0 
3 10.6402 0 
3 10.6432 0 
3 10.6462 0 
3 10.6492 0 
3 10.6522 0 
3 10.6551 0 
3 10.6581 0 
3 10.6611 0 
3 10.6641 0 
3 10.6671 0 
3 10.67 0 
3 10.673 0 
3 10.676 0 
3 10.679 0 
3 10.682 0 
3 10.6849 0 
3 10.6879 0 
3 10.6909 0 
3 10.6939 0 
3 10.6969 0 
3 10.6998 0 
3 10.7028 0 
3 10.7058 0 
3 10.7088 0 
3 10.7118 0 
3 10.7147 0 
3 10.7177 0 
3 10.7207 0 
3 10.7237 0 
3 10.7267 0 
3 10.7297 0 
3 10.7326 0 
3 10.7356 0 
3 10.7386 0 
3 10.7416 0 
3 10.7446 0 
3 10.7475 0 
3 10.7505 0 
3 10.7535 0 
3 10.7565 0 
3 10.7595 0 
3 10.7624 0 
3 10.7654 0 
3 10.7684 0 
3 10.7714 0 
3 10.7744 0 
3 10.7773 0 
3 10.7803 0 
3 10.7833 0 
3 10.7863 0 
3 10.7893 0 
3 10.7922 0 
3 10.7952 0 
3 10.7982 0 
3 10.8012 0 
3 10.8042 0 
3 10.8071 0 
3 10.8101 0 
3 10.8131 0 
3 10.8161 0 
3 10.8191 0 
3 10.822 0 
3 10.825 0 
3 10.828 0 
3 10.831 0 
3 10.834 0 
3 10.837 0 
3 10.8399 0 
3 10.8429 0 
3 10.8459 0 
3 10.8489 0 
3 10.8519 0 
3 10.8548 0 
3 10.8578 0 
3 10.8608 0 
3 10.8638 0 
3 10.8668 0 
3 10.8697 0 
3 10.8727 0 
3 10.8757 0 
3 10.8787 0 
3 10.8817 0 
3 10.8846 0 
3 10.8876 0 
3 10.8906 0 
3 10.8936 0 
3 10.8966 0 
3 10.8995 0 
3 10.9025 0 
3 10.9055 0 
3 10.9085 0 
3 10.9115 0 
3 10.9144 0 
3 10.9174 0 
3 10.9204 0 
3 10.9234 0 
3 10.9264 0 
3 10.9294 0 
3 10.9323 0 
3 10.9353 0 
3 10.9383 0 
3 10.9413 0 
3 10.9443 0 
3 10.9472 0 
3 10.9502 0 
3 10.9532 0 
3 10.9562 0 
3 10.9592 0 
3 10.9621 0 
3 10.9651 0 
3 10.9681 0 
3 10.9711 0 
3 10.9741 0 
3 10.977 0 
3 10.98 0 
3 10.983 0 
3 10.986 0 
3 10.989 0 
3 10.992 0 
3 10.9949 0 
3 10.9979 0 
3 11.0009 0 
3 11.0039 0 
3 11.0069 0 
3 11.0098 0 
3 11.0128 0 
3 11.0158 0 
3 11.0188 0 
3 11.0218 0 
3 11.0247 0 
3 11.0277 0 
3 11.0307 0 
3 11.0337 0 
3 11.0367 0 
3 11.0396 0 
3 11.0426 0 
3 11.0456 0 
3 11.0486 0 
3 11.0516 0 
3 11.0545 0 
3 11.0575 0 
3 11.0605 0 
3 11.0635 0 
3 11.0665 0 
3 11.0694 0 
3 11.0724 0 
3 11.0754 0 
3 11.0784 0 
3 11.0814 0 
3 11.0844 0 
3 11.0873 0 
3 11.0903 0 
3 11.0933 0 
3 11.0963 0 
3 11.0993 0 
3 11.1022 0 
3 11.1052 0 
3 11.1082 0 
3 11.1112 0 
3 11.1142 0 
3 11.1171 0 
3 11.1201 0 
3 11.1231 0 
3 11.1261 0 
3 11.1291 0 
3 11.132 0 
3 11.135 0 
3 11.138 0 
3 11.141 0 
3 11.144 0 
3 11.1469 0 
3 11.1499 0 
3 11.1529 0 
3 11.1559 0 
3 11.1589 0 
3 11.1618 0 
3 11.1648 0 
3 11.1678 0 
3 11.1708 0 
3 11.1738 0 
3 11.1768 0 
3 11.1797 0 
3 11.1827 0 
3 11.1857 0 
3 11.1887 0 
3 11.1917 0 
3 11.1946 0 
3 11.1976 0 
3 11.2006 0 
3 11.2036 0 
3 11.2066 0 
3 11.2095 0 
3 11.2125 0 
3 11.2155 0 
3 11.2185 0 
3 11.2215 0 
3 11.2244 0 
3 11.2274 0 
3 11.2304 0 
3 11.2334 0 
3 11.2364 0 
3 11.2393 0 
3 11.2423 0 
3 11.2453 0 
3 11.2483 0 
3 11.2513 0 
3 11.2542 0 
3 11.2572 0 
3 11.2602 0 
3 11.2632 0 
3 11.2662 0 
3 11.2691 0 
3 11.2721 0 
3 11.2751 0 
3 11.2781 0 
3 11.2811 0 
3 11.2841 0 
3 11.287 0 
3 11.29 0 
3 11.293 0 
3 11.296 0 
3 11.299 0 
3 11.3019 0 
3 11.3049 0 
3 11.3079 0 
3 11.3109 0 
3 11.3139 0 
3 11.3168 0 
3 11.3198 0 
3 11.3228 0 
3 11.3258 0 
3 11.3288 0 
3 11.3318 0 
3 11.3347 0 
3 11.3377 0 
3 11.3407 0 
3 11.3437 0 
3 11.3467 0 
3 11.3496 0 
3 11.3526 0 
3 11.3556 0 
3 11.3586 0 
3 11.3616 0 
3 11.3645 0 
3 11.3675 0 
3 11.3705 0 
3 11.3735 0 
3 11.3765 0 
3 11.3794 0 
3 11.3824 0 
3 11.3854 0 
3 11.3884 0 
3 11.3914 0 
3 11.3943 0 
3 11.3973 0 
3 11.4003 0 
3 11.4033 0 
3 11.4063 0 
3 11.4092 0 
3 11.4122 0 
3 11.4152 0 
3 11.4182 0 
3 11.4212 0 
3 11.4241 0 
3 11.4271 0 
3 11.4301 0 
3 11.4331 0 
3 11.4361 0 
3 11.4391 0 
3 11.442 0 
3 11.445 0 
3 11.448 0 
3 11.451 0 
3 11.454 0 
3 11.4569 0 
3 11.4599 0 
3 11.4629 0 
3 11.4659 0 
3 11.4689 0 
3 11.4718 0 
3 11.4748 0 
3 11.4778 0 
3 11.4808 0 
3 11.4838 0 
3 11.4867 0 
3 11.4897 0 
3 11.4927 0 
3 11.4957 0 
3 11.4987 0 
3 11.5016 0 
3 11.5046 0 
3 11.5076 0 
3 11.5106 0 
3 11.5136 0 
3 11.5165 0 
3 11.5195 0 
3 11.5225 0 
3 11.5255 0 
3 11.5285 0 
3 11.5315 0 
3 11.5344 0 
3 11.5374 0 
3 11.5404 0 
3 11.5434 0 
3 11.5464 0 
3 11.5493 0 
3 11.5523 0 
3 11.5553 0 
3 11.5583 0 
3 11.5613 0 
3 11.5642 0 
3 11.5672 0 
3 11.5702 0 
3 11.5732 0 
3 11.5762 0 
3 11.5791 0 
3 11.5821 0 
3 11.5851 0 
3 11.5881 0 
3 11.5911 0 
3 11.594 0 
3 11.597 0 
3 11.6 0 
3 11.603 0 
3 11.606 0 
3 11.6089 0 
3 11.6119 0 
3 11.6149 0 
3 11.6179 0 
3 11.6209 0 
3 11.6238 0 
3 11.6268 0 
3 11.6298 0 
3 11.6328 0 
3 11.6358 0 
3 11.6388 0 
3 11.6417 0 
3 11.6447 0 
3 11.6477 0 
3 11.6507 0 
3 11.6537 0 
3 11.6566 0 
3 11.6596 0 
3 11.6626 0 
3 11.6656 0 
3 11.6686 0 
3 11.6715 0 
3 11.6745 0 
3 11.6775 0 
3 11.6805 0 
3 11.6835 0 
3 11.6864 0 
3 11.6894 0 
3 11.6924 0 
3 11.6954 0 
3 11.6984 0 
3 11.7014 0 
3 11.7043 0 
3 11.7073 0 
3 11.7103 0 
3 11.7133 0 
3 11.7163 0 
3 11.7192 0 
3 11.7222 0 
3 11.7252 0 
3 11.7282 0 
3 11.7312 0 
3 11.7341 0 
3 11.7371 0 
3 11.7401 0 
3 11.7431 0 
3 11.7461 0 
3 11.749 0 
3 11.752 0 
3 11.755 0 
3 11.758 0 
3 11.761 0 
3 11.7639 0 
3 11.7669 0 
3 11.7699 0 
3 11.7729 0 
3 11.7759 0 
3 11.7789 0 
3 11.7818 0 
3 11.7848 0 
3 11.7878 0 
3 11.7908 0 
3 11.7938 0 
3 11.7967 0 
3 11.7997 0 
3 11.8027 0 
3 11.8057 0 
3 11.8087 0 
3 11.8116 0 
3 11.8146 0 
3 11.8176 0 
3 11.8206 0 
3 11.8236 0 
3 11.8265 0 
3 11.8295 0 
3 11.8325 0 
3 11.8355 0 
3 11.8385 0 
3 11.8414 0 
3 11.8444 0 
3 11.8474 0 
3 11.8504 0 
3 11.8534 0 
3 11.8563 0 
3 11.8593 0 
3 11.8623 0 
3 11.8653 0 
3 11.8683 0 
3 11.8712 0 
3 11.8742 0 
3 11.8772 0 
3 11.8802 0 
3 11.8832 0 
3 11.8862 0 
3 11.8891 0 
3 11.8921 0 
3 11.8951 0 
3 11.8981 0 
3 11.9011 0 
3 11.904 0 
3 11.907 0 
3 11.91 0 
3 11.913 0 
3 11.916 0 
3 11.9189 0 
3 11.9219 0 
3 11.9249 0 
3 11.9279 0 
3 11.9309 0 
3 11.9338 0 
3 11.9368 0 
3 11.9398 0 
3 11.9428 0 
3 11.9458 0 
3 11.9487 0 
3 11.9517 0 
3 11.9547 0 
3 11.9577 0 
3 11.9607 0 
3 11.9636 0 
3 11.9666 0 
3 11.9696 0 
3 11.9726 0 
3 11.9756 0 
3 11.9786 0 
3 11.9815 0 
3 11.9845 0 
3 11.9875 0 
3 11.9905 0 
3 11.9935 0 
3 11.9964 0 
3 11.9994 0 
3 12.0024 0 
3 12.0054 0 
3 12.0084 0 
3 12.0113 0 
3 12.0143 0 
3 12.0173 0 
3 12.0203 0 
3 12.0233 0 
3 12.0262 0 
3 12.0292 0 
3 12.0322 0 
3 12.0352 0 
3 12.0382 0 
3 12.0411 0 
3 12.0441 0 
3 12.0471 0 
3 12.0501 0 
3 12.0531 0 
3 12.056 0 
3 12.059 0 
3 12.062 0 
3 12.065 0 
3 12.068 0 
3 12.0709 0 
3 12.0739 0 
3 12.0769 0 
3 12.0799 0 
3 12.0829 0 
3 12.0859 0 
3 12.0888 0 
3 12.0918 0 
3 12.0948 0 
3 12.0978 0 
3 12.1008 0 
3 12.1037 0 
3 12.1067 0 
3 12.1097 0 
3 12.1127 0 
3 12.1157 0 
3 12.1186 0 
3 12.1216 0 
3 12.1246 0 
3 12.1276 0 
3 12.1306 0 
3 12.1336 0 
3 12.1365 0 
3 12.1395 0 
3 12.1425 0 
3 12.1455 0 
3 12.1485 0 
3 12.1514 0 
3 12.1544 0 
3 12.1574 0 
3 12.1604 0 
3 12.1634 0 
3 12.1663 0 
3 12.1693 0 
3 12.1723 0 
3 12.1753 0 
3 12.1783 0 
3 12.1812 0 
3 12.1842 0 
3 12.1872 0 
3 12.1902 0 
3 12.1932 0 
3 12.1961 0 
3 12.1991 0 
3 12.2021 0 
3 12.2051 0 
3 12.2081 0 
3 12.211 0 
3 12.214 0 
3 12.217 0 
3 12.22 0 
3 12.223 0 
3 12.226 0 
3 12.2289 0 
3 12.2319 0 
3 12.2349 0 
3 12.2379 0 
3 12.2409 0 
3 12.2438 0 
3 12.2468 0 
3 12.2498 0 
3 12.2528 0 
3 12.2558 0 
3 12.2587 0 
3 12.2617 0 
3 12.2647 0 
3 12.2677 0 
3 12.2707 0 
3 12.2736 0 
3 12.2766 0 
3 12.2796 0 
3 12.2826 0 
3 12.2856 0 
3 12.2885 0 
3 12.2915 0 
3 12.2945 0 
3 12.2975 0 
3 12.3005 0 
3 12.3034 0 
3 12.3064 0 
3 12.3094 0 
3 12.3124 0 
3 12.3154 0 
3 12.3183 0 
3 12.3213 0 
3 12.3243 0 
3 12.3273 0 
3 12.3303 0 
3 12.3333 0 
3 12.3362 0 
3 12.3392 0 
3 12.3422 0 
3 12.3452 0 
3 12.3482 0 
3 12.3511 0 
3 12.3541 0 
3 12.3571 0 
3 12.3601 0 
3 12.3631 0 
3 12.366 0 
3 12.369 0 
3 12.372 0 
3 12.375 0 
3 12.378 0 
3 12.3809 0 
3 12.3839 0 
3 12.3869 0 
3 12.3899 0 
3 12.3929 0 
3 12.3958 0 
3 12.3988 0 
3 12.4018 0 
3 12.4048 0 
3 12.4078 0 
3 12.4107 0 
3 12.4137 0 
3 12.4167 0 
3 12.4197 0 
3 12.4227 0 
3 12.4257 0 
3 12.4286 0 
3 12.4316 0 
3 12.4346 0 
3 12.4376 0 
3 12.4406 0 
3 12.4435 0 
3 12.4465 0 
3 12.4495 0 
3 12.4525 0 
3 12.4555 0 
3 12.4584 0 
3 12.4614 0 
3 12.4644 0 
3 12.4674 0 
3 12.4704 0 
3 12.4733 0 
3 12.4763 0 
3 12.4793 0 
3 12.4823 0 
3 12.4853 0 
3 12.4883 0 
3 12.4912 0 
3 12.4942 0 
3 12.4972 0 
3 12.5002 0 
3 12.5032 0 
3 12.5061 0 
3 12.5091 0 
3 12.5121 0 
3 12.5151 0 
3 12.5181 0 
3 12.521 0 
3 12.524 0 
3 12.527 0 
3 12.53 0 
3 12.533 0 
3 12.5359 0 
3 12.5389 0 
3 12.5419 0 
3 12.5449 0 
3 12.5479 0 
3 12.5508 0 
3 12.5538 0 
3 12.5568 0 
3 12.5598 0 
3 12.5628 0 
3 12.5657 0 
3 12.5687 0 
3 12.5717 0 
3 12.5747 0 
3 12.5777 0 
3 12.5807 0 
3 12.5836 0 
3 12.5866 0 
3 12.5896 0 
3 12.5926 0 
3 12.5956 0 
3 12.5985 0 
3 12.6015 0 
3 12.6045 0 
3 12.6075 0 
3 12.6105 0 
3 12.6134 0 
3 12.6164 0 
3 12.6194 0 
3 12.6224 0 
3 12.6254 0 
3 12.6283 0 
3 12.6313 0 
3 12.6343 0 
3 12.6373 0 
3 12.6403 0 
3 12.6432 0 
3 12.6462 0 
3 12.6492 0 
3 12.6522 0 
3 12.6552 0 
3 12.6581 0 
3 12.6611 0 
3 12.6641 0 
3 12.6671 0 
3 12.6701 0 
3 12.673 0 
3 12.676 0 
3 12.679 0 
3 12.682 0 
3 12.685 0 
3 12.688 0 
3 12.6909 0 
3 12.6939 0 
3 12.6969 0 
3 12.6999 0 
3 12.7029 0 
3 12.7058 0 
3 12.7088 0 
3 12.7118 0 
3 12.7148 0 
3 12.7178 0 
3 12.7207 0 
3 12.7237 0 
3 12.7267 0 
3 12.7297 0 
3 12.7327 0 
3 12.7356 0 
3 12.7386 0 
3 12.7416 0 
3 12.7446 0 
3 12.7476 0 
3 12.7505 0 
3 12.7535 0 
3 12.7565 0 
3 12.7595 0 
3 12.7625 0 
3 12.7654 0 
3 12.7684 0 
3 12.7714 0 
3 12.7744 0 
3 12.7774 0 
3 12.7804 0 
3 12.7833 0 
3 12.7863 0 
3 12.7893 0 
3 12.7923 0 
3 12.7953 0 
3 12.7982 0 
3 12.8012 0 
3 12.8042 0 
3 12.8072 0 
3 12.8102 0 
3 12.8131 0 
3 12.8161 0 
3 12.8191 0 
3 12.8221 0 
3 12.8251 0 
3 12.828 0 
3 12.831 0 
3 12.834 0 
3 12.837 0 
3 12.84 0 
3 12.8429 0 
3 12.8459 0 
3 12.8489 0 
3 12.8519 0 
3 12.8549 0 
3 12.8578 0 
3 12.8608 0 
3 12.8638 0 
3 12.8668 0 
3 12.8698 0 
3 12.8727 0 
3 12.8757 0 
3 12.8787 0 
3 12.8817 0 
3 12.8847 0 
3 12.8877 0 
3 12.8906 0 
3 12.8936 0 
3 12.8966 0 
3 12.8996 0 
3 12.9026 0 
3 12.9055 0 
3 12.9085 0 
3 12.9115 0 
3 12.9145 0 
3 12.9175 0 
3 12.9204 0 
3 12.9234 0 
3 12.9264 0 
3 12.9294 0 
3 12.9324 0 
3 12.9354 0 
3 12.9383 0 
3 12.9413 0 
3 12.9443 0 
3 12.9473 0 
3 12.9503 0 
3 12.9532 0 
3 12.9562 0 
3 12.9592 0 
3 12.9622 0 
3 12.9652 0 
3 12.9681 0 
3 12.9711 0 
3 12.9741 0 
3 12.9771 0 
3 12.9801 0 
3 12.983 0 
3 12.986 0 
3 12.989 0 
3 12.992 0 
3 12.995 0 
3 12.9979 0 
3 13.0009 0 
3 13.0039 0 
3 13.0069 0 
3 13.0099 0 
3 13.0128 0 
3 13.0158 0 
3 13.0188 0 
3 13.0218 0 
3 13.0248 0 
3 13.0278 0 
3 13.0307 0 
3 13.0337 0 
3 13.0367 0 
3 13.0397 0 
3 13.0427 0 
3 13.0456 0 
3 13.0486 0 
3 13.0516 0 
3 13.0546 0 
3 13.0576 0 
3 13.0605 0 
3 13.0635 0 
3 13.0665 0 
3 13.0695 0 
3 13.0725 0 
3 13.0754 0 
3 13.0784 0 
3 13.0814 0 
3 13.0844 0 
3 13.0874 0 
3 13.0903 0 
3 13.0933 0 
3 13.0963 0 
3 13.0993 0 
3 13.1023 0 
3 13.1052 0 
3 13.1082 0 
3 13.1112 0 
3 13.1142 0 
3 13.1172 0 
3 13.1201 0 
3 13.1231 0 
3 13.1261 0 
3 13.1291 0 
3 13.1321 0 
3 13.1351 0 
3 13.138 0 
3 13.141 0 
3 13.144 0 
3 13.147 0 
3 13.15 0 
3 13.1529 0 
3 13.1559 0 
3 13.1589 0 
3 13.1619 0 
3 13.1649 0 
3 13.1678 0 
3 13.1708 0 
3 13.1738 0 
3 13.1768 0 
3 13.1798 0 
3 13.1827 0 
3 13.1857 0 
3 13.1887 0 
3 13.1917 0 
3 13.1947 0 
3 13.1976 0 
3 13.2006 0 
3 13.2036 0 
3 13.2066 0 
3 13.2096 0 
3 13.2125 0 
3 13.2155 0 
3 13.2185 0 
3 13.2215 0 
3 13.2245 0 
3 13.2275 0 
3 13.2304 0 
3 13.2334 0 
3 13.2364 0 
3 13.2394 0 
3 13.2424 0 
3 13.2453 0 
3 13.2483 0 
3 13.2513 0 
3 13.2543 0 
3 13.2573 0 
3 13.2602 0 
3 13.2632 0 
3 13.2662 0 
3 13.2692 0 
3 13.2722 0 
3 13.2751 0 
3 13.2781 0 
3 13.2811 0 
3 13.2841 0 
3 13.2871 0 
3 13.29 0 
3 13.293 0 
3 13.296 0 
3 13.299 0 
3 13.302 0 
3 13.3049 0 
3 13.3079 0 
3 13.3109 0 
3 13.3139 0 
3 13.3169 0 
3 13.3198 0 
3 13.3228 0 
3 13.3258 0 
3 13.3288 0 
3 13.3318 0 
3 13.3348 0 
3 13.3377 0 
3 13.3407 0 
3 13.3437 0 
3 13.3467 0 
3 13.3497 0 
3 13.3526 0 
3 13.3556 0 
3 13.3586 0 
3 13.3616 0 
3 13.3646 0 
3 13.3675 0 
3 13.3705 0 
3 13.3735 0 
3 13.3765 0 
3 13.3795 0 
3 13.3825 0 
3 13.3854 0 
3 13.3884 0 
3 13.3914 0 
3 13.3944 0 
3 13.3974 0 
3 13.4003 0 
3 13.4033 0 
3 13.4063 0 
3 13.4093 0 
3 13.4123 0 
3 13.4152 0 
3 13.4182 0 
3 13.4212 0 
3 13.4242 0 
3 13.4272 0 
3 13.4301 0 
3 13.4331 0 
3 13.4361 0 
3 13.4391 0 
3 13.4421 0 
3 13.445 0 
3 13.448 0 
3 13.451 0 
3 13.454 0 
3 13.457 0 
3 13.4599 0 
3 13.4629 0 
3 13.4659 0 
3 13.4689 0 
3 13.4719 0 
3 13.4749 0 
3 13.4778 0 
3 13.4808 0 
3 13.4838 0 
3 13.4868 0 
3 13.4898 0 
3 13.4927 0 
3 13.4957 0 
3 13.4987 0 
3 13.5017 0 
3 13.5047 0 
3 13.5076 0 
3 13.5106 0 
3 13.5136 0 
3 13.5166 0 
3 13.5196 0 
3 13.5225 0 
3 13.5255 0 
3 13.5285 0 
3 13.5315 0 
3 13.5345 0 
3 13.5374 0 
3 13.5404 0 
3 13.5434 0 
3 13.5464 0 
3 13.5494 0 
3 13.5523 0 
3 13.5553 0 
3 13.5583 0 
3 13.5613 0 
3 13.5643 0 
3 13.5672 0 
3 13.5702 0 
3 13.5732 0 
3 13.5762 0 
3 13.5792 0 
3 13.5822 0 
3 13.5851 0 
3 13.5881 0 
3 13.5911 0 
3 13.5941 0 
3 13.5971 0 
3 13.6 0 
3 13.603 0 
3 13.606 0 
3 13.609 0 
3 13.612 0 
3 13.6149 0 
3 13.6179 0 
3 13.6209 0 
3 13.6239 0 
3 13.6269 0 
3 13.6298 0 
3 13.6328 0 
3 13.6358 0 
3 13.6388 0 
3 13.6418 0 
3 13.6447 0 
3 13.6477 0 
3 13.6507 0 
3 13.6537 0 
3 13.6567 0 
3 13.6596 0 
3 13.6626 0 
3 13.6656 0 
3 13.6686 0 
3 13.6716 0 
3 13.6746 0 
3 13.6775 0 
3 13.6805 0 
3 13.6835 0 
3 13.6865 0 
3 13.6895 0 
3 13.6924 0 
3 13.6954 0 
3 13.6984 0 
3 13.7014 0 
3 13.7044 0 
3 13.7073 0 
3 13.7103 0 
3 13.7133 0 
3 13.7163 0 
3 13.7193 0 
3 13.7222 0 
3 13.7252 0 
3 13.7282 0 
3 13.7312 0 
3 13.7342 0 
3 13.7371 0 
3 13.7401 0 
3 13.7431 0 
3 13.7461 0 
3 13.7491 0 
3 13.752 0 
3 13.755 0 
3 13.758 0 
3 13.761 0 
3 13.764 0 
3 13.7669 0 
3 13.7699 0 
3 13.7729 0 
3 13.7759 0 
3 13.7789 0 
3 13.7819 0 
3 13.7848 0 
3 13.7878 0 
3 13.7908 0 
3 13.7938 0 
3 13.7968 0 
3 13.7997 0 
3 13.8027 0 
3 13.8057 0 
3 13.8087 0 
3 13.8117 0 
3 13.8146 0 
3 13.8176 0 
3 13.8206 0 
3 13.8236 0 
3 13.8266 0 
3 13.8295 0 
3 13.8325 0 
3 13.8355 0 
3 13.8385 0 
3 13.8415 0 
3 13.8445 0 
3 13.8474 0 
3 13.8504 0 
3 13.8534 0 
3 13.8564 0 
3 13.8594 0 
3 13.8623 0 
3 13.8653 0 
3 13.8683 0 
3 13.8713 0 
3 13.8743 0 
3 13.8772 0 
3 13.8802 0 
3 13.8832 0 
3 13.8862 0 
3 13.8892 0 
3 13.8921 0 
3 13.8951 0 
3 13.8981 0 
3 13.9011 0 
3 13.9041 0 
3 13.907 0 
3 13.91 0 
3 13.913 0 
3 13.916 0 
3 13.919 0 
3 13.9219 0 
3 13.9249 0 
3 13.9279 0 
3 13.9309 0 
3 13.9339 0 
3 13.9369 0 
3 13.9398 0 
3 13.9428 0 
3 13.9458 0 
3 13.9488 0 
3 13.9518 0 
3 13.9547 0 
3 13.9577 0 
3 13.9607 0 
3 13.9637 0 
3 13.9667 0 
3 13.9696 0 
3 13.9726 0 
3 13.9756 0 
3 13.9786 0 
3 13.9816 0 
3 13.9845 0 
3 13.9875 0 
3 13.9905 0 
3 13.9935 0 
3 13.9965 0 
3 13.9994 0 
3 14.0024 0 
3 14.0054 0 
3 14.0084 0 
3 14.0114 0 
3 14.0143 0 
3 14.0173 0 
3 14.0203 0 
3 14.0233 0 
3 14.0263 0 
3 14.0293 0 
3 14.0322 0 
3 14.0352 0 
3 14.0382 0 
3 14.0412 0 
3 14.0442 0 
3 14.0471 0 
3 14.0501 0 
3 14.0531 0 
3 14.0561 0 
3 14.0591 0 
3 14.062 0 
3 14.065 0 
3 14.068 0 
3 14.071 0 
3 14.074 0 
3 14.0769 0 
3 14.0799 0 
3 14.0829 0 
3 14.0859 0 
3 14.0889 0 
3 14.0918 0 
3 14.0948 0 
3 14.0978 0 
3 14.1008 0 
3 14.1038 0 
3 14.1067 0 
3 14.1097 0 
3 14.1127 0 
3 14.1157 0 
3 14.1187 0 
3 14.1216 0 
3 14.1246 0 
3 14.1276 0 
3 14.1306 0 
3 14.1336 0 
3 14.1366 0 
3 14.1395 0 
3 14.1425 0 
3 14.1455 0 
3 14.1485 0 
3 14.1515 0 
3 14.1544 0 
3 14.1574 0 
3 14.1604 0 
3 14.1634 0 
3 14.1664 0 
3 14.1693 0 
3 14.1723 0 
3 14.1753 0 
3 14.1783 0 
3 14.1813 0 
3 14.1842 0 
3 14.1872 0 
3 14.1902 0 
3 14.1932 0 
3 14.1962 0 
3 14.1991 0 
3 14.2021 0 
3 14.2051 0 
3 14.2081 0 
3 14.2111 0 
3 14.214 0 
3 14.217 0 
3 14.22 0 
3 14.223 0 
3 14.226 0 
3 14.229 0 
3 14.2319 0 
3 14.2349 0 
3 14.2379 0 
3 14.2409 0 
3 14.2439 0 
3 14.2468 0 
3 14.2498 0 
3 14.2528 0 
3 14.2558 0 
3 14.2588 0 
3 14.2617 0 
3 14.2647 0 
3 14.2677 0 
3 14.2707 0 
3 14.2737 0 
3 14.2766 0 
3 14.2796 0 
3 14.2826 0 
3 14.2856 0 
3 14.2886 0 
3 14.2915 0 
3 14.2945 0 
3 14.2975 0 
3 14.3005 0 
3 14.3035 0 
3 14.3064 0 
3 14.3094 0 
3 14.3124 0 
3 14.3154 0 
3 14.3184 0 
3 14.3213 0 
3 14.3243 0 
3 14.3273 0 
3 14.3303 0 
3 14.3333 0 
3 14.3363 0 
3 14.3392 0 
3 14.3422 0 
3 14.3452 0 
3 14.3482 0 
3 14.3512 0 
3 14.3541 0 
3 14.3571 0 
3 14.3601 0 
3 14.3631 0 
3 14.3661 0 
3 14.369 0 
3 14.372 0 
3 14.375 0 
3 14.378 0 
3 14.381 0 
3 14.384 0 
3 14.3869 0 
3 14.3899 0 
3 14.3929 0 
3 14.3959 0 
3 14.3989 0 
3 14.4018 0 
3 14.4048 0 
3 14.4078 0 
3 14.4108 0 
3 14.4138 0 
3 14.4167 0 
3 14.4197 0 
3 14.4227 0 
3 14.4257 0 
3 14.4287 0 
3 14.4316 0 
3 14.4346 0 
3 14.4376 0 
3 14.4406 0 
3 14.4436 0 
3 14.4465 0 
3 14.4495 0 
3 14.4525 0 
3 14.4555 0 
3 14.4585 0 
3 14.4614 0 
3 14.4644 0 
3 14.4674 0 
3 14.4704 0 
3 14.4734 0 
3 14.4764 0 
3 14.4793 0 
3 14.4823 0 
3 14.4853 0 
3 14.4883 0 
3 14.4913 0 
3 14.4942 0 
3 14.4972 0 
3 14.5002 0 
3 14.5032 0 
3 14.5062 0 
3 14.5091 0 
3 14.5121 0 
3 14.5151 0 
3 14.5181 0 
3 14.5211 0 
3 14.524 0 
3 14.527 0 
3 14.53 0 
3 14.533 0 
3 14.536 0 
3 14.5389 0 
3 14.5419 0 
3 14.5449 0 
3 14.5479 0 
3 14.5509 0 
3 14.5538 0 
3 14.5568 0 
3 14.5598 0 
3 14.5628 0 
3 14.5658 0 
3 14.5687 0 
3 14.5717 0 
3 14.5747 0 
3 14.5777 0 
3 14.5807 0 
3 14.5837 0 
3 14.5866 0 
3 14.5896 0 
3 14.5926 0 
3 14.5956 0 
3 14.5986 0 
3 14.6015 0 
3 14.6045 0 
3 14.6075 0 
3 14.6105 0 
3 14.6135 0 
3 14.6164 0 
3 14.6194 0 
3 14.6224 0 
3 14.6254 0 
3 14.6284 0 
3 14.6313 0 
3 14.6343 0 
3 14.6373 0 
3 14.6403 0 
3 14.6433 0 
3 14.6462 0 
3 14.6492 0 
3 14.6522 0 
3 14.6552 0 
3 14.6582 0 
3 14.6611 0 
3 14.6641 0 
3 14.6671 0 
3 14.6701 0 
3 14.6731 0 
3 14.6761 0 
3 14.679 0 
3 14.682 0 
3 14.685 0 
3 14.688 0 
3 14.691 0 
3 14.6939 0 
3 14.6969 0 
3 14.6999 0 
3 14.7029 0 
3 14.7059 0 
3 14.7088 0 
3 14.7118 0 
3 14.7148 0 
3 14.7178 0 
3 14.7208 0 
3 14.7237 0 
3 14.7267 0 
3 14.7297 0 
3 14.7327 0 
3 14.7357 0 
3 14.7386 0 
3 14.7416 0 
3 14.7446 0 
3 14.7476 0 
3 14.7506 0 
3 14.7535 0 
3 14.7565 0 
3 14.7595 0 
3 14.7625 0 
3 14.7655 0 
3 14.7684 0 
3 14.7714 0 
3 14.7744 0 
3 14.7774 0 
3 14.7804 0 
3 14.7834 0 
3 14.7863 0 
3 14.7893 0 
3 14.7923 0 
3 14.7953 0 
3 14.7983 0 
3 14.8012 0 
3 14.8042 0 
3 14.8072 0 
3 14.8102 0 
3 14.8132 0 
3 14.8161 0 
3 14.8191 0 
3 14.8221 0 
3 14.8251 0 
3 14.8281 0 
3 14.831 0 
3 14.834 0 
3 14.837 0 
3 14.84 0 
3 14.843 0 
3 14.8459 0 
3 14.8489 0 
3 14.8519 0 
3 14.8549 0 
3 14.8579 0 
3 14.8609 0 
3 14.8638 0 
3 14.8668 0 
3 14.8698 0 
3 14.8728 0 
3 14.8758 0 
3 14.8787 0 
3 14.8817 0 
3 14.8847 0 
3 14.8877 0 
3 14.8907 0 
3 14.8936 0 
3 14.8966 0 
3 14.8996 0 
3 14.9026 0 
3 14.9056 0 
3 14.9085 0 
3 14.9115 0 
3 14.9145 0 
3 14.9175 0 
3 14.9205 0 
3 14.9234 0 
3 14.9264 0 
3 14.9294 0 
3 14.9324 0 
3 14.9354 0 
3 14.9384 0 
3 14.9413 0 
3 14.9443 0 
3 14.9473 0 
3 14.9503 0 
3 14.9533 0 
3 14.9562 0 
3 14.9592 0 
3 14.9622 0 
3 14.9652 0 
3 14.9682 0 
3 14.9711 0 
3 14.9741 0 
3 14.9771 0 
3 14.9801 0 
3 14.9831 0 
3 14.986 0 
3 14.989 0 
3 14.992 0 
3 14.995 0 
3 14.998 0 
