1 0.102348 0 
1 0.10536 0 
1 0.10837 0 
1 0.11138 0 
1 0.114388 0 
1 0.117396 0 
1 0.120402 0 
1 0.123408 0 
1 0.126412 0 
1 0.129416 0 
1 0.13242 0 
1 0.135422 0 
1 0.138424 0 
1 0.141425 0 
1 0.144425 0 
1 0.147425 0 
1 0.150425 0 
1 0.153423 0 
1 0.156422 0 
1 0.15942 0 
1 0.162417 0 
1 0.165414 0 
1 0.168411 0 
1 0.171407 0 
1 0.174403 0 
1 0.177399 0 
1 0.180394 0 
1 0.183389 0 
1 0.186383 0 
1 0.189377 0 
1 0.192371 0 
1 0.195365 0 
1 0.198359 0 
1 0.201352 0 
1 0.204345 0 
1 0.207337 0 
1 0.21033 0 
1 0.213322 0 
1 0.216314 0 
1 0.219306 0 
1 0.222297 0 
1 0.225289 0 
1 0.22828 0 
1 0.231271 0 
1 0.234262 0 
1 0.237253 0 
1 0.240244 0 
1 0.243234 0 
1 0.246224 0 
1 0.249215 0 
1 0.252205 0 
1 0.255195 0 
1 0.258184 0 
1 0.261174 0 
1 0.264164 0 
1 0.267153 0 
1 0.270142 0 
1 0.273132 0 
1 0.276121 0 
1 0.27911 0 
1 0.282099 0 
1 0.285087 0 
1 0.288076 0 
1 0.291065 0 
1 0.294053 0 
1 0.297042 0 
1 0.30003 0 
1 0.303018 0 
1 0.306006 0 
1 0.308994 0 
1 0.311983 0 
1 0.314971 0 
1 0.317958 0 
1 0.320946 0 
1 0.323934 0 
1 0.326922 0 
1 0.329909 0 
1 0.332897 0 
1 0.335885 0 
1 0.338872 0 
1 0.34186 0 
1 0.344847 0 
1 0.347834 0 
1 0.350822 0 
1 0.353809 0 
1 0.356796 0 
1 0.359783 0 
1 0.36277 0 
1 0.365757 0 
1 0.368744 0 
1 0.371731 0 
1 0.374718 0 
1 0.377705 0 
1 0.380692 0 
1 0.383679 0 
1 0.386666 0 
1 0.389652 0 
1 0.392639 0 
1 0.395626 0 
1 0.398613 0 
1 0.401599 0 
1 0.404586 0 
1 0.407572 0 
1 0.410559 0 
1 0.413546 0 
1 0.416532 0 
1 0.419519 0 
1 0.422505 0 
1 0.425492 0 
1 0.428478 0 
1 0.431464 0 
1 0.434451 0 
1 0.437437 0 
1 0.440424 0 
1 0.44341 0 
1 0.446396 0 
1 0.449382 0 
1 0.452369 0 
1 0.455355 0 
1 0.458341 0 
1 0.461328 0 
1 0.464314 0 
1 0.4673 0 
1 0.470286 0 
1 0.473273 0 
1 0.476259 0 
1 0.479245 0 
1 0.482231 0 
1 0.485217 0 
1 0.488204 0 
1 0.49119 0 
1 0.494176 0 
1 0.497162 0 
1 0.500148 0 
1 0.503134 0 
1 0.50612 0 
1 0.509107 0 
1 0.512093 0 
1 0.515079 0 
1 0.518065 0 
1 0.521051 0 
1 0.524037 0 
1 0.527023 0 
1 0.530009 0 
1 0.532995 0 
1 0.535981 0 
1 0.538967 0 
1 0.541954 0 
1 0.54494 0 
1 0.547926 0 
1 0.550912 0 
1 0.553898 0 
1 0.556884 0 
1 0.55987 0 
1 0.562856 0 
1 0.565842 0 
1 0.568828 0 
1 0.571814 0 
1 0.574801 0 
1 0.577787 0 
1 0.580773 0 
1 0.583759 0 
1 0.586745 0 
1 0.589731 0 
1 0.592717 0 
1 0.595703 0 
1 0.598689 0 
1 0.601675 0 
1 0.604661 0 
1 0.607648 0 
1 0.610634 0 
1 0.61362 0 
1 0.616606 0 
1 0.619592 0 
1 0.622578 0 
1 0.625564 0 
1 0.62855 0 
1 0.631536 0 
1 0.634523 0 
1 0.637509 0 
1 0.640495 0 
1 0.643481 0 
1 0.646467 0 
1 0.649453 0 
1 0.652439 0 
1 0.655425 0 
1 0.658412 0 
1 0.661398 0 
1 0.664384 0 
1 0.66737 0 
1 0.670356 0 
1 0.673342 0 
1 0.676328 0 
1 0.679314 0 
1 0.682301 0 
1 0.685287 0 
1 0.688273 0 
1 0.691259 0 
1 0.694245 0 
1 0.697231 0 
1 0.700217 0 
1 0.703204 0 
1 0.70619 0 
1 0.709176 0 
1 0.712162 0 
1 0.715148 0 
1 0.718134 0 
1 0.72112 0 
1 0.724106 0 
1 0.727093 0 
1 0.730079 0 
1 0.733065 0 
1 0.736051 0 
1 0.739037 0 
1 0.742023 0 
1 0.745009 0 
1 0.747995 0 
1 0.750981 0 
1 0.753967 0 
1 0.756953 0 
1 0.759939 0 
1 0.762925 0 
1 0.765911 0 
1 0.768897 0 
1 0.771883 0 
1 0.774869 0 
1 0.777855 0 
1 0.780841 0 
1 0.783827 0 
1 0.786813 0 
1 0.789799 0 
1 0.792785 0 
1 0.795771 0 
1 0.798757 0 
1 0.801743 0 
1 0.804729 0 
1 0.807715 0 
1 0.810701 0 
1 0.813686 0 
1 0.816672 0 
1 0.819658 0 
1 0.822644 0 
1 0.82563 0 
1 0.828615 0 
1 0.831601 0 
1 0.834587 0 
1 0.837572 0 
1 0.840558 0 
1 0.843544 0 
1 0.846529 0 
1 0.849515 0 
1 0.852501 0 
1 0.855486 0 
1 0.858472 0 
1 0.861457 0 
1 0.864443 0 
1 0.867428 0 
1 0.870414 0 
1 0.873399 0 
1 0.876385 0 
1 0.87937 0 
1 0.882355 0 
1 0.885341 0 
1 0.888326 0 
1 0.891311 0 
1 0.894296 0 
1 0.897282 0 
1 0.900267 0 
1 0.903252 0 
1 0.906237 0 
1 0.909222 0 
1 0.912207 0 
1 0.915192 0 
1 0.918177 0 
1 0.921162 0 
1 0.924147 0 
1 0.927132 0 
1 0.930117 0 
1 0.933102 0 
1 0.936086 0 
1 0.939071 0 
1 0.942056 0 
1 0.94504 0 
1 0.948025 0 
1 0.95101 0 
1 0.953994 0 
1 0.956979 0 
1 0.959963 0 
1 0.962948 0 
1 0.965932 0 
1 0.968916 0 
1 0.971901 0 
1 0.974885 0 
1 0.977869 0 
1 0.980854 0 
1 0.983838 0 
1 0.986822 0 
1 0.989806 0 
1 0.99279 0 
1 0.995774 0 
1 0.998758 0 
1 1.00174 0 
1 1.00473 0 
1 1.00771 0 
1 1.01069 0 
1 1.01368 0 
1 1.01666 0 
1 1.01964 0 
1 1.02263 0 
1 1.02561 0 
1 1.0286 0 
1 1.03158 0 
1 1.03456 0 
1 1.03754 0 
1 1.04053 0 
1 1.04351 0 
1 1.04649 0 
1 1.04948 0 
1 1.05246 0 
1 1.05544 0 
1 1.05843 0 
1 1.06141 0 
1 1.06439 0 
1 1.06738 0 
1 1.07036 0 
1 1.07334 0 
1 1.07632 0 
1 1.07931 0 
1 1.08229 0 
1 1.08527 0 
1 1.08826 0 
1 1.09124 0 
1 1.09422 0 
1 1.0972 0 
1 1.10019 0 
1 1.10317 0 
1 1.10615 0 
1 1.10913 0 
1 1.11211 0 
1 1.1151 0 
1 1.11808 0 
1 1.12106 0 
1 1.12404 0 
1 1.12703 0 
1 1.13001 0 
1 1.13299 0 
1 1.13597 0 
1 1.13895 0 
1 1.14193 0 
1 1.14492 0 
1 1.1479 0 
1 1.15088 0 
1 1.15386 0 
1 1.15684 0 
1 1.15983 0 
1 1.16281 0 
1 1.16579 0 
1 1.16877 0 
1 1.17175 0 
1 1.17473 0 
1 1.17771 0 
1 1.1807 0 
1 1.18368 0 
1 1.18666 0 
1 1.18964 0 
1 1.19262 0 
1 1.1956 0 
1 1.19858 0 
1 1.20156 0 
1 1.20454 0 
1 1.20752 0 
1 1.21051 0 
1 1.21349 0 
1 1.21647 0 
1 1.21945 0 
1 1.22243 0 
1 1.22541 0 
1 1.22839 0 
1 1.23137 0 
1 1.23435 0 
1 1.23733 0 
1 1.24031 0 
1 1.24329 0 
1 1.24627 0 
1 1.24926 0 
1 1.25224 0 
1 1.25522 0 
1 1.2582 0 
1 1.26118 0 
1 1.26416 0 
1 1.26714 0 
1 1.27012 0 
1 1.2731 0 
1 1.27608 0 
1 1.27906 0 
1 1.28204 0 
1 1.28502 0 
1 1.288 0 
1 1.29098 0 
1 1.29396 0 
1 1.29694 0 
1 1.29992 0 
1 1.3029 0 
1 1.30588 0 
1 1.30886 0 
1 1.31184 0 
1 1.31482 0 
1 1.3178 0 
1 1.32078 0 
1 1.32376 0 
1 1.32674 0 
1 1.32972 0 
1 1.3327 0 
1 1.33568 0 
1 1.33866 0 
1 1.34164 0 
1 1.34462 0 
1 1.3476 0 
1 1.35058 0 
1 1.35356 0 
1 1.35654 0 
1 1.35952 0 
1 1.3625 0 
1 1.36548 0 
1 1.36846 0 
1 1.37144 0 
1 1.37442 0 
1 1.3774 0 
1 1.38038 0 
1 1.38336 0 
1 1.38633 0 
1 1.38931 0 
1 1.39229 0 
1 1.39527 0 
1 1.39825 0 
1 1.40123 0 
1 1.40421 0 
1 1.40719 0 
1 1.41017 0 
1 1.41315 0 
1 1.41613 0 
1 1.41911 0 
1 1.42209 0 
1 1.42507 0 
1 1.42805 0 
1 1.43103 0 
1 1.43401 0 
1 1.43699 0 
1 1.43997 0 
1 1.44295 0 
1 1.44593 0 
1 1.44891 0 
1 1.45188 0 
1 1.45486 0 
1 1.45784 0 
1 1.46082 0 
1 1.4638 0 
1 1.46678 0 
1 1.46976 0 
1 1.47274 0 
1 1.47572 0 
1 1.4787 0 
1 1.48168 0 
1 1.48466 0 
1 1.48764 0 
1 1.49062 0 
1 1.4936 0 
1 1.49658 0 
1 1.49956 0 
1 1.50254 0 
1 1.50551 0 
1 1.50849 0 
1 1.51147 0 
1 1.51445 0 
1 1.51743 0 
1 1.52041 0 
1 1.52339 0 
1 1.52637 0 
1 1.52935 0 
1 1.53233 0 
1 1.53531 0 
1 1.53829 0 
1 1.54127 0 
1 1.54425 0 
1 1.54723 0 
1 1.55021 0 
1 1.55319 0 
1 1.55617 0 
1 1.55915 0 
1 1.56212 0 
1 1.5651 0 
1 1.56808 0 
1 1.57106 0 
1 1.57404 0 
1 1.57702 0 
1 1.58 0 
1 1.58298 0 
1 1.58596 0 
1 1.58894 0 
1 1.59192 0 
1 1.5949 0 
1 1.59788 0 
1 1.60086 0 
1 1.60384 0 
1 1.60682 0 
1 1.6098 0 
1 1.61278 0 
1 1.61576 0 
1 1.61874 0 
1 1.62171 0 
1 1.62469 0 
1 1.62767 0 
1 1.63065 0 
1 1.63363 0 
1 1.63661 0 
1 1.63959 0 
1 1.64257 0 
1 1.64555 0 
1 1.64853 0 
1 1.65151 0 
1 1.65449 0 
1 1.65747 0 
1 1.66045 0 
1 1.66343 0 
1 1.66641 0 
1 1.66939 0 
1 1.67237 0 
1 1.67535 0 
1 1.67833 0 
1 1.68131 0 
1 1.68429 0 
1 1.68727 0 
1 1.69025 0 
1 1.69323 0 
1 1.69621 0 
1 1.69919 0 
1 1.70216 0 
1 1.70514 0 
1 1.70812 0 
1 1.7111 0 
1 1.71408 0 
1 1.71706 0 
1 1.72004 0 
1 1.72302 0 
1 1.726 0 
1 1.72898 0 
1 1.73196 0 
1 1.73494 0 
1 1.73792 0 
1 1.7409 0 
1 1.74388 0 
1 1.74686 0 
1 1.74984 0 
1 1.75282 0 
1 1.7558 0 
1 1.75878 0 
1 1.76176 0 
1 1.76474 0 
1 1.76772 0 
1 1.7707 0 
1 1.77368 0 
1 1.77666 0 
1 1.77964 0 
1 1.78262 0 
1 1.7856 0 
1 1.78858 0 
1 1.79156 0 
1 1.79454 0 
1 1.79752 0 
1 1.8005 0 
1 1.80348 0 
1 1.80646 0 
1 1.80944 0 
1 1.81242 0 
1 1.8154 0 
1 1.81838 0 
1 1.82136 0 
1 1.82434 0 
1 1.82732 0 
1 1.8303 0 
1 1.83328 0 
1 1.83626 0 
1 1.83924 0 
1 1.84222 0 
1 1.8452 0 
1 1.84818 0 
1 1.85116 0 
1 1.85414 0 
1 1.85712 0 
1 1.8601 0 
1 1.86308 0 
1 1.86606 0 
1 1.86904 0 
1 1.87202 0 
1 1.875 0 
1 1.87798 0 
1 1.88096 0 
1 1.88394 0 
1 1.88692 0 
1 1.8899 0 
1 1.89288 0 
1 1.89586 0 
1 1.89884 0 
1 1.90182 0 
1 1.9048 0 
1 1.90778 0 
1 1.91076 0 
1 1.91374 0 
1 1.91672 0 
1 1.9197 0 
1 1.92268 0 
1 1.92566 0 
1 1.92864 0 
1 1.93162 0 
1 1.9346 0 
1 1.93758 0 
1 1.94056 0 
1 1.94354 0 
1 1.94652 0 
1 1.9495 0 
1 1.95248 0 
1 1.95546 0 
1 1.95844 0 
1 1.96142 0 
1 1.9644 0 
1 1.96738 0 
1 1.97036 0 
1 1.97334 0 
1 1.97632 0 
1 1.9793 0 
1 1.98228 0 
1 1.98526 0 
1 1.98824 0 
1 1.99122 0 
1 1.9942 0 
1 1.99718 0 
1 2.00016 0 
1 2.00314 0 
1 2.00612 0 
1 2.0091 0 
1 2.01208 0 
1 2.01506 0 
1 2.01804 0 
1 2.02102 0 
1 2.024 0 
1 2.02698 0 
1 2.02996 0 
1 2.03295 0 
1 2.03593 0 
1 2.03891 0 
1 2.04189 0 
1 2.04487 0 
1 2.04785 0 
1 2.05083 0 
1 2.05381 0 
1 2.05679 0 
1 2.05977 0 
1 2.06275 0 
1 2.06573 0 
1 2.06871 0 
1 2.07169 0 
1 2.07467 0 
1 2.07765 0 
1 2.08063 0 
1 2.08361 0 
1 2.08659 0 
1 2.08957 0 
1 2.09255 0 
1 2.09553 0 
1 2.09851 0 
1 2.10149 0 
1 2.10447 0 
1 2.10745 0 
1 2.11043 0 
1 2.11341 0 
1 2.11639 0 
1 2.11937 0 
1 2.12235 0 
1 2.12533 0 
1 2.12832 0 
1 2.13129 0 
1 2.13428 0 
1 2.13726 0 
1 2.14024 0 
1 2.14322 0 
1 2.1462 0 
1 2.14918 0 
1 2.15216 0 
1 2.15514 0 
1 2.15812 0 
1 2.1611 0 
1 2.16408 0 
1 2.16706 0 
1 2.17004 0 
1 2.17302 0 
1 2.176 0 
1 2.17898 0 
1 2.18196 0 
1 2.18494 0 
1 2.18792 0 
1 2.1909 0 
1 2.19388 0 
1 2.19686 0 
1 2.19984 0 
1 2.20282 0 
1 2.2058 0 
1 2.20879 0 
1 2.21176 0 
1 2.21475 0 
1 2.21773 0 
1 2.22071 0 
1 2.22369 0 
1 2.22667 0 
1 2.22965 0 
1 2.23263 0 
1 2.23561 0 
1 2.23859 0 
1 2.24157 0 
1 2.24455 0 
1 2.24753 0 
1 2.25051 0 
1 2.25349 0 
1 2.25647 0 
1 2.25945 0 
1 2.26243 0 
1 2.26541 0 
1 2.26839 0 
1 2.27137 0 
1 2.27435 0 
1 2.27733 0 
1 2.28032 0 
1 2.2833 0 
1 2.28628 0 
1 2.28926 0 
1 2.29224 0 
1 2.29522 0 
1 2.2982 0 
1 2.30118 0 
1 2.30416 0 
1 2.30714 0 
1 2.31012 0 
1 2.3131 0 
1 2.31608 0 
1 2.31906 0 
1 2.32204 0 
1 2.32502 0 
1 2.328 0 
1 2.33098 0 
1 2.33396 0 
1 2.33694 0 
1 2.33992 0 
1 2.34291 0 
1 2.34589 0 
1 2.34887 0 
1 2.35185 0 
1 2.35483 0 
1 2.35781 0 
1 2.36079 0 
1 2.36377 0 
1 2.36675 0 
1 2.36973 0 
1 2.37271 0 
1 2.37569 0 
1 2.37867 0 
1 2.38165 0 
1 2.38463 0 
1 2.38761 0 
1 2.39059 0 
1 2.39357 0 
1 2.39655 0 
1 2.39953 0 
1 2.40252 0 
1 2.4055 0 
1 2.40848 0 
1 2.41146 0 
1 2.41444 0 
1 2.41742 0 
1 2.4204 0 
1 2.42338 0 
1 2.42636 0 
1 2.42934 0 
1 2.43232 0 
1 2.4353 0 
1 2.43828 0 
1 2.44126 0 
1 2.44424 0 
1 2.44722 0 
1 2.4502 0 
1 2.45318 0 
1 2.45616 0 
1 2.45914 0 
1 2.46212 0 
1 2.46511 0 
1 2.46809 0 
1 2.47107 0 
1 2.47405 0 
1 2.47703 0 
1 2.48001 0 
1 2.48299 0 
1 2.48597 0 
1 2.48895 0 
1 2.49193 0 
1 2.49491 0 
1 2.49789 0 
1 2.50087 0 
1 2.50385 0 
1 2.50683 0 
1 2.50981 0 
1 2.51279 0 
1 2.51577 0 
1 2.51876 0 
1 2.52174 0 
1 2.52472 0 
1 2.5277 0 
1 2.53068 0 
1 2.53366 0 
1 2.53664 0 
1 2.53962 0 
1 2.5426 0 
1 2.54558 0 
1 2.54856 0 
1 2.55154 0 
1 2.55452 0 
1 2.5575 0 
1 2.56048 0 
1 2.56346 0 
1 2.56644 0 
1 2.56942 0 
1 2.5724 0 
1 2.57539 0 
1 2.57837 0 
1 2.58135 0 
1 2.58433 0 
1 2.58731 0 
1 2.59029 0 
1 2.59327 0 
1 2.59625 0 
1 2.59923 0 
1 2.60221 0 
1 2.60519 0 
1 2.60817 0 
1 2.61115 0 
1 2.61413 0 
1 2.61711 0 
1 2.62009 0 
1 2.62307 0 
1 2.62605 0 
1 2.62904 0 
1 2.63202 0 
1 2.635 0 
1 2.63798 0 
1 2.64096 0 
1 2.64394 0 
1 2.64692 0 
1 2.6499 0 
1 2.65288 0 
1 2.65586 0 
1 2.65884 0 
1 2.66182 0 
1 2.6648 0 
1 2.66778 0 
1 2.67076 0 
1 2.67374 0 
1 2.67672 0 
1 2.6797 0 
1 2.68269 0 
1 2.68567 0 
1 2.68865 0 
1 2.69163 0 
1 2.69461 0 
1 2.69759 0 
1 2.70057 0 
1 2.70355 0 
1 2.70653 0 
1 2.70951 0 
1 2.71249 0 
1 2.71547 0 
1 2.71845 0 
1 2.72143 0 
1 2.72441 0 
1 2.72739 0 
1 2.73037 0 
1 2.73335 0 
1 2.73633 0 
1 2.73932 0 
1 2.7423 0 
1 2.74528 0 
1 2.74826 0 
1 2.75124 0 
1 2.75422 0 
1 2.7572 0 
1 2.76018 0 
1 2.76316 0 
1 2.76614 0 
1 2.76912 0 
1 2.7721 0 
1 2.77508 0 
1 2.77806 0 
1 2.78104 0 
1 2.78402 0 
1 2.787 0 
1 2.78999 0 
1 2.79297 0 
1 2.79595 0 
1 2.79893 0 
1 2.80191 0 
1 2.80489 0 
1 2.80787 0 
1 2.81085 0 
1 2.81383 0 
1 2.81681 0 
1 2.81979 0 
1 2.82277 0 
1 2.82575 0 
1 2.82873 0 
1 2.83171 0 
1 2.83469 0 
1 2.83767 0 
1 2.84065 0 
1 2.84364 0 
1 2.84662 0 
1 2.8496 0 
1 2.85258 0 
1 2.85556 0 
1 2.85854 0 
1 2.86152 0 
1 2.8645 0 
1 2.86748 0 
1 2.87046 0 
1 2.87344 0 
1 2.87642 0 
1 2.8794 0 
1 2.88238 0 
1 2.88536 0 
1 2.88834 0 
1 2.89132 0 
1 2.89431 0 
1 2.89729 0 
1 2.90027 0 
1 2.90325 0 
1 2.90623 0 
1 2.90921 0 
1 2.91219 0 
1 2.91517 0 
1 2.91815 0 
1 2.92113 0 
1 2.92411 0 
1 2.92709 0 
1 2.93007 0 
1 2.93305 0 
1 2.93603 0 
1 2.93901 0 
1 2.94199 0 
1 2.94498 0 
1 2.94796 0 
1 2.95094 0 
1 2.95392 0 
1 2.9569 0 
1 2.95988 0 
1 2.96286 0 
1 2.96584 0 
1 2.96882 0 
1 2.9718 0 
1 2.97478 0 
1 2.97776 0 
1 2.98074 0 
1 2.98372 0 
1 2.9867 0 
1 2.98968 0 
1 2.99266 0 
1 2.99564 0 
1 2.99863 0 
1 3.00161 0 
1 3.00459 0 
1 3.00757 0 
1 3.01055 0 
1 3.01353 0 
1 3.01651 0 
1 3.01949 0 
1 3.02247 0 
1 3.02545 0 
1 3.02843 0 
1 3.03141 0 
1 3.03439 0 
1 3.03737 0 
1 3.04035 0 
1 3.04333 0 
1 3.04631 0 
1 3.0493 0 
1 3.05228 0 
1 3.05526 0 
1 3.05824 0 
1 3.06122 0 
1 3.0642 0 
1 3.06718 0 
1 3.07016 0 
1 3.07314 0 
1 3.07612 0 
1 3.0791 0 
1 3.08208 0 
1 3.08506 0 
1 3.08804 0 
1 3.09102 0 
1 3.094 0 
1 3.09698 0 
1 3.09996 0 
1 3.10295 0 
1 3.10593 0 
1 3.10891 0 
1 3.11189 0 
1 3.11487 0 
1 3.11785 0 
1 3.12083 0 
1 3.12381 0 
1 3.12679 0 
1 3.12977 0 
1 3.13275 0 
1 3.13573 0 
1 3.13871 0 
1 3.14169 0 
1 3.14467 0 
1 3.14765 0 
1 3.15063 0 
1 3.15362 0 
1 3.1566 0 
1 3.15958 0 
1 3.16256 0 
1 3.16554 0 
1 3.16852 0 
1 3.1715 0 
1 3.17448 0 
1 3.17746 0 
1 3.18044 0 
1 3.18342 0 
1 3.1864 0 
1 3.18938 0 
1 3.19236 0 
1 3.19534 0 
1 3.19832 0 
1 3.2013 0 
1 3.20428 0 
1 3.20726 0 
1 3.21025 0 
1 3.21323 0 
1 3.21621 0 
1 3.21919 0 
1 3.22217 0 
1 3.22515 0 
1 3.22813 0 
1 3.23111 0 
1 3.23409 0 
1 3.23707 0 
1 3.24005 0 
1 3.24303 0 
1 3.24601 0 
1 3.24899 0 
1 3.25197 0 
1 3.25495 0 
1 3.25793 0 
1 3.26091 0 
1 3.2639 0 
1 3.26688 0 
1 3.26986 0 
1 3.27284 0 
1 3.27582 0 
1 3.2788 0 
1 3.28178 0 
1 3.28476 0 
1 3.28774 0 
1 3.29072 0 
1 3.2937 0 
1 3.29668 0 
1 3.29966 0 
1 3.30264 0 
1 3.30562 0 
1 3.3086 0 
1 3.31158 0 
1 3.31456 0 
1 3.31755 0 
1 3.32053 0 
1 3.32351 0 
1 3.32649 0 
1 3.32947 0 
1 3.33245 0 
1 3.33543 0 
1 3.33841 0 
1 3.34139 0 
1 3.34437 0 
1 3.34735 0 
1 3.35033 0 
1 3.35331 0 
1 3.35629 0 
1 3.35927 0 
1 3.36225 0 
1 3.36523 0 
1 3.36821 0 
1 3.37119 0 
1 3.37418 0 
1 3.37716 0 
1 3.38014 0 
1 3.38312 0 
1 3.3861 0 
1 3.38908 0 
1 3.39206 0 
1 3.39504 0 
1 3.39802 0 
1 3.401 0 
1 3.40398 0 
1 3.40696 0 
1 3.40994 0 
1 3.41292 0 
1 3.4159 0 
1 3.41888 0 
1 3.42186 0 
1 3.42484 0 
1 3.42783 0 
1 3.43081 0 
1 3.43379 0 
1 3.43677 0 
1 3.43975 0 
1 3.44273 0 
1 3.44571 0 
1 3.44869 0 
1 3.45167 0 
1 3.45465 0 
1 3.45763 0 
1 3.46061 0 
1 3.46359 0 
1 3.46657 0 
1 3.46955 0 
1 3.47253 0 
1 3.47551 0 
1 3.47849 0 
1 3.48147 0 
1 3.48445 0 
1 3.48743 0 
1 3.49042 0 
1 3.4934 0 
1 3.49638 0 
1 3.49936 0 
1 3.50234 0 
1 3.50532 0 
1 3.5083 0 
1 3.51128 0 
1 3.51426 0 
1 3.51724 0 
1 3.52022 0 
1 3.5232 0 
1 3.52618 0 
1 3.52916 0 
1 3.53214 0 
1 3.53512 0 
1 3.5381 0 
1 3.54108 0 
1 3.54406 0 
1 3.54704 0 
1 3.55002 0 
1 3.55301 0 
1 3.55599 0 
1 3.55897 0 
1 3.56195 0 
1 3.56493 0 
1 3.56791 0 
1 3.57089 0 
1 3.57387 0 
1 3.57685 0 
1 3.57983 0 
1 3.58281 0 
1 3.58579 0 
1 3.58877 0 
1 3.59175 0 
1 3.59473 0 
1 3.59771 0 
1 3.60069 0 
1 3.60367 0 
1 3.60665 0 
1 3.60963 0 
1 3.61261 0 
1 3.61559 0 
1 3.61857 0 
1 3.62155 0 
1 3.62454 0 
1 3.62752 0 
1 3.6305 0 
1 3.63348 0 
1 3.63646 0 
1 3.63944 0 
1 3.64242 0 
1 3.6454 0 
1 3.64838 0 
1 3.65136 0 
1 3.65434 0 
1 3.65732 0 
1 3.6603 0 
1 3.66328 0 
1 3.66626 0 
1 3.66924 0 
1 3.67222 0 
1 3.6752 0 
1 3.67818 0 
1 3.68116 0 
1 3.68414 0 
1 3.68712 0 
1 3.6901 0 
1 3.69308 0 
1 3.69606 0 
1 3.69904 0 
1 3.70202 0 
1 3.70501 0 
1 3.70799 0 
1 3.71097 0 
1 3.71395 0 
1 3.71693 0 
1 3.71991 0 
1 3.72289 0 
1 3.72587 0 
1 3.72885 0 
1 3.73183 0 
1 3.73481 0 
1 3.73779 0 
1 3.74077 0 
1 3.74375 0 
1 3.74673 0 
1 3.74971 0 
1 3.75269 0 
1 3.75567 0 
1 3.75865 0 
1 3.76163 0 
1 3.76461 0 
1 3.76759 0 
1 3.77057 0 
1 3.77355 0 
1 3.77653 0 
1 3.77951 0 
1 3.78249 0 
1 3.78547 0 
1 3.78845 0 
1 3.79143 0 
1 3.79441 0 
1 3.79739 0 
1 3.80037 0 
1 3.80335 0 
1 3.80633 0 
1 3.80931 0 
1 3.81229 0 
1 3.81527 0 
1 3.81826 0 
1 3.82124 0 
1 3.82422 0 
1 3.8272 0 
1 3.83018 0 
1 3.83316 0 
1 3.83614 0 
1 3.83912 0 
1 3.8421 0 
1 3.84508 0 
1 3.84806 0 
1 3.85104 0 
1 3.85402 0 
1 3.857 0 
1 3.85998 0 
1 3.86296 0 
1 3.86594 0 
1 3.86892 0 
1 3.8719 0 
1 3.87488 0 
1 3.87786 0 
1 3.88084 0 
1 3.88382 0 
1 3.8868 0 
1 3.88978 0 
1 3.89276 0 
1 3.89574 0 
1 3.89872 0 
1 3.9017 0 
1 3.90468 0 
1 3.90766 0 
1 3.91064 0 
1 3.91362 0 
1 3.9166 0 
1 3.91958 0 
1 3.92256 0 
1 3.92554 0 
1 3.92852 0 
1 3.9315 0 
1 3.93448 0 
1 3.93746 0 
1 3.94044 0 
1 3.94342 0 
1 3.9464 0 
1 3.94938 0 
1 3.95236 0 
1 3.95534 0 
1 3.95832 0 
1 3.9613 0 
1 3.96428 0 
1 3.96726 0 
1 3.97024 0 
1 3.97322 0 
1 3.9762 0 
1 3.97918 0 
1 3.98216 0 
1 3.98514 0 
1 3.98812 0 
1 3.99109 0 
1 3.99407 0 
1 3.99705 0 
1 4.00003 0 
1 4.00301 0 
1 4.00599 0 
1 4.00897 0 
1 4.01195 0 
1 4.01493 0 
1 4.01791 0 
1 4.02089 0 
1 4.02387 0 
1 4.02685 0 
1 4.02983 0 
1 4.03281 0 
1 4.03579 0 
1 4.03877 0 
1 4.04175 0 
1 4.04473 0 
1 4.04771 0 
1 4.05069 0 
1 4.05367 0 
1 4.05665 0 
1 4.05963 0 
1 4.06261 0 
1 4.06559 0 
1 4.06857 0 
1 4.07154 0 
1 4.07452 0 
1 4.0775 0 
1 4.08048 0 
1 4.08346 0 
1 4.08644 0 
1 4.08942 0 
1 4.0924 0 
1 4.09538 0 
1 4.09836 0 
1 4.10134 0 
1 4.10432 0 
1 4.1073 0 
1 4.11028 0 
1 4.11326 0 
1 4.11624 0 
1 4.11922 0 
1 4.12219 0 
1 4.12517 0 
1 4.12815 0 
1 4.13113 0 
1 4.13411 0 
1 4.13709 0 
1 4.14007 0 
1 4.14305 0 
1 4.14603 0 
1 4.14901 0 
1 4.15199 0 
1 4.15497 0 
1 4.15794 0 
1 4.16092 0 
1 4.1639 0 
1 4.16688 0 
1 4.16986 0 
1 4.17284 0 
1 4.17582 0 
1 4.1788 0 
1 4.18178 0 
1 4.18476 0 
1 4.18773 0 
1 4.19071 0 
1 4.19369 0 
1 4.19667 0 
1 4.19965 0 
1 4.20263 0 
1 4.20561 0 
1 4.20859 0 
1 4.21156 0 
1 4.21454 0 
1 4.21752 0 
1 4.2205 0 
1 4.22348 0 
1 4.22646 0 
1 4.22944 0 
1 4.23242 0 
1 4.23539 0 
1 4.23837 0 
1 4.24135 0 
1 4.24433 0 
1 4.24731 0 
1 4.25029 0 
1 4.25327 0 
1 4.25624 0 
1 4.25922 0 
1 4.2622 0 
1 4.26518 0 
1 4.26816 0 
1 4.27114 0 
1 4.27411 0 
1 4.27709 0 
1 4.28007 0 
1 4.28305 0 
1 4.28603 0 
1 4.28901 0 
1 4.29198 0 
1 4.29496 0 
1 4.29794 0 
1 4.30092 0 
1 4.3039 0 
1 4.30687 0 
1 4.30985 0 
1 4.31283 0 
1 4.31581 0 
1 4.31879 0 
1 4.32176 0 
1 4.32474 0 
1 4.32772 0 
1 4.3307 0 
1 4.33368 0 
1 4.33665 0 
1 4.33963 0 
1 4.34261 0 
1 4.34559 0 
1 4.34856 0 
1 4.35154 0 
1 4.35452 0 
1 4.3575 0 
1 4.36047 0 
1 4.36345 0 
1 4.36643 0 
1 4.36941 0 
1 4.37239 0 
1 4.37536 0 
1 4.37834 0 
1 4.38132 0 
1 4.38429 0 
1 4.38727 0 
1 4.39025 0 
1 4.39323 0 
1 4.3962 0 
1 4.39918 0 
1 4.40216 0 
1 4.40514 0 
1 4.40811 0 
1 4.41109 0 
1 4.41407 0 
1 4.41704 0 
1 4.42002 0 
1 4.423 0 
1 4.42597 0 
1 4.42895 0 
1 4.43193 0 
1 4.43491 0 
1 4.43788 0 
1 4.44086 0 
1 4.44384 0 
1 4.44681 0 
1 4.44979 0 
1 4.45277 0 
1 4.45574 0 
1 4.45872 0 
1 4.4617 0 
1 4.46467 0 
1 4.46765 0 
1 4.47063 0 
1 4.4736 0 
1 4.47658 0 
1 4.47956 0 
1 4.48253 0 
1 4.48551 0 
1 4.48849 0 
1 4.49146 0 
1 4.49444 0 
1 4.49742 0 
1 4.50039 0 
1 4.50337 0 
1 4.50634 0 
1 4.50932 0 
1 4.5123 0 
1 4.51527 0 
1 4.51825 0 
1 4.52122 0 
1 4.5242 0 
1 4.52718 0 
1 4.53015 0 
1 4.53313 0 
1 4.5361 0 
1 4.53908 0 
1 4.54206 0 
1 4.54503 0 
1 4.54801 0 
1 4.55098 0 
1 4.55396 0 
1 4.55694 0 
1 4.55991 0 
1 4.56289 0 
1 4.56586 0 
1 4.56884 0 
1 4.57181 0 
1 4.57479 0 
1 4.57777 0 
1 4.58074 0 
1 4.58372 0 
1 4.58669 0 
1 4.58967 0 
1 4.59264 0 
1 4.59562 0 
1 4.59859 0 
1 4.60157 0 
1 4.60455 0 
1 4.60752 0 
1 4.6105 0 
1 4.61347 0 
1 4.61645 0 
1 4.61942 0 
1 4.6224 0 
1 4.62537 0 
1 4.62835 0 
1 4.63132 0 
1 4.6343 0 
1 4.63727 0 
1 4.64025 0 
1 4.64322 0 
1 4.6462 0 
1 4.64917 0 
1 4.65215 0 
1 4.65513 0 
1 4.6581 0 
1 4.66108 0 
1 4.66405 0 
1 4.66703 0 
1 4.67 0 
1 4.67298 0 
1 4.67595 0 
1 4.67893 0 
1 4.6819 0 
1 4.68488 0 
1 4.68785 0 
1 4.69083 0 
1 4.6938 0 
1 4.69678 0 
1 4.69975 0 
1 4.70273 0 
1 4.7057 0 
1 4.70868 0 
1 4.71165 0 
1 4.71463 0 
1 4.7176 0 
1 4.72058 0 
1 4.72355 0 
1 4.72653 0 
1 4.7295 0 
1 4.73248 0 
1 4.73545 0 
1 4.73843 0 
1 4.7414 0 
1 4.74438 0 
1 4.74735 0 
1 4.75033 0 
1 4.75331 0 
1 4.75628 0 
1 4.75926 0 
1 4.76223 0 
1 4.76521 0 
1 4.76818 0 
1 4.77116 0 
1 4.77413 0 
1 4.77711 0 
1 4.78008 0 
1 4.78306 0 
1 4.78603 0 
1 4.78901 0 
1 4.79199 0 
1 4.79496 0 
1 4.79794 0 
1 4.80091 0 
1 4.80389 0 
1 4.80686 0 
1 4.80984 0 
1 4.81281 0 
1 4.81579 0 
1 4.81877 0 
1 4.82174 0 
1 4.82472 0 
1 4.82769 0 
1 4.83067 0 
1 4.83364 0 
1 4.83662 0 
1 4.8396 0 
1 4.84257 0 
1 4.84555 0 
1 4.84853 0 
1 4.8515 0 
1 4.85448 0 
1 4.85745 0 
1 4.86043 0 
1 4.86341 0 
1 4.86638 0 
1 4.86936 0 
1 4.87234 0 
1 4.87531 0 
1 4.87829 0 
1 4.88127 0 
1 4.88424 0 
1 4.88722 0 
1 4.8902 0 
1 4.89317 0 
1 4.89615 0 
1 4.89913 0 
1 4.90211 0 
1 4.90508 0 
1 4.90806 0 
1 4.91104 0 
1 4.91401 0 
1 4.91699 0 
1 4.91997 0 
1 4.92295 0 
1 4.92592 0 
1 4.9289 0 
1 4.93188 0 
1 4.93486 0 
1 4.93784 0 
1 4.94081 0 
1 4.94379 0 
1 4.94677 0 
1 4.94975 0 
1 4.95273 0 
1 4.9557 0 
1 4.95868 0 
1 4.96166 0 
1 4.96464 0 
1 4.96762 0 
1 4.9706 0 
1 4.97358 0 
1 4.97655 0 
1 4.97953 0 
1 4.98251 0 
1 4.98549 0 
1 4.98847 0 
1 4.99145 0 
1 4.99443 0 
1 4.99741 0 
1 5.00039 0 
1 5.00337 0 
1 5.00635 0 
1 5.00933 0 
1 5.01231 0 
1 5.01529 0 
1 5.01827 0 
1 5.02124 0 
1 5.02422 0 
1 5.02721 0 
1 5.03019 0 
1 5.03317 0 
1 5.03615 0 
1 5.03913 0 
1 5.04211 0 
1 5.04509 0 
1 5.04807 0 
1 5.05105 0 
1 5.05403 0 
1 5.05701 0 
1 5.05999 0 
1 5.06297 0 
1 5.06595 0 
1 5.06893 0 
1 5.07192 0 
1 5.0749 0 
1 5.07788 0 
1 5.08086 0 
1 5.08384 0 
1 5.08682 0 
1 5.0898 0 
1 5.09279 0 
1 5.09577 0 
1 5.09875 0 
1 5.10173 0 
1 5.10471 0 
1 5.10769 0 
1 5.11068 0 
1 5.11366 0 
1 5.11664 0 
1 5.11962 0 
1 5.12261 0 
1 5.12559 0 
1 5.12857 0 
1 5.13155 0 
1 5.13454 0 
1 5.13752 0 
1 5.1405 0 
1 5.14348 0 
1 5.14647 0 
1 5.14945 0 
1 5.15243 0 
1 5.15541 0 
1 5.1584 0 
1 5.16138 0 
1 5.16436 0 
1 5.16735 0 
1 5.17033 0 
1 5.17331 0 
1 5.1763 0 
1 5.17928 0 
1 5.18226 0 
1 5.18525 0 
1 5.18823 0 
1 5.19121 0 
1 5.1942 0 
1 5.19718 0 
1 5.20017 0 
1 5.20315 0 
1 5.20613 0 
1 5.20912 0 
1 5.2121 0 
1 5.21509 0 
1 5.21807 0 
1 5.22105 0 
1 5.22404 0 
1 5.22702 0 
1 5.23001 0 
1 5.23299 0 
1 5.23597 0 
1 5.23896 0 
1 5.24194 0 
1 5.24493 0 
1 5.24791 0 
1 5.25089 0 
1 5.25388 0 
1 5.25686 0 
1 5.25985 0 
1 5.26283 0 
1 5.26582 0 
1 5.2688 0 
1 5.27179 0 
1 5.27477 0 
1 5.27776 0 
1 5.28074 0 
1 5.28372 0 
1 5.28671 0 
1 5.28969 0 
1 5.29268 0 
1 5.29566 0 
1 5.29865 0 
1 5.30163 0 
1 5.30462 0 
1 5.3076 0 
1 5.31059 0 
1 5.31357 0 
1 5.31656 0 
1 5.31954 0 
1 5.32253 0 
1 5.32551 0 
1 5.3285 0 
1 5.33148 0 
1 5.33446 0 
1 5.33745 0 
1 5.34043 0 
1 5.34342 0 
1 5.3464 0 
1 5.34939 0 
1 5.35237 0 
1 5.35536 0 
1 5.35834 0 
1 5.36133 0 
1 5.36431 0 
1 5.3673 0 
1 5.37028 0 
1 5.37327 0 
1 5.37625 0 
1 5.37924 0 
1 5.38222 0 
1 5.38521 0 
1 5.38819 0 
1 5.39118 0 
1 5.39416 0 
1 5.39715 0 
1 5.40013 0 
1 5.40312 0 
1 5.4061 0 
1 5.40909 0 
1 5.41207 0 
1 5.41506 0 
1 5.41804 0 
1 5.42102 0 
1 5.42401 0 
1 5.42699 0 
1 5.42998 0 
1 5.43296 0 
1 5.43595 0 
1 5.43893 0 
1 5.44192 0 
1 5.4449 0 
1 5.44789 0 
1 5.45087 0 
1 5.45386 0 
1 5.45684 0 
1 5.45983 0 
1 5.46281 0 
1 5.46579 0 
1 5.46878 0 
1 5.47176 0 
1 5.47475 0 
1 5.47773 0 
1 5.48072 0 
1 5.4837 0 
1 5.48669 0 
1 5.48967 0 
1 5.49265 0 
1 5.49564 0 
1 5.49862 0 
1 5.50161 0 
1 5.50459 0 
1 5.50758 0 
1 5.51056 0 
1 5.51355 0 
1 5.51653 0 
1 5.51951 0 
1 5.5225 0 
1 5.52548 0 
1 5.52847 0 
1 5.53145 0 
1 5.53443 0 
1 5.53742 0 
1 5.5404 0 
1 5.54339 0 
1 5.54637 0 
1 5.54935 0 
1 5.55234 0 
1 5.55532 0 
1 5.55831 0 
1 5.56129 0 
1 5.56427 0 
1 5.56726 0 
1 5.57024 0 
1 5.57323 0 
1 5.57621 0 
1 5.57919 0 
1 5.58218 0 
1 5.58516 0 
1 5.58815 0 
1 5.59113 0 
1 5.59411 0 
1 5.5971 0 
1 5.60008 0 
1 5.60306 0 
1 5.60605 0 
1 5.60903 0 
1 5.61201 0 
1 5.615 0 
1 5.61798 0 
1 5.62096 0 
1 5.62395 0 
1 5.62693 0 
1 5.62992 0 
1 5.6329 0 
1 5.63588 0 
1 5.63887 0 
1 5.64185 0 
1 5.64483 0 
1 5.64782 0 
1 5.6508 0 
1 5.65378 0 
1 5.65676 0 
1 5.65975 0 
1 5.66273 0 
1 5.66571 0 
1 5.6687 0 
1 5.67168 0 
1 5.67466 0 
1 5.67765 0 
1 5.68063 0 
1 5.68361 0 
1 5.6866 0 
1 5.68958 0 
1 5.69256 0 
1 5.69555 0 
1 5.69853 0 
1 5.70151 0 
1 5.70449 0 
1 5.70748 0 
1 5.71046 0 
1 5.71344 0 
1 5.71643 0 
1 5.71941 0 
1 5.72239 0 
1 5.72537 0 
1 5.72836 0 
1 5.73134 0 
1 5.73432 0 
1 5.73731 0 
1 5.74029 0 
1 5.74327 0 
1 5.74625 0 
1 5.74924 0 
1 5.75222 0 
1 5.7552 0 
1 5.75818 0 
1 5.76117 0 
1 5.76415 0 
1 5.76713 0 
1 5.77011 0 
1 5.7731 0 
1 5.77608 0 
1 5.77906 0 
1 5.78205 0 
1 5.78503 0 
1 5.78801 0 
1 5.79099 0 
1 5.79397 0 
1 5.79696 0 
1 5.79994 0 
1 5.80292 0 
1 5.8059 0 
1 5.80889 0 
1 5.81187 0 
1 5.81485 0 
1 5.81783 0 
1 5.82081 0 
1 5.8238 0 
1 5.82678 0 
1 5.82976 0 
1 5.83274 0 
1 5.83573 0 
1 5.83871 0 
1 5.84169 0 
1 5.84467 0 
1 5.84766 0 
1 5.85064 0 
1 5.85362 0 
1 5.8566 0 
1 5.85958 0 
1 5.86257 0 
1 5.86555 0 
1 5.86853 0 
1 5.87151 0 
1 5.87449 0 
1 5.87748 0 
1 5.88046 0 
1 5.88344 0 
1 5.88642 0 
1 5.8894 0 
1 5.89239 0 
1 5.89537 0 
1 5.89835 0 
1 5.90133 0 
1 5.90431 0 
1 5.90729 0 
1 5.91028 0 
1 5.91326 0 
1 5.91624 0 
1 5.91922 0 
1 5.9222 0 
1 5.92518 0 
1 5.92817 0 
1 5.93115 0 
1 5.93413 0 
1 5.93711 0 
1 5.94009 0 
1 5.94308 0 
1 5.94606 0 
1 5.94904 0 
1 5.95202 0 
1 5.955 0 
1 5.95798 0 
1 5.96097 0 
1 5.96395 0 
1 5.96693 0 
1 5.96991 0 
1 5.97289 0 
1 5.97587 0 
1 5.97886 0 
1 5.98184 0 
1 5.98482 0 
1 5.9878 0 
1 5.99078 0 
1 5.99376 0 
1 5.99674 0 
1 5.99973 0 
1 6.00271 0 
1 6.00569 0 
1 6.00867 0 
1 6.01165 0 
1 6.01463 0 
1 6.01762 0 
1 6.0206 0 
1 6.02358 0 
1 6.02656 0 
1 6.02954 0 
1 6.03252 0 
1 6.0355 0 
1 6.03849 0 
1 6.04147 0 
1 6.04445 0 
1 6.04743 0 
1 6.05041 0 
1 6.05339 0 
1 6.05637 0 
1 6.05935 0 
1 6.06234 0 
1 6.06532 0 
1 6.0683 0 
1 6.07128 0 
1 6.07426 0 
1 6.07724 0 
1 6.08022 0 
1 6.08321 0 
1 6.08619 0 
1 6.08917 0 
1 6.09215 0 
1 6.09513 0 
1 6.09811 0 
1 6.10109 0 
1 6.10407 0 
1 6.10705 0 
1 6.11004 0 
1 6.11302 0 
1 6.116 0 
1 6.11898 0 
1 6.12196 0 
1 6.12494 0 
1 6.12792 0 
1 6.1309 0 
1 6.13389 0 
1 6.13687 0 
1 6.13985 0 
1 6.14283 0 
1 6.14581 0 
1 6.14879 0 
1 6.15177 0 
1 6.15475 0 
1 6.15774 0 
1 6.16072 0 
1 6.1637 0 
1 6.16668 0 
1 6.16966 0 
1 6.17264 0 
1 6.17562 0 
1 6.1786 0 
1 6.18158 0 
1 6.18457 0 
1 6.18755 0 
1 6.19053 0 
1 6.19351 0 
1 6.19649 0 
1 6.19947 0 
1 6.20245 0 
1 6.20543 0 
1 6.20841 0 
1 6.21139 0 
1 6.21438 0 
1 6.21736 0 
1 6.22034 0 
1 6.22332 0 
1 6.2263 0 
1 6.22928 0 
1 6.23226 0 
1 6.23524 0 
1 6.23822 0 
1 6.2412 0 
1 6.24419 0 
1 6.24717 0 
1 6.25015 0 
1 6.25313 0 
1 6.25611 0 
1 6.25909 0 
1 6.26207 0 
1 6.26505 0 
1 6.26803 0 
1 6.27101 0 
1 6.274 0 
1 6.27698 0 
1 6.27996 0 
1 6.28294 0 
1 6.28592 0 
1 6.2889 0 
1 6.29188 0 
1 6.29486 0 
1 6.29784 0 
1 6.30082 0 
1 6.30381 0 
1 6.30679 0 
1 6.30977 0 
1 6.31275 0 
1 6.31573 0 
1 6.31871 0 
1 6.32169 0 
1 6.32467 0 
1 6.32765 0 
1 6.33063 0 
1 6.33362 0 
1 6.3366 0 
1 6.33958 0 
1 6.34256 0 
1 6.34554 0 
1 6.34852 0 
1 6.3515 0 
1 6.35448 0 
1 6.35746 0 
1 6.36044 0 
1 6.36342 0 
1 6.3664 0 
1 6.36939 0 
1 6.37237 0 
1 6.37535 0 
1 6.37833 0 
1 6.38131 0 
1 6.38429 0 
1 6.38727 0 
1 6.39025 0 
1 6.39323 0 
1 6.39621 0 
1 6.39919 0 
1 6.40217 0 
1 6.40516 0 
1 6.40814 0 
1 6.41112 0 
1 6.4141 0 
1 6.41708 0 
1 6.42006 0 
1 6.42304 0 
1 6.42602 0 
1 6.429 0 
1 6.43198 0 
1 6.43496 0 
1 6.43795 0 
1 6.44093 0 
1 6.44391 0 
1 6.44689 0 
1 6.44987 0 
1 6.45285 0 
1 6.45583 0 
1 6.45881 0 
1 6.46179 0 
1 6.46477 0 
1 6.46775 0 
1 6.47073 0 
1 6.47371 0 
1 6.4767 0 
1 6.47968 0 
1 6.48266 0 
1 6.48564 0 
1 6.48862 0 
1 6.4916 0 
1 6.49458 0 
1 6.49756 0 
1 6.50054 0 
1 6.50352 0 
1 6.5065 0 
1 6.50948 0 
1 6.51247 0 
1 6.51545 0 
1 6.51843 0 
1 6.52141 0 
1 6.52439 0 
1 6.52737 0 
1 6.53035 0 
1 6.53333 0 
1 6.53631 0 
1 6.53929 0 
1 6.54227 0 
1 6.54525 0 
1 6.54823 0 
1 6.55121 0 
1 6.5542 0 
1 6.55718 0 
1 6.56016 0 
1 6.56314 0 
1 6.56612 0 
1 6.5691 0 
1 6.57208 0 
1 6.57506 0 
1 6.57804 0 
1 6.58102 0 
1 6.584 0 
1 6.58698 0 
1 6.58996 0 
1 6.59295 0 
1 6.59593 0 
1 6.59891 0 
1 6.60189 0 
1 6.60487 0 
1 6.60785 0 
1 6.61083 0 
1 6.61381 0 
1 6.61679 0 
1 6.61977 0 
1 6.62275 0 
1 6.62573 0 
1 6.62871 0 
1 6.63169 0 
1 6.63468 0 
1 6.63766 0 
1 6.64064 0 
1 6.64362 0 
1 6.6466 0 
1 6.64958 0 
1 6.65256 0 
1 6.65554 0 
1 6.65852 0 
1 6.6615 0 
1 6.66448 0 
1 6.66746 0 
1 6.67044 0 
1 6.67343 0 
1 6.67641 0 
1 6.67939 0 
1 6.68237 0 
1 6.68535 0 
1 6.68833 0 
1 6.69131 0 
1 6.69429 0 
1 6.69727 0 
1 6.70025 0 
1 6.70323 0 
1 6.70621 0 
1 6.70919 0 
1 6.71217 0 
1 6.71516 0 
1 6.71814 0 
1 6.72112 0 
1 6.7241 0 
1 6.72708 0 
1 6.73006 0 
1 6.73304 0 
1 6.73602 0 
1 6.739 0 
1 6.74198 0 
1 6.74496 0 
1 6.74794 0 
1 6.75092 0 
1 6.7539 0 
1 6.75689 0 
1 6.75987 0 
1 6.76285 0 
1 6.76583 0 
1 6.76881 0 
1 6.77179 0 
1 6.77477 0 
1 6.77775 0 
1 6.78073 0 
1 6.78371 0 
1 6.78669 0 
1 6.78967 0 
1 6.79265 0 
1 6.79563 0 
1 6.79862 0 
1 6.8016 0 
1 6.80458 0 
1 6.80756 0 
1 6.81054 0 
1 6.81352 0 
1 6.8165 0 
1 6.81948 0 
1 6.82246 0 
1 6.82544 0 
1 6.82842 0 
1 6.8314 0 
1 6.83438 0 
1 6.83736 0 
1 6.84034 0 
1 6.84333 0 
1 6.84631 0 
1 6.84929 0 
1 6.85227 0 
1 6.85525 0 
1 6.85823 0 
1 6.86121 0 
1 6.86419 0 
1 6.86717 0 
1 6.87015 0 
1 6.87313 0 
1 6.87611 0 
1 6.87909 0 
1 6.88207 0 
1 6.88506 0 
1 6.88804 0 
1 6.89102 0 
1 6.894 0 
1 6.89698 0 
1 6.89996 0 
1 6.90294 0 
1 6.90592 0 
1 6.9089 0 
1 6.91188 0 
1 6.91486 0 
1 6.91784 0 
1 6.92082 0 
1 6.9238 0 
1 6.92678 0 
1 6.92977 0 
1 6.93275 0 
1 6.93573 0 
1 6.93871 0 
1 6.94169 0 
1 6.94467 0 
1 6.94765 0 
1 6.95063 0 
1 6.95361 0 
1 6.95659 0 
1 6.95957 0 
1 6.96255 0 
1 6.96553 0 
1 6.96851 0 
1 6.97149 0 
1 6.97448 0 
1 6.97746 0 
1 6.98044 0 
1 6.98342 0 
1 6.9864 0 
1 6.98938 0 
1 6.99236 0 
1 6.99534 0 
1 6.99832 0 
1 7.0013 0 
1 7.00428 0 
1 7.00726 0 
1 7.01024 0 
1 7.01322 0 
1 7.0162 0 
1 7.01919 0 
1 7.02217 0 
1 7.02515 0 
1 7.02813 0 
1 7.03111 0 
1 7.03409 0 
1 7.03707 0 
1 7.04005 0 
1 7.04303 0 
1 7.04601 0 
1 7.04899 0 
1 7.05197 0 
1 7.05495 0 
1 7.05793 0 
1 7.06091 0 
1 7.0639 0 
1 7.06688 0 
1 7.06986 0 
1 7.07284 0 
1 7.07582 0 
1 7.0788 0 
1 7.08178 0 
1 7.08476 0 
1 7.08774 0 
1 7.09072 0 
1 7.0937 0 
1 7.09668 0 
1 7.09966 0 
1 7.10264 0 
1 7.10562 0 
1 7.10861 0 
1 7.11159 0 
1 7.11457 0 
1 7.11755 0 
1 7.12053 0 
1 7.12351 0 
1 7.12649 0 
1 7.12947 0 
1 7.13245 0 
1 7.13543 0 
1 7.13841 0 
1 7.14139 0 
1 7.14437 0 
1 7.14735 0 
1 7.15033 0 
1 7.15332 0 
1 7.1563 0 
1 7.15928 0 
1 7.16226 0 
1 7.16524 0 
1 7.16822 0 
1 7.1712 0 
1 7.17418 0 
1 7.17716 0 
1 7.18014 0 
1 7.18312 0 
1 7.1861 0 
1 7.18908 0 
1 7.19206 0 
1 7.19504 0 
1 7.19803 0 
1 7.20101 0 
1 7.20399 0 
1 7.20697 0 
1 7.20995 0 
1 7.21293 0 
1 7.21591 0 
1 7.21889 0 
1 7.22187 0 
1 7.22485 0 
1 7.22783 0 
1 7.23081 0 
1 7.23379 0 
1 7.23677 0 
1 7.23975 0 
1 7.24274 0 
1 7.24572 0 
1 7.2487 0 
1 7.25168 0 
1 7.25466 0 
1 7.25764 0 
1 7.26062 0 
1 7.2636 0 
1 7.26658 0 
1 7.26956 0 
1 7.27254 0 
1 7.27552 0 
1 7.2785 0 
1 7.28148 0 
1 7.28446 0 
1 7.28745 0 
1 7.29043 0 
1 7.29341 0 
1 7.29639 0 
1 7.29937 0 
1 7.30235 0 
1 7.30533 0 
1 7.30831 0 
1 7.31129 0 
1 7.31427 0 
1 7.31725 0 
1 7.32023 0 
1 7.32321 0 
1 7.32619 0 
1 7.32917 0 
1 7.33215 0 
1 7.33514 0 
1 7.33812 0 
1 7.3411 0 
1 7.34408 0 
1 7.34706 0 
1 7.35004 0 
1 7.35302 0 
1 7.356 0 
1 7.35898 0 
1 7.36196 0 
1 7.36494 0 
1 7.36792 0 
1 7.3709 0 
1 7.37388 0 
1 7.37686 0 
1 7.37985 0 
1 7.38283 0 
1 7.38581 0 
1 7.38879 0 
1 7.39177 0 
1 7.39475 0 
1 7.39773 0 
1 7.40071 0 
1 7.40369 0 
1 7.40667 0 
1 7.40965 0 
1 7.41263 0 
1 7.41561 0 
1 7.41859 0 
1 7.42157 0 
1 7.42456 0 
1 7.42754 0 
1 7.43052 0 
1 7.4335 0 
1 7.43648 0 
1 7.43946 0 
1 7.44244 0 
1 7.44542 0 
1 7.4484 0 
1 7.45138 0 
1 7.45436 0 
1 7.45734 0 
1 7.46032 0 
1 7.4633 0 
1 7.46628 0 
1 7.46927 0 
1 7.47225 0 
1 7.47523 0 
1 7.47821 0 
1 7.48119 0 
1 7.48417 0 
1 7.48715 0 
1 7.49013 0 
1 7.49311 0 
1 7.49609 0 
1 7.49907 0 
1 7.50205 0 
1 7.50503 0 
1 7.50801 0 
1 7.51099 0 
1 7.51397 0 
1 7.51696 0 
1 7.51994 0 
1 7.52292 0 
1 7.5259 0 
1 7.52888 0 
1 7.53186 0 
1 7.53484 0 
1 7.53782 0 
1 7.5408 0 
1 7.54378 0 
1 7.54676 0 
1 7.54974 0 
1 7.55272 0 
1 7.5557 0 
1 7.55868 0 
1 7.56166 0 
1 7.56465 0 
1 7.56763 0 
1 7.57061 0 
1 7.57359 0 
1 7.57657 0 
1 7.57955 0 
1 7.58253 0 
1 7.58551 0 
1 7.58849 0 
1 7.59147 0 
1 7.59445 0 
1 7.59743 0 
1 7.60041 0 
1 7.60339 0 
1 7.60637 0 
1 7.60936 0 
1 7.61234 0 
1 7.61532 0 
1 7.6183 0 
1 7.62128 0 
1 7.62426 0 
1 7.62724 0 
1 7.63022 0 
1 7.6332 0 
1 7.63618 0 
1 7.63916 0 
1 7.64214 0 
1 7.64512 0 
1 7.6481 0 
1 7.65108 0 
1 7.65407 0 
1 7.65705 0 
1 7.66003 0 
1 7.66301 0 
1 7.66599 0 
1 7.66897 0 
1 7.67195 0 
1 7.67493 0 
1 7.67791 0 
1 7.68089 0 
1 7.68387 0 
1 7.68685 0 
1 7.68983 0 
1 7.69281 0 
1 7.69579 0 
1 7.69878 0 
1 7.70176 0 
1 7.70474 0 
1 7.70772 0 
1 7.7107 0 
1 7.71368 0 
1 7.71666 0 
1 7.71964 0 
1 7.72262 0 
1 7.7256 0 
1 7.72858 0 
1 7.73156 0 
1 7.73454 0 
1 7.73752 0 
1 7.7405 0 
1 7.74348 0 
1 7.74646 0 
1 7.74945 0 
1 7.75243 0 
1 7.75541 0 
1 7.75839 0 
1 7.76137 0 
1 7.76435 0 
1 7.76733 0 
1 7.77031 0 
1 7.77329 0 
1 7.77627 0 
1 7.77925 0 
1 7.78223 0 
1 7.78521 0 
1 7.78819 0 
1 7.79117 0 
1 7.79416 0 
1 7.79714 0 
1 7.80012 0 
1 7.8031 0 
1 7.80608 0 
1 7.80906 0 
1 7.81204 0 
1 7.81502 0 
1 7.818 0 
1 7.82098 0 
1 7.82396 0 
1 7.82694 0 
1 7.82992 0 
1 7.8329 0 
1 7.83588 0 
1 7.83887 0 
1 7.84185 0 
1 7.84483 0 
1 7.84781 0 
1 7.85079 0 
1 7.85377 0 
1 7.85675 0 
1 7.85973 0 
1 7.86271 0 
1 7.86569 0 
1 7.86867 0 
1 7.87165 0 
1 7.87463 0 
1 7.87761 0 
1 7.88059 0 
1 7.88358 0 
1 7.88656 0 
1 7.88954 0 
1 7.89252 0 
1 7.8955 0 
1 7.89848 0 
1 7.90146 0 
1 7.90444 0 
1 7.90742 0 
1 7.9104 0 
1 7.91338 0 
1 7.91636 0 
1 7.91934 0 
1 7.92232 0 
1 7.9253 0 
1 7.92828 0 
1 7.93127 0 
1 7.93425 0 
1 7.93723 0 
1 7.94021 0 
1 7.94319 0 
1 7.94617 0 
1 7.94915 0 
1 7.95213 0 
1 7.95511 0 
1 7.95809 0 
1 7.96107 0 
1 7.96405 0 
1 7.96703 0 
1 7.97001 0 
1 7.97299 0 
1 7.97597 0 
1 7.97896 0 
1 7.98194 0 
1 7.98492 0 
1 7.9879 0 
1 7.99088 0 
1 7.99386 0 
1 7.99684 0 
1 7.99982 0 
1 8.0028 0 
1 8.00578 0 
1 8.00876 0 
1 8.01174 0 
1 8.01472 0 
1 8.0177 0 
1 8.02068 0 
1 8.02367 0 
1 8.02665 0 
1 8.02963 0 
1 8.03261 0 
1 8.03559 0 
1 8.03857 0 
1 8.04155 0 
1 8.04453 0 
1 8.04751 0 
1 8.05049 0 
1 8.05347 0 
1 8.05645 0 
1 8.05943 0 
1 8.06241 0 
1 8.06539 0 
1 8.06838 0 
1 8.07136 0 
1 8.07434 0 
1 8.07732 0 
1 8.0803 0 
1 8.08328 0 
1 8.08626 0 
1 8.08924 0 
1 8.09222 0 
1 8.0952 0 
1 8.09818 0 
1 8.10116 0 
1 8.10414 0 
1 8.10712 0 
1 8.1101 0 
1 8.11308 0 
1 8.11606 0 
1 8.11905 0 
1 8.12203 0 
1 8.12501 0 
1 8.12799 0 
1 8.13097 0 
1 8.13395 0 
1 8.13693 0 
1 8.13991 0 
1 8.14289 0 
1 8.14587 0 
1 8.14885 0 
1 8.15183 0 
1 8.15481 0 
1 8.15779 0 
1 8.16077 0 
1 8.16376 0 
1 8.16674 0 
1 8.16972 0 
1 8.1727 0 
1 8.17568 0 
1 8.17866 0 
1 8.18164 0 
1 8.18462 0 
1 8.1876 0 
1 8.19058 0 
1 8.19356 0 
1 8.19654 0 
1 8.19952 0 
1 8.2025 0 
1 8.20548 0 
1 8.20847 0 
1 8.21145 0 
1 8.21443 0 
1 8.21741 0 
1 8.22039 0 
1 8.22337 0 
1 8.22635 0 
1 8.22933 0 
1 8.23231 0 
1 8.23529 0 
1 8.23827 0 
1 8.24125 0 
1 8.24423 0 
1 8.24721 0 
1 8.25019 0 
1 8.25317 0 
1 8.25616 0 
1 8.25914 0 
1 8.26212 0 
1 8.2651 0 
1 8.26808 0 
1 8.27106 0 
1 8.27404 0 
1 8.27702 0 
1 8.28 0 
1 8.28298 0 
1 8.28596 0 
1 8.28894 0 
1 8.29192 0 
1 8.2949 0 
1 8.29788 0 
1 8.30086 0 
1 8.30385 0 
1 8.30683 0 
1 8.30981 0 
1 8.31279 0 
1 8.31577 0 
1 8.31875 0 
1 8.32173 0 
1 8.32471 0 
1 8.32769 0 
1 8.33067 0 
1 8.33365 0 
1 8.33663 0 
1 8.33961 0 
1 8.34259 0 
1 8.34557 0 
1 8.34856 0 
1 8.35154 0 
1 8.35452 0 
1 8.3575 0 
1 8.36048 0 
1 8.36346 0 
1 8.36644 0 
1 8.36942 0 
1 8.3724 0 
1 8.37538 0 
1 8.37836 0 
1 8.38134 0 
1 8.38432 0 
1 8.3873 0 
1 8.39028 0 
1 8.39327 0 
1 8.39625 0 
1 8.39923 0 
1 8.40221 0 
1 8.40519 0 
1 8.40817 0 
1 8.41115 0 
1 8.41413 0 
1 8.41711 0 
1 8.42009 0 
1 8.42307 0 
1 8.42605 0 
1 8.42903 0 
1 8.43201 0 
1 8.43499 0 
1 8.43797 0 
1 8.44095 0 
1 8.44394 0 
1 8.44692 0 
1 8.4499 0 
1 8.45288 0 
1 8.45586 0 
1 8.45884 0 
1 8.46182 0 
1 8.4648 0 
1 8.46778 0 
1 8.47076 0 
1 8.47374 0 
1 8.47672 0 
1 8.4797 0 
1 8.48268 0 
1 8.48566 0 
1 8.48865 0 
1 8.49163 0 
1 8.49461 0 
1 8.49759 0 
1 8.50057 0 
1 8.50355 0 
1 8.50653 0 
1 8.50951 0 
1 8.51249 0 
1 8.51547 0 
1 8.51845 0 
1 8.52143 0 
1 8.52441 0 
1 8.52739 0 
1 8.53037 0 
1 8.53336 0 
1 8.53634 0 
1 8.53932 0 
1 8.5423 0 
1 8.54528 0 
1 8.54826 0 
1 8.55124 0 
1 8.55422 0 
1 8.5572 0 
1 8.56018 0 
1 8.56316 0 
1 8.56614 0 
1 8.56912 0 
1 8.5721 0 
1 8.57508 0 
1 8.57806 0 
1 8.58104 0 
1 8.58403 0 
1 8.58701 0 
1 8.58999 0 
1 8.59297 0 
1 8.59595 0 
1 8.59893 0 
1 8.60191 0 
1 8.60489 0 
1 8.60787 0 
1 8.61085 0 
1 8.61383 0 
1 8.61681 0 
1 8.61979 0 
1 8.62277 0 
1 8.62575 0 
1 8.62874 0 
1 8.63172 0 
1 8.6347 0 
1 8.63768 0 
1 8.64066 0 
1 8.64364 0 
1 8.64662 0 
1 8.6496 0 
1 8.65258 0 
1 8.65556 0 
1 8.65854 0 
1 8.66152 0 
1 8.6645 0 
1 8.66748 0 
1 8.67046 0 
1 8.67345 0 
1 8.67643 0 
1 8.67941 0 
1 8.68239 0 
1 8.68537 0 
1 8.68835 0 
1 8.69133 0 
1 8.69431 0 
1 8.69729 0 
1 8.70027 0 
1 8.70325 0 
1 8.70623 0 
1 8.70921 0 
1 8.71219 0 
1 8.71517 0 
1 8.71815 0 
1 8.72113 0 
1 8.72412 0 
1 8.7271 0 
1 8.73008 0 
1 8.73306 0 
1 8.73604 0 
1 8.73902 0 
1 8.742 0 
1 8.74498 0 
1 8.74796 0 
1 8.75094 0 
1 8.75392 0 
1 8.7569 0 
1 8.75988 0 
1 8.76286 0 
1 8.76584 0 
1 8.76883 0 
1 8.77181 0 
1 8.77479 0 
1 8.77777 0 
1 8.78075 0 
1 8.78373 0 
1 8.78671 0 
1 8.78969 0 
1 8.79267 0 
1 8.79565 0 
1 8.79863 0 
1 8.80161 0 
1 8.80459 0 
1 8.80757 0 
1 8.81055 0 
1 8.81353 0 
1 8.81651 0 
1 8.8195 0 
1 8.82248 0 
1 8.82546 0 
1 8.82844 0 
1 8.83142 0 
1 8.8344 0 
1 8.83738 0 
1 8.84036 0 
1 8.84334 0 
1 8.84632 0 
1 8.8493 0 
1 8.85228 0 
1 8.85526 0 
1 8.85824 0 
1 8.86122 0 
1 8.86421 0 
1 8.86719 0 
1 8.87017 0 
1 8.87315 0 
1 8.87613 0 
1 8.87911 0 
1 8.88209 0 
1 8.88507 0 
1 8.88805 0 
1 8.89103 0 
1 8.89401 0 
1 8.89699 0 
1 8.89997 0 
1 8.90295 0 
1 8.90593 0 
1 8.90892 0 
1 8.9119 0 
1 8.91488 0 
1 8.91786 0 
1 8.92084 0 
1 8.92382 0 
1 8.9268 0 
1 8.92978 0 
1 8.93276 0 
1 8.93574 0 
1 8.93872 0 
1 8.9417 0 
1 8.94468 0 
1 8.94766 0 
1 8.95064 0 
1 8.95362 0 
1 8.9566 0 
1 8.95959 0 
1 8.96257 0 
1 8.96555 0 
1 8.96853 0 
1 8.97151 0 
1 8.97449 0 
1 8.97747 0 
1 8.98045 0 
1 8.98343 0 
1 8.98641 0 
1 8.98939 0 
1 8.99237 0 
1 8.99535 0 
1 8.99833 0 
1 9.00131 0 
1 9.0043 0 
1 9.00728 0 
1 9.01026 0 
1 9.01324 0 
1 9.01622 0 
1 9.0192 0 
1 9.02218 0 
1 9.02516 0 
1 9.02814 0 
1 9.03112 0 
1 9.0341 0 
1 9.03708 0 
1 9.04006 0 
1 9.04304 0 
1 9.04602 0 
1 9.04901 0 
1 9.05199 0 
1 9.05497 0 
1 9.05795 0 
1 9.06093 0 
1 9.06391 0 
1 9.06689 0 
1 9.06987 0 
1 9.07285 0 
1 9.07583 0 
1 9.07881 0 
1 9.08179 0 
1 9.08477 0 
1 9.08775 0 
1 9.09073 0 
1 9.09371 0 
1 9.09669 0 
1 9.09968 0 
1 9.10266 0 
1 9.10564 0 
1 9.10862 0 
1 9.1116 0 
1 9.11458 0 
1 9.11756 0 
1 9.12054 0 
1 9.12352 0 
1 9.1265 0 
1 9.12948 0 
1 9.13246 0 
1 9.13544 0 
1 9.13842 0 
1 9.1414 0 
1 9.14439 0 
1 9.14737 0 
1 9.15035 0 
1 9.15333 0 
1 9.15631 0 
1 9.15929 0 
1 9.16227 0 
1 9.16525 0 
1 9.16823 0 
1 9.17121 0 
1 9.17419 0 
1 9.17717 0 
1 9.18015 0 
1 9.18313 0 
1 9.18611 0 
1 9.18909 0 
1 9.19207 0 
1 9.19506 0 
1 9.19804 0 
1 9.20102 0 
1 9.204 0 
1 9.20698 0 
1 9.20996 0 
1 9.21294 0 
1 9.21592 0 
1 9.2189 0 
1 9.22188 0 
1 9.22486 0 
1 9.22784 0 
1 9.23082 0 
1 9.2338 0 
1 9.23678 0 
1 9.23977 0 
1 9.24275 0 
1 9.24573 0 
1 9.24871 0 
1 9.25169 0 
1 9.25467 0 
1 9.25765 0 
1 9.26063 0 
1 9.26361 0 
1 9.26659 0 
1 9.26957 0 
1 9.27255 0 
1 9.27553 0 
1 9.27851 0 
1 9.28149 0 
1 9.28448 0 
1 9.28746 0 
1 9.29044 0 
1 9.29342 0 
1 9.2964 0 
1 9.29938 0 
1 9.30236 0 
1 9.30534 0 
1 9.30832 0 
1 9.3113 0 
1 9.31428 0 
1 9.31726 0 
1 9.32024 0 
1 9.32322 0 
1 9.3262 0 
1 9.32918 0 
1 9.33216 0 
1 9.33515 0 
1 9.33813 0 
1 9.34111 0 
1 9.34409 0 
1 9.34707 0 
1 9.35005 0 
1 9.35303 0 
1 9.35601 0 
1 9.35899 0 
1 9.36197 0 
1 9.36495 0 
1 9.36793 0 
1 9.37091 0 
1 9.37389 0 
1 9.37687 0 
1 9.37986 0 
1 9.38284 0 
1 9.38582 0 
1 9.3888 0 
1 9.39178 0 
1 9.39476 0 
1 9.39774 0 
1 9.40072 0 
1 9.4037 0 
1 9.40668 0 
1 9.40966 0 
1 9.41264 0 
1 9.41562 0 
1 9.4186 0 
1 9.42158 0 
1 9.42456 0 
1 9.42755 0 
1 9.43053 0 
1 9.43351 0 
1 9.43649 0 
1 9.43947 0 
1 9.44245 0 
1 9.44543 0 
1 9.44841 0 
1 9.45139 0 
1 9.45437 0 
1 9.45735 0 
1 9.46033 0 
1 9.46331 0 
1 9.46629 0 
1 9.46927 0 
1 9.47225 0 
1 9.47524 0 
1 9.47822 0 
1 9.4812 0 
1 9.48418 0 
1 9.48716 0 
1 9.49014 0 
1 9.49312 0 
1 9.4961 0 
1 9.49908 0 
1 9.50206 0 
1 9.50504 0 
1 9.50802 0 
1 9.511 0 
1 9.51398 0 
1 9.51696 0 
1 9.51994 0 
1 9.52293 0 
1 9.52591 0 
1 9.52889 0 
1 9.53187 0 
1 9.53485 0 
1 9.53783 0 
1 9.54081 0 
1 9.54379 0 
1 9.54677 0 
1 9.54975 0 
1 9.55273 0 
1 9.55571 0 
1 9.55869 0 
1 9.56167 0 
1 9.56465 0 
1 9.56764 0 
1 9.57062 0 
1 9.5736 0 
1 9.57658 0 
1 9.57956 0 
1 9.58254 0 
1 9.58552 0 
1 9.5885 0 
1 9.59148 0 
1 9.59446 0 
1 9.59744 0 
1 9.60042 0 
1 9.6034 0 
1 9.60638 0 
1 9.60936 0 
1 9.61235 0 
1 9.61533 0 
1 9.61831 0 
1 9.62129 0 
1 9.62427 0 
1 9.62725 0 
1 9.63023 0 
1 9.63321 0 
1 9.63619 0 
1 9.63917 0 
1 9.64215 0 
1 9.64513 0 
1 9.64811 0 
1 9.65109 0 
1 9.65407 0 
1 9.65705 0 
1 9.66003 0 
1 9.66302 0 
1 9.666 0 
1 9.66898 0 
1 9.67196 0 
1 9.67494 0 
1 9.67792 0 
1 9.6809 0 
1 9.68388 0 
1 9.68686 0 
1 9.68984 0 
1 9.69282 0 
1 9.6958 0 
1 9.69878 0 
1 9.70176 0 
1 9.70474 0 
1 9.70773 0 
1 9.71071 0 
1 9.71369 0 
1 9.71667 0 
1 9.71965 0 
1 9.72263 0 
1 9.72561 0 
1 9.72859 0 
1 9.73157 0 
1 9.73455 0 
1 9.73753 0 
1 9.74051 0 
1 9.74349 0 
1 9.74647 0 
1 9.74945 0 
1 9.75243 0 
1 9.75541 0 
1 9.7584 0 
1 9.76138 0 
1 9.76436 0 
1 9.76734 0 
1 9.77032 0 
1 9.7733 0 
1 9.77628 0 
1 9.77926 0 
1 9.78224 0 
1 9.78522 0 
1 9.7882 0 
1 9.79118 0 
1 9.79416 0 
1 9.79714 0 
1 9.80012 0 
1 9.80311 0 
1 9.80609 0 
1 9.80907 0 
1 9.81205 0 
1 9.81503 0 
1 9.81801 0 
1 9.82099 0 
1 9.82397 0 
1 9.82695 0 
1 9.82993 0 
1 9.83291 0 
1 9.83589 0 
1 9.83887 0 
1 9.84185 0 
1 9.84483 0 
1 9.84781 0 
1 9.85079 0 
1 9.85378 0 
1 9.85676 0 
1 9.85974 0 
1 9.86272 0 
1 9.8657 0 
1 9.86868 0 
1 9.87166 0 
1 9.87464 0 
1 9.87762 0 
1 9.8806 0 
1 9.88358 0 
1 9.88656 0 
1 9.88954 0 
1 9.89252 0 
1 9.8955 0 
1 9.89849 0 
1 9.90147 0 
1 9.90445 0 
1 9.90743 0 
1 9.91041 0 
1 9.91339 0 
1 9.91637 0 
1 9.91935 0 
1 9.92233 0 
1 9.92531 0 
1 9.92829 0 
1 9.93127 0 
1 9.93425 0 
1 9.93723 0 
1 9.94021 0 
1 9.94319 0 
1 9.94617 0 
1 9.94916 0 
1 9.95214 0 
1 9.95512 0 
1 9.9581 0 
1 9.96108 0 
1 9.96406 0 
1 9.96704 0 
1 9.97002 0 
1 9.973 0 
1 9.97598 0 
1 9.97896 0 
1 9.98194 0 
1 9.98492 0 
1 9.9879 0 
1 9.99088 0 
1 9.99387 0 
1 9.99685 0 
1 9.99983 0 
1 10.0028 0 
1 10.0058 0 
1 10.0088 0 
1 10.0117 0 
1 10.0147 0 
1 10.0177 0 
1 10.0207 0 
1 10.0237 0 
1 10.0267 0 
1 10.0296 0 
1 10.0326 0 
1 10.0356 0 
1 10.0386 0 
1 10.0416 0 
1 10.0445 0 
1 10.0475 0 
1 10.0505 0 
1 10.0535 0 
1 10.0565 0 
1 10.0594 0 
1 10.0624 0 
1 10.0654 0 
1 10.0684 0 
1 10.0714 0 
1 10.0743 0 
1 10.0773 0 
1 10.0803 0 
1 10.0833 0 
1 10.0863 0 
1 10.0892 0 
1 10.0922 0 
1 10.0952 0 
1 10.0982 0 
1 10.1012 0 
1 10.1041 0 
1 10.1071 0 
1 10.1101 0 
1 10.1131 0 
1 10.1161 0 
1 10.119 0 
1 10.122 0 
1 10.125 0 
1 10.128 0 
1 10.131 0 
1 10.134 0 
1 10.1369 0 
1 10.1399 0 
1 10.1429 0 
1 10.1459 0 
1 10.1489 0 
1 10.1518 0 
1 10.1548 0 
1 10.1578 0 
1 10.1608 0 
1 10.1638 0 
1 10.1667 0 
1 10.1697 0 
1 10.1727 0 
1 10.1757 0 
1 10.1787 0 
1 10.1816 0 
1 10.1846 0 
1 10.1876 0 
1 10.1906 0 
1 10.1936 0 
1 10.1965 0 
1 10.1995 0 
1 10.2025 0 
1 10.2055 0 
1 10.2085 0 
1 10.2114 0 
1 10.2144 0 
1 10.2174 0 
1 10.2204 0 
1 10.2234 0 
1 10.2264 0 
1 10.2293 0 
1 10.2323 0 
1 10.2353 0 
1 10.2383 0 
1 10.2413 0 
1 10.2442 0 
1 10.2472 0 
1 10.2502 0 
1 10.2532 0 
1 10.2562 0 
1 10.2591 0 
1 10.2621 0 
1 10.2651 0 
1 10.2681 0 
1 10.2711 0 
1 10.274 0 
1 10.277 0 
1 10.28 0 
1 10.283 0 
1 10.286 0 
1 10.2889 0 
1 10.2919 0 
1 10.2949 0 
1 10.2979 0 
1 10.3009 0 
1 10.3038 0 
1 10.3068 0 
1 10.3098 0 
1 10.3128 0 
1 10.3158 0 
1 10.3188 0 
1 10.3217 0 
1 10.3247 0 
1 10.3277 0 
1 10.3307 0 
1 10.3337 0 
1 10.3366 0 
1 10.3396 0 
1 10.3426 0 
1 10.3456 0 
1 10.3486 0 
1 10.3515 0 
1 10.3545 0 
1 10.3575 0 
1 10.3605 0 
1 10.3635 0 
1 10.3664 0 
1 10.3694 0 
1 10.3724 0 
1 10.3754 0 
1 10.3784 0 
1 10.3814 0 
1 10.3843 0 
1 10.3873 0 
1 10.3903 0 
1 10.3933 0 
1 10.3963 0 
1 10.3992 0 
1 10.4022 0 
1 10.4052 0 
1 10.4082 0 
1 10.4112 0 
1 10.4141 0 
1 10.4171 0 
1 10.4201 0 
1 10.4231 0 
1 10.4261 0 
1 10.429 0 
1 10.432 0 
1 10.435 0 
1 10.438 0 
1 10.441 0 
1 10.4439 0 
1 10.4469 0 
1 10.4499 0 
1 10.4529 0 
1 10.4559 0 
1 10.4588 0 
1 10.4618 0 
1 10.4648 0 
1 10.4678 0 
1 10.4708 0 
1 10.4737 0 
1 10.4767 0 
1 10.4797 0 
1 10.4827 0 
1 10.4857 0 
1 10.4887 0 
1 10.4916 0 
1 10.4946 0 
1 10.4976 0 
1 10.5006 0 
1 10.5036 0 
1 10.5065 0 
1 10.5095 0 
1 10.5125 0 
1 10.5155 0 
1 10.5185 0 
1 10.5214 0 
1 10.5244 0 
1 10.5274 0 
1 10.5304 0 
1 10.5334 0 
1 10.5363 0 
1 10.5393 0 
1 10.5423 0 
1 10.5453 0 
1 10.5483 0 
1 10.5512 0 
1 10.5542 0 
1 10.5572 0 
1 10.5602 0 
1 10.5632 0 
1 10.5661 0 
1 10.5691 0 
1 10.5721 0 
1 10.5751 0 
1 10.5781 0 
1 10.5811 0 
1 10.584 0 
1 10.587 0 
1 10.59 0 
1 10.593 0 
1 10.596 0 
1 10.5989 0 
1 10.6019 0 
1 10.6049 0 
1 10.6079 0 
1 10.6109 0 
1 10.6138 0 
1 10.6168 0 
1 10.6198 0 
1 10.6228 0 
1 10.6258 0 
1 10.6287 0 
1 10.6317 0 
1 10.6347 0 
1 10.6377 0 
1 10.6407 0 
1 10.6436 0 
1 10.6466 0 
1 10.6496 0 
1 10.6526 0 
1 10.6556 0 
1 10.6585 0 
1 10.6615 0 
1 10.6645 0 
1 10.6675 0 
1 10.6705 0 
1 10.6734 0 
1 10.6764 0 
1 10.6794 0 
1 10.6824 0 
1 10.6854 0 
1 10.6884 0 
1 10.6913 0 
1 10.6943 0 
1 10.6973 0 
1 10.7003 0 
1 10.7033 0 
1 10.7062 0 
1 10.7092 0 
1 10.7122 0 
1 10.7152 0 
1 10.7182 0 
1 10.7211 0 
1 10.7241 0 
1 10.7271 0 
1 10.7301 0 
1 10.7331 0 
1 10.736 0 
1 10.739 0 
1 10.742 0 
1 10.745 0 
1 10.748 0 
1 10.7509 0 
1 10.7539 0 
1 10.7569 0 
1 10.7599 0 
1 10.7629 0 
1 10.7658 0 
1 10.7688 0 
1 10.7718 0 
1 10.7748 0 
1 10.7778 0 
1 10.7808 0 
1 10.7837 0 
1 10.7867 0 
1 10.7897 0 
1 10.7927 0 
1 10.7957 0 
1 10.7986 0 
1 10.8016 0 
1 10.8046 0 
1 10.8076 0 
1 10.8106 0 
1 10.8135 0 
1 10.8165 0 
1 10.8195 0 
1 10.8225 0 
1 10.8255 0 
1 10.8284 0 
1 10.8314 0 
1 10.8344 0 
1 10.8374 0 
1 10.8404 0 
1 10.8433 0 
1 10.8463 0 
1 10.8493 0 
1 10.8523 0 
1 10.8553 0 
1 10.8582 0 
1 10.8612 0 
1 10.8642 0 
1 10.8672 0 
1 10.8702 0 
1 10.8731 0 
1 10.8761 0 
1 10.8791 0 
1 10.8821 0 
1 10.8851 0 
1 10.8881 0 
1 10.891 0 
1 10.894 0 
1 10.897 0 
1 10.9 0 
1 10.903 0 
1 10.9059 0 
1 10.9089 0 
1 10.9119 0 
1 10.9149 0 
1 10.9179 0 
1 10.9208 0 
1 10.9238 0 
1 10.9268 0 
1 10.9298 0 
1 10.9328 0 
1 10.9357 0 
1 10.9387 0 
1 10.9417 0 
1 10.9447 0 
1 10.9477 0 
1 10.9506 0 
1 10.9536 0 
1 10.9566 0 
1 10.9596 0 
1 10.9626 0 
1 10.9655 0 
1 10.9685 0 
1 10.9715 0 
1 10.9745 0 
1 10.9775 0 
1 10.9805 0 
1 10.9834 0 
1 10.9864 0 
1 10.9894 0 
1 10.9924 0 
1 10.9954 0 
1 10.9983 0 
1 11.0013 0 
1 11.0043 0 
1 11.0073 0 
1 11.0103 0 
1 11.0132 0 
1 11.0162 0 
1 11.0192 0 
1 11.0222 0 
1 11.0252 0 
1 11.0281 0 
1 11.0311 0 
1 11.0341 0 
1 11.0371 0 
1 11.0401 0 
1 11.043 0 
1 11.046 0 
1 11.049 0 
1 11.052 0 
1 11.055 0 
1 11.0579 0 
1 11.0609 0 
1 11.0639 0 
1 11.0669 0 
1 11.0699 0 
1 11.0728 0 
1 11.0758 0 
1 11.0788 0 
1 11.0818 0 
1 11.0848 0 
1 11.0878 0 
1 11.0907 0 
1 11.0937 0 
1 11.0967 0 
1 11.0997 0 
1 11.1027 0 
1 11.1056 0 
1 11.1086 0 
1 11.1116 0 
1 11.1146 0 
1 11.1176 0 
1 11.1205 0 
1 11.1235 0 
1 11.1265 0 
1 11.1295 0 
1 11.1325 0 
1 11.1354 0 
1 11.1384 0 
1 11.1414 0 
1 11.1444 0 
1 11.1474 0 
1 11.1503 0 
1 11.1533 0 
1 11.1563 0 
1 11.1593 0 
1 11.1623 0 
1 11.1652 0 
1 11.1682 0 
1 11.1712 0 
1 11.1742 0 
1 11.1772 0 
1 11.1802 0 
1 11.1831 0 
1 11.1861 0 
1 11.1891 0 
1 11.1921 0 
1 11.1951 0 
1 11.198 0 
1 11.201 0 
1 11.204 0 
1 11.207 0 
1 11.21 0 
1 11.2129 0 
1 11.2159 0 
1 11.2189 0 
1 11.2219 0 
1 11.2249 0 
1 11.2278 0 
1 11.2308 0 
1 11.2338 0 
1 11.2368 0 
1 11.2398 0 
1 11.2427 0 
1 11.2457 0 
1 11.2487 0 
1 11.2517 0 
1 11.2547 0 
1 11.2576 0 
1 11.2606 0 
1 11.2636 0 
1 11.2666 0 
1 11.2696 0 
1 11.2725 0 
1 11.2755 0 
1 11.2785 0 
1 11.2815 0 
1 11.2845 0 
1 11.2875 0 
1 11.2904 0 
1 11.2934 0 
1 11.2964 0 
1 11.2994 0 
1 11.3024 0 
1 11.3053 0 
1 11.3083 0 
1 11.3113 0 
1 11.3143 0 
1 11.3173 0 
1 11.3202 0 
1 11.3232 0 
1 11.3262 0 
1 11.3292 0 
1 11.3322 0 
1 11.3352 0 
1 11.3381 0 
1 11.3411 0 
1 11.3441 0 
1 11.3471 0 
1 11.3501 0 
1 11.353 0 
1 11.356 0 
1 11.359 0 
1 11.362 0 
1 11.365 0 
1 11.3679 0 
1 11.3709 0 
1 11.3739 0 
1 11.3769 0 
1 11.3799 0 
1 11.3828 0 
1 11.3858 0 
1 11.3888 0 
1 11.3918 0 
1 11.3948 0 
1 11.3977 0 
1 11.4007 0 
1 11.4037 0 
1 11.4067 0 
1 11.4097 0 
1 11.4126 0 
1 11.4156 0 
1 11.4186 0 
1 11.4216 0 
1 11.4246 0 
1 11.4276 0 
1 11.4305 0 
1 11.4335 0 
1 11.4365 0 
1 11.4395 0 
1 11.4425 0 
1 11.4454 0 
1 11.4484 0 
1 11.4514 0 
1 11.4544 0 
1 11.4574 0 
1 11.4603 0 
1 11.4633 0 
1 11.4663 0 
1 11.4693 0 
1 11.4723 0 
1 11.4752 0 
1 11.4782 0 
1 11.4812 0 
1 11.4842 0 
1 11.4872 0 
1 11.4901 0 
1 11.4931 0 
1 11.4961 0 
1 11.4991 0 
1 11.5021 0 
1 11.505 0 
1 11.508 0 
1 11.511 0 
1 11.514 0 
1 11.517 0 
1 11.5199 0 
1 11.5229 0 
1 11.5259 0 
1 11.5289 0 
1 11.5319 0 
1 11.5349 0 
1 11.5378 0 
1 11.5408 0 
1 11.5438 0 
1 11.5468 0 
1 11.5498 0 
1 11.5527 0 
1 11.5557 0 
1 11.5587 0 
1 11.5617 0 
1 11.5647 0 
1 11.5676 0 
1 11.5706 0 
1 11.5736 0 
1 11.5766 0 
1 11.5796 0 
1 11.5825 0 
1 11.5855 0 
1 11.5885 0 
1 11.5915 0 
1 11.5945 0 
1 11.5974 0 
1 11.6004 0 
1 11.6034 0 
1 11.6064 0 
1 11.6094 0 
1 11.6123 0 
1 11.6153 0 
1 11.6183 0 
1 11.6213 0 
1 11.6243 0 
1 11.6273 0 
1 11.6302 0 
1 11.6332 0 
1 11.6362 0 
1 11.6392 0 
1 11.6422 0 
1 11.6451 0 
1 11.6481 0 
1 11.6511 0 
1 11.6541 0 
1 11.6571 0 
1 11.66 0 
1 11.663 0 
1 11.666 0 
1 11.669 0 
1 11.672 0 
1 11.6749 0 
1 11.6779 0 
1 11.6809 0 
1 11.6839 0 
1 11.6869 0 
1 11.6898 0 
1 11.6928 0 
1 11.6958 0 
1 11.6988 0 
1 11.7018 0 
1 11.7047 0 
1 11.7077 0 
1 11.7107 0 
1 11.7137 0 
1 11.7167 0 
1 11.7196 0 
1 11.7226 0 
1 11.7256 0 
1 11.7286 0 
1 11.7316 0 
1 11.7346 0 
1 11.7375 0 
1 11.7405 0 
1 11.7435 0 
1 11.7465 0 
1 11.7495 0 
1 11.7524 0 
1 11.7554 0 
1 11.7584 0 
1 11.7614 0 
1 11.7644 0 
1 11.7673 0 
1 11.7703 0 
1 11.7733 0 
1 11.7763 0 
1 11.7793 0 
1 11.7822 0 
1 11.7852 0 
1 11.7882 0 
1 11.7912 0 
1 11.7942 0 
1 11.7971 0 
1 11.8001 0 
1 11.8031 0 
1 11.8061 0 
1 11.8091 0 
1 11.812 0 
1 11.815 0 
1 11.818 0 
1 11.821 0 
1 11.824 0 
1 11.827 0 
1 11.8299 0 
1 11.8329 0 
1 11.8359 0 
1 11.8389 0 
1 11.8419 0 
1 11.8448 0 
1 11.8478 0 
1 11.8508 0 
1 11.8538 0 
1 11.8568 0 
1 11.8597 0 
1 11.8627 0 
1 11.8657 0 
1 11.8687 0 
1 11.8717 0 
1 11.8746 0 
1 11.8776 0 
1 11.8806 0 
1 11.8836 0 
1 11.8866 0 
1 11.8895 0 
1 11.8925 0 
1 11.8955 0 
1 11.8985 0 
1 11.9015 0 
1 11.9044 0 
1 11.9074 0 
1 11.9104 0 
1 11.9134 0 
1 11.9164 0 
1 11.9193 0 
1 11.9223 0 
1 11.9253 0 
1 11.9283 0 
1 11.9313 0 
1 11.9343 0 
1 11.9372 0 
1 11.9402 0 
1 11.9432 0 
1 11.9462 0 
1 11.9492 0 
1 11.9521 0 
1 11.9551 0 
1 11.9581 0 
1 11.9611 0 
1 11.9641 0 
1 11.967 0 
1 11.97 0 
1 11.973 0 
1 11.976 0 
1 11.979 0 
1 11.9819 0 
1 11.9849 0 
1 11.9879 0 
1 11.9909 0 
1 11.9939 0 
1 11.9968 0 
1 11.9998 0 
1 12.0028 0 
1 12.0058 0 
1 12.0088 0 
1 12.0117 0 
1 12.0147 0 
1 12.0177 0 
1 12.0207 0 
1 12.0237 0 
1 12.0267 0 
1 12.0296 0 
1 12.0326 0 
1 12.0356 0 
1 12.0386 0 
1 12.0416 0 
1 12.0445 0 
1 12.0475 0 
1 12.0505 0 
1 12.0535 0 
1 12.0565 0 
1 12.0594 0 
1 12.0624 0 
1 12.0654 0 
1 12.0684 0 
1 12.0714 0 
1 12.0743 0 
1 12.0773 0 
1 12.0803 0 
1 12.0833 0 
1 12.0863 0 
1 12.0892 0 
1 12.0922 0 
1 12.0952 0 
1 12.0982 0 
1 12.1012 0 
1 12.1041 0 
1 12.1071 0 
1 12.1101 0 
1 12.1131 0 
1 12.1161 0 
1 12.119 0 
1 12.122 0 
1 12.125 0 
1 12.128 0 
1 12.131 0 
1 12.134 0 
1 12.1369 0 
1 12.1399 0 
1 12.1429 0 
1 12.1459 0 
1 12.1489 0 
1 12.1518 0 
1 12.1548 0 
1 12.1578 0 
1 12.1608 0 
1 12.1638 0 
1 12.1667 0 
1 12.1697 0 
1 12.1727 0 
1 12.1757 0 
1 12.1787 0 
1 12.1816 0 
1 12.1846 0 
1 12.1876 0 
1 12.1906 0 
1 12.1936 0 
1 12.1965 0 
1 12.1995 0 
1 12.2025 0 
1 12.2055 0 
1 12.2085 0 
1 12.2114 0 
1 12.2144 0 
1 12.2174 0 
1 12.2204 0 
1 12.2234 0 
1 12.2264 0 
1 12.2293 0 
1 12.2323 0 
1 12.2353 0 
1 12.2383 0 
1 12.2413 0 
1 12.2442 0 
1 12.2472 0 
1 12.2502 0 
1 12.2532 0 
1 12.2562 0 
1 12.2591 0 
1 12.2621 0 
1 12.2651 0 
1 12.2681 0 
1 12.2711 0 
1 12.274 0 
1 12.277 0 
1 12.28 0 
1 12.283 0 
1 12.286 0 
1 12.2889 0 
1 12.2919 0 
1 12.2949 0 
1 12.2979 0 
1 12.3009 0 
1 12.3038 0 
1 12.3068 0 
1 12.3098 0 
1 12.3128 0 
1 12.3158 0 
1 12.3187 0 
1 12.3217 0 
1 12.3247 0 
1 12.3277 0 
1 12.3307 0 
1 12.3337 0 
1 12.3366 0 
1 12.3396 0 
1 12.3426 0 
1 12.3456 0 
1 12.3486 0 
1 12.3515 0 
1 12.3545 0 
1 12.3575 0 
1 12.3605 0 
1 12.3635 0 
1 12.3664 0 
1 12.3694 0 
1 12.3724 0 
1 12.3754 0 
1 12.3784 0 
1 12.3813 0 
1 12.3843 0 
1 12.3873 0 
1 12.3903 0 
1 12.3933 0 
1 12.3962 0 
1 12.3992 0 
1 12.4022 0 
1 12.4052 0 
1 12.4082 0 
1 12.4111 0 
1 12.4141 0 
1 12.4171 0 
1 12.4201 0 
1 12.4231 0 
1 12.4261 0 
1 12.429 0 
1 12.432 0 
1 12.435 0 
1 12.438 0 
1 12.441 0 
1 12.4439 0 
1 12.4469 0 
1 12.4499 0 
1 12.4529 0 
1 12.4559 0 
1 12.4588 0 
1 12.4618 0 
1 12.4648 0 
1 12.4678 0 
1 12.4708 0 
1 12.4737 0 
1 12.4767 0 
1 12.4797 0 
1 12.4827 0 
1 12.4857 0 
1 12.4887 0 
1 12.4916 0 
1 12.4946 0 
1 12.4976 0 
1 12.5006 0 
1 12.5036 0 
1 12.5065 0 
1 12.5095 0 
1 12.5125 0 
1 12.5155 0 
1 12.5185 0 
1 12.5214 0 
1 12.5244 0 
1 12.5274 0 
1 12.5304 0 
1 12.5334 0 
1 12.5363 0 
1 12.5393 0 
1 12.5423 0 
1 12.5453 0 
1 12.5483 0 
1 12.5512 0 
1 12.5542 0 
1 12.5572 0 
1 12.5602 0 
1 12.5632 0 
1 12.5661 0 
1 12.5691 0 
1 12.5721 0 
1 12.5751 0 
1 12.5781 0 
1 12.5811 0 
1 12.584 0 
1 12.587 0 
1 12.59 0 
1 12.593 0 
1 12.596 0 
1 12.5989 0 
1 12.6019 0 
1 12.6049 0 
1 12.6079 0 
1 12.6109 0 
1 12.6138 0 
1 12.6168 0 
1 12.6198 0 
1 12.6228 0 
1 12.6258 0 
1 12.6287 0 
1 12.6317 0 
1 12.6347 0 
1 12.6377 0 
1 12.6407 0 
1 12.6436 0 
1 12.6466 0 
1 12.6496 0 
1 12.6526 0 
1 12.6556 0 
1 12.6585 0 
1 12.6615 0 
1 12.6645 0 
1 12.6675 0 
1 12.6705 0 
1 12.6734 0 
1 12.6764 0 
1 12.6794 0 
1 12.6824 0 
1 12.6854 0 
1 12.6884 0 
1 12.6913 0 
1 12.6943 0 
1 12.6973 0 
1 12.7003 0 
1 12.7033 0 
1 12.7062 0 
1 12.7092 0 
1 12.7122 0 
1 12.7152 0 
1 12.7182 0 
1 12.7211 0 
1 12.7241 0 
1 12.7271 0 
1 12.7301 0 
1 12.7331 0 
1 12.736 0 
1 12.739 0 
1 12.742 0 
1 12.745 0 
1 12.748 0 
1 12.7509 0 
1 12.7539 0 
1 12.7569 0 
1 12.7599 0 
1 12.7629 0 
1 12.7658 0 
1 12.7688 0 
1 12.7718 0 
1 12.7748 0 
1 12.7778 0 
1 12.7808 0 
1 12.7837 0 
1 12.7867 0 
1 12.7897 0 
1 12.7927 0 
1 12.7957 0 
1 12.7986 0 
1 12.8016 0 
1 12.8046 0 
1 12.8076 0 
1 12.8106 0 
1 12.8135 0 
1 12.8165 0 
1 12.8195 0 
1 12.8225 0 
1 12.8255 0 
1 12.8284 0 
1 12.8314 0 
1 12.8344 0 
1 12.8374 0 
1 12.8404 0 
1 12.8433 0 
1 12.8463 0 
1 12.8493 0 
1 12.8523 0 
1 12.8553 0 
1 12.8582 0 
1 12.8612 0 
1 12.8642 0 
1 12.8672 0 
1 12.8702 0 
1 12.8731 0 
1 12.8761 0 
1 12.8791 0 
1 12.8821 0 
1 12.8851 0 
1 12.8881 0 
1 12.891 0 
1 12.894 0 
1 12.897 0 
1 12.9 0 
1 12.903 0 
1 12.9059 0 
1 12.9089 0 
1 12.9119 0 
1 12.9149 0 
1 12.9179 0 
1 12.9208 0 
1 12.9238 0 
1 12.9268 0 
1 12.9298 0 
1 12.9328 0 
1 12.9357 0 
1 12.9387 0 
1 12.9417 0 
1 12.9447 0 
1 12.9477 0 
1 12.9506 0 
1 12.9536 0 
1 12.9566 0 
1 12.9596 0 
1 12.9626 0 
1 12.9655 0 
1 12.9685 0 
1 12.9715 0 
1 12.9745 0 
1 12.9775 0 
1 12.9805 0 
1 12.9834 0 
1 12.9864 0 
1 12.9894 0 
1 12.9924 0 
1 12.9954 0 
1 12.9983 0 
1 13.0013 0 
1 13.0043 0 
1 13.0073 0 
1 13.0103 0 
1 13.0132 0 
1 13.0162 0 
1 13.0192 0 
1 13.0222 0 
1 13.0252 0 
1 13.0281 0 
1 13.0311 0 
1 13.0341 0 
1 13.0371 0 
1 13.0401 0 
1 13.043 0 
1 13.046 0 
1 13.049 0 
1 13.052 0 
1 13.055 0 
1 13.0579 0 
1 13.0609 0 
1 13.0639 0 
1 13.0669 0 
1 13.0699 0 
1 13.0728 0 
1 13.0758 0 
1 13.0788 0 
1 13.0818 0 
1 13.0848 0 
1 13.0878 0 
1 13.0907 0 
1 13.0937 0 
1 13.0967 0 
1 13.0997 0 
1 13.1027 0 
1 13.1056 0 
1 13.1086 0 
1 13.1116 0 
1 13.1146 0 
1 13.1176 0 
1 13.1205 0 
1 13.1235 0 
1 13.1265 0 
1 13.1295 0 
1 13.1325 0 
1 13.1354 0 
1 13.1384 0 
1 13.1414 0 
1 13.1444 0 
1 13.1474 0 
1 13.1503 0 
1 13.1533 0 
1 13.1563 0 
1 13.1593 0 
1 13.1623 0 
1 13.1652 0 
1 13.1682 0 
1 13.1712 0 
1 13.1742 0 
1 13.1772 0 
1 13.1802 0 
1 13.1831 0 
1 13.1861 0 
1 13.1891 0 
1 13.1921 0 
1 13.1951 0 
1 13.198 0 
1 13.201 0 
1 13.204 0 
1 13.207 0 
1 13.21 0 
1 13.2129 0 
1 13.2159 0 
1 13.2189 0 
1 13.2219 0 
1 13.2249 0 
1 13.2278 0 
1 13.2308 0 
1 13.2338 0 
1 13.2368 0 
1 13.2398 0 
1 13.2427 0 
1 13.2457 0 
1 13.2487 0 
1 13.2517 0 
1 13.2547 0 
1 13.2576 0 
1 13.2606 0 
1 13.2636 0 
1 13.2666 0 
1 13.2696 0 
1 13.2725 0 
1 13.2755 0 
1 13.2785 0 
1 13.2815 0 
1 13.2845 0 
1 13.2875 0 
1 13.2904 0 
1 13.2934 0 
1 13.2964 0 
1 13.2994 0 
1 13.3024 0 
1 13.3053 0 
1 13.3083 0 
1 13.3113 0 
1 13.3143 0 
1 13.3173 0 
1 13.3202 0 
1 13.3232 0 
1 13.3262 0 
1 13.3292 0 
1 13.3322 0 
1 13.3351 0 
1 13.3381 0 
1 13.3411 0 
1 13.3441 0 
1 13.3471 0 
1 13.35 0 
1 13.353 0 
1 13.356 0 
1 13.359 0 
1 13.362 0 
1 13.3649 0 
1 13.3679 0 
1 13.3709 0 
1 13.3739 0 
1 13.3769 0 
1 13.3799 0 
1 13.3828 0 
1 13.3858 0 
1 13.3888 0 
1 13.3918 0 
1 13.3948 0 
1 13.3977 0 
1 13.4007 0 
1 13.4037 0 
1 13.4067 0 
1 13.4097 0 
1 13.4126 0 
1 13.4156 0 
1 13.4186 0 
1 13.4216 0 
1 13.4246 0 
1 13.4275 0 
1 13.4305 0 
1 13.4335 0 
1 13.4365 0 
1 13.4395 0 
1 13.4424 0 
1 13.4454 0 
1 13.4484 0 
1 13.4514 0 
1 13.4544 0 
1 13.4573 0 
1 13.4603 0 
1 13.4633 0 
1 13.4663 0 
1 13.4693 0 
1 13.4722 0 
1 13.4752 0 
1 13.4782 0 
1 13.4812 0 
1 13.4842 0 
1 13.4872 0 
1 13.4901 0 
1 13.4931 0 
1 13.4961 0 
1 13.4991 0 
1 13.5021 0 
1 13.505 0 
1 13.508 0 
1 13.511 0 
1 13.514 0 
1 13.517 0 
1 13.5199 0 
1 13.5229 0 
1 13.5259 0 
1 13.5289 0 
1 13.5319 0 
1 13.5348 0 
1 13.5378 0 
1 13.5408 0 
1 13.5438 0 
1 13.5468 0 
1 13.5497 0 
1 13.5527 0 
1 13.5557 0 
1 13.5587 0 
1 13.5617 0 
1 13.5646 0 
1 13.5676 0 
1 13.5706 0 
1 13.5736 0 
1 13.5766 0 
1 13.5796 0 
1 13.5825 0 
1 13.5855 0 
1 13.5885 0 
1 13.5915 0 
1 13.5945 0 
1 13.5974 0 
1 13.6004 0 
1 13.6034 0 
1 13.6064 0 
1 13.6094 0 
1 13.6123 0 
1 13.6153 0 
1 13.6183 0 
1 13.6213 0 
1 13.6243 0 
1 13.6272 0 
1 13.6302 0 
1 13.6332 0 
1 13.6362 0 
1 13.6392 0 
1 13.6421 0 
1 13.6451 0 
1 13.6481 0 
1 13.6511 0 
1 13.6541 0 
1 13.657 0 
1 13.66 0 
1 13.663 0 
1 13.666 0 
1 13.669 0 
1 13.6719 0 
1 13.6749 0 
1 13.6779 0 
1 13.6809 0 
1 13.6839 0 
1 13.6869 0 
1 13.6898 0 
1 13.6928 0 
1 13.6958 0 
1 13.6988 0 
1 13.7018 0 
1 13.7047 0 
1 13.7077 0 
1 13.7107 0 
1 13.7137 0 
1 13.7167 0 
1 13.7196 0 
1 13.7226 0 
1 13.7256 0 
1 13.7286 0 
1 13.7316 0 
1 13.7345 0 
1 13.7375 0 
1 13.7405 0 
1 13.7435 0 
1 13.7465 0 
1 13.7494 0 
1 13.7524 0 
1 13.7554 0 
1 13.7584 0 
1 13.7614 0 
1 13.7643 0 
1 13.7673 0 
1 13.7703 0 
1 13.7733 0 
1 13.7763 0 
1 13.7793 0 
1 13.7822 0 
1 13.7852 0 
1 13.7882 0 
1 13.7912 0 
1 13.7942 0 
1 13.7971 0 
1 13.8001 0 
1 13.8031 0 
1 13.8061 0 
1 13.8091 0 
1 13.812 0 
1 13.815 0 
1 13.818 0 
1 13.821 0 
1 13.824 0 
1 13.8269 0 
1 13.8299 0 
1 13.8329 0 
1 13.8359 0 
1 13.8389 0 
1 13.8419 0 
1 13.8448 0 
1 13.8478 0 
1 13.8508 0 
1 13.8538 0 
1 13.8568 0 
1 13.8597 0 
1 13.8627 0 
1 13.8657 0 
1 13.8687 0 
1 13.8717 0 
1 13.8746 0 
1 13.8776 0 
1 13.8806 0 
1 13.8836 0 
1 13.8866 0 
1 13.8895 0 
1 13.8925 0 
1 13.8955 0 
1 13.8985 0 
1 13.9015 0 
1 13.9044 0 
1 13.9074 0 
1 13.9104 0 
1 13.9134 0 
1 13.9164 0 
1 13.9193 0 
1 13.9223 0 
1 13.9253 0 
1 13.9283 0 
1 13.9313 0 
1 13.9343 0 
1 13.9372 0 
1 13.9402 0 
1 13.9432 0 
1 13.9462 0 
1 13.9492 0 
1 13.9521 0 
1 13.9551 0 
1 13.9581 0 
1 13.9611 0 
1 13.9641 0 
1 13.967 0 
1 13.97 0 
1 13.973 0 
1 13.976 0 
1 13.979 0 
1 13.9819 0 
1 13.9849 0 
1 13.9879 0 
1 13.9909 0 
1 13.9939 0 
1 13.9968 0 
1 13.9998 0 
1 14.0028 0 
1 14.0058 0 
1 14.0088 0 
1 14.0117 0 
1 14.0147 0 
1 14.0177 0 
1 14.0207 0 
1 14.0237 0 
1 14.0267 0 
1 14.0296 0 
1 14.0326 0 
1 14.0356 0 
1 14.0386 0 
1 14.0416 0 
1 14.0445 0 
1 14.0475 0 
1 14.0505 0 
1 14.0535 0 
1 14.0565 0 
1 14.0594 0 
1 14.0624 0 
1 14.0654 0 
1 14.0684 0 
1 14.0714 0 
1 14.0743 0 
1 14.0773 0 
1 14.0803 0 
1 14.0833 0 
1 14.0863 0 
1 14.0892 0 
1 14.0922 0 
1 14.0952 0 
1 14.0982 0 
1 14.1012 0 
1 14.1041 0 
1 14.1071 0 
1 14.1101 0 
1 14.1131 0 
1 14.1161 0 
1 14.119 0 
1 14.122 0 
1 14.125 0 
1 14.128 0 
1 14.131 0 
1 14.134 0 
1 14.1369 0 
1 14.1399 0 
1 14.1429 0 
1 14.1459 0 
1 14.1489 0 
1 14.1518 0 
1 14.1548 0 
1 14.1578 0 
1 14.1608 0 
1 14.1638 0 
1 14.1667 0 
1 14.1697 0 
1 14.1727 0 
1 14.1757 0 
1 14.1787 0 
1 14.1816 0 
1 14.1846 0 
1 14.1876 0 
1 14.1906 0 
1 14.1936 0 
1 14.1965 0 
1 14.1995 0 
1 14.2025 0 
1 14.2055 0 
1 14.2085 0 
1 14.2114 0 
1 14.2144 0 
1 14.2174 0 
1 14.2204 0 
1 14.2234 0 
1 14.2264 0 
1 14.2293 0 
1 14.2323 0 
1 14.2353 0 
1 14.2383 0 
1 14.2413 0 
1 14.2442 0 
1 14.2472 0 
1 14.2502 0 
1 14.2532 0 
1 14.2562 0 
1 14.2591 0 
1 14.2621 0 
1 14.2651 0 
1 14.2681 0 
1 14.2711 0 
1 14.274 0 
1 14.277 0 
1 14.28 0 
1 14.283 0 
1 14.286 0 
1 14.2889 0 
1 14.2919 0 
1 14.2949 0 
1 14.2979 0 
1 14.3009 0 
1 14.3038 0 
1 14.3068 0 
1 14.3098 0 
1 14.3128 0 
1 14.3158 0 
1 14.3187 0 
1 14.3217 0 
1 14.3247 0 
1 14.3277 0 
1 14.3307 0 
1 14.3337 0 
1 14.3366 0 
1 14.3396 0 
1 14.3426 0 
1 14.3456 0 
1 14.3486 0 
1 14.3515 0 
1 14.3545 0 
1 14.3575 0 
1 14.3605 0 
1 14.3635 0 
1 14.3664 0 
1 14.3694 0 
1 14.3724 0 
1 14.3754 0 
1 14.3784 0 
1 14.3813 0 
1 14.3843 0 
1 14.3873 0 
1 14.3903 0 
1 14.3933 0 
1 14.3962 0 
1 14.3992 0 
1 14.4022 0 
1 14.4052 0 
1 14.4082 0 
1 14.4111 0 
1 14.4141 0 
1 14.4171 0 
1 14.4201 0 
1 14.4231 0 
1 14.4261 0 
1 14.429 0 
1 14.432 0 
1 14.435 0 
1 14.438 0 
1 14.441 0 
1 14.4439 0 
1 14.4469 0 
1 14.4499 0 
1 14.4529 0 
1 14.4559 0 
1 14.4588 0 
1 14.4618 0 
1 14.4648 0 
1 14.4678 0 
1 14.4708 0 
1 14.4737 0 
1 14.4767 0 
1 14.4797 0 
1 14.4827 0 
1 14.4857 0 
1 14.4886 0 
1 14.4916 0 
1 14.4946 0 
1 14.4976 0 
1 14.5006 0 
1 14.5035 0 
1 14.5065 0 
1 14.5095 0 
1 14.5125 0 
1 14.5155 0 
1 14.5184 0 
1 14.5214 0 
1 14.5244 0 
1 14.5274 0 
1 14.5304 0 
1 14.5334 0 
1 14.5363 0 
1 14.5393 0 
1 14.5423 0 
1 14.5453 0 
1 14.5483 0 
1 14.5512 0 
1 14.5542 0 
1 14.5572 0 
1 14.5602 0 
1 14.5632 0 
1 14.5661 0 
1 14.5691 0 
1 14.5721 0 
1 14.5751 0 
1 14.5781 0 
1 14.581 0 
1 14.584 0 
1 14.587 0 
1 14.59 0 
1 14.593 0 
1 14.5959 0 
1 14.5989 0 
1 14.6019 0 
1 14.6049 0 
1 14.6079 0 
1 14.6108 0 
1 14.6138 0 
1 14.6168 0 
1 14.6198 0 
1 14.6228 0 
1 14.6258 0 
1 14.6287 0 
1 14.6317 0 
1 14.6347 0 
1 14.6377 0 
1 14.6407 0 
1 14.6436 0 
1 14.6466 0 
1 14.6496 0 
1 14.6526 0 
1 14.6556 0 
1 14.6585 0 
1 14.6615 0 
1 14.6645 0 
1 14.6675 0 
1 14.6705 0 
1 14.6734 0 
1 14.6764 0 
1 14.6794 0 
1 14.6824 0 
1 14.6854 0 
1 14.6883 0 
1 14.6913 0 
1 14.6943 0 
1 14.6973 0 
1 14.7003 0 
1 14.7032 0 
1 14.7062 0 
1 14.7092 0 
1 14.7122 0 
1 14.7152 0 
1 14.7181 0 
1 14.7211 0 
1 14.7241 0 
1 14.7271 0 
1 14.7301 0 
1 14.7331 0 
1 14.736 0 
1 14.739 0 
1 14.742 0 
1 14.745 0 
1 14.748 0 
1 14.7509 0 
1 14.7539 0 
1 14.7569 0 
1 14.7599 0 
1 14.7629 0 
1 14.7658 0 
1 14.7688 0 
1 14.7718 0 
1 14.7748 0 
1 14.7778 0 
1 14.7807 0 
1 14.7837 0 
1 14.7867 0 
1 14.7897 0 
1 14.7927 0 
1 14.7956 0 
1 14.7986 0 
1 14.8016 0 
1 14.8046 0 
1 14.8076 0 
1 14.8105 0 
1 14.8135 0 
1 14.8165 0 
1 14.8195 0 
1 14.8225 0 
1 14.8255 0 
1 14.8284 0 
1 14.8314 0 
1 14.8344 0 
1 14.8374 0 
1 14.8404 0 
1 14.8433 0 
1 14.8463 0 
1 14.8493 0 
1 14.8523 0 
1 14.8553 0 
1 14.8582 0 
1 14.8612 0 
1 14.8642 0 
1 14.8672 0 
1 14.8702 0 
1 14.8731 0 
1 14.8761 0 
1 14.8791 0 
1 14.8821 0 
1 14.8851 0 
1 14.888 0 
1 14.891 0 
1 14.894 0 
1 14.897 0 
1 14.9 0 
1 14.9029 0 
1 14.9059 0 
1 14.9089 0 
1 14.9119 0 
1 14.9149 0 
1 14.9178 0 
1 14.9208 0 
1 14.9238 0 
1 14.9268 0 
1 14.9298 0 
1 14.9328 0 
1 14.9357 0 
1 14.9387 0 
1 14.9417 0 
1 14.9447 0 
1 14.9477 0 
1 14.9506 0 
1 14.9536 0 
1 14.9566 0 
1 14.9596 0 
1 14.9626 0 
1 14.9655 0 
1 14.9685 0 
1 14.9715 0 
1 14.9745 0 
1 14.9775 0 
1 14.9804 0 
1 14.9834 0 
1 14.9864 0 
1 14.9894 0 
1 14.9924 0 
1 14.9953 0 
1 14.9983 0 
