4 0.102056 0 
4 0.10516 0 
4 0.108258 0 
4 0.111352 0 
4 0.114441 0 
4 0.117527 0 
4 0.120608 0 
4 0.123686 0 
4 0.126761 0 
4 0.129833 0 
4 0.132901 0 
4 0.135967 0 
4 0.139031 0 
4 0.142091 0 
4 0.14515 0 
4 0.148206 0 
4 0.15126 0 
4 0.154312 0 
4 0.157363 0 
4 0.160411 0 
4 0.163458 0 
4 0.166503 0 
4 0.169546 0 
4 0.172588 0 
4 0.175629 0 
4 0.178668 0 
4 0.181706 0 
4 0.184742 0 
4 0.187777 0 
4 0.190812 0 
4 0.193845 0 
4 0.196877 0 
4 0.199908 0 
4 0.202938 0 
4 0.205967 0 
4 0.208995 0 
4 0.212022 0 
4 0.215049 0 
4 0.218074 0 
4 0.221099 0 
4 0.224123 0 
4 0.227146 0 
4 0.230169 0 
4 0.233191 0 
4 0.236212 0 
4 0.239233 0 
4 0.242253 0 
4 0.245273 0 
4 0.248291 0 
4 0.25131 0 
4 0.254328 0 
4 0.257345 0 
4 0.260362 0 
4 0.263378 0 
4 0.266394 0 
4 0.26941 0 
4 0.272425 0 
4 0.275439 0 
4 0.278453 0 
4 0.281467 0 
4 0.28448 0 
4 0.287493 0 
4 0.290506 0 
4 0.293518 0 
4 0.29653 0 
4 0.299542 0 
4 0.302553 0 
4 0.305564 0 
4 0.308575 0 
4 0.311585 0 
4 0.314595 0 
4 0.317605 0 
4 0.320615 0 
4 0.323624 0 
4 0.326633 0 
4 0.329642 0 
4 0.332651 0 
4 0.335659 0 
4 0.338667 0 
4 0.341675 0 
4 0.344683 0 
4 0.347691 0 
4 0.350698 0 
4 0.353705 0 
4 0.356712 0 
4 0.359719 0 
4 0.362726 0 
4 0.365732 0 
4 0.368738 0 
4 0.371744 0 
4 0.37475 0 
4 0.377756 0 
4 0.380762 0 
4 0.383768 0 
4 0.386773 0 
4 0.389778 0 
4 0.392783 0 
4 0.395789 0 
4 0.398794 0 
4 0.401798 0 
4 0.404803 0 
4 0.407808 0 
4 0.410812 0 
4 0.413817 0 
4 0.416821 0 
4 0.419825 0 
4 0.422829 0 
4 0.425834 0 
4 0.428838 0 
4 0.431841 0 
4 0.434845 0 
4 0.437849 0 
4 0.440853 0 
4 0.443856 0 
4 0.44686 0 
4 0.449863 0 
4 0.452867 0 
4 0.45587 0 
4 0.458874 0 
4 0.461877 0 
4 0.46488 0 
4 0.467883 0 
4 0.470887 0 
4 0.47389 0 
4 0.476893 0 
4 0.479896 0 
4 0.482899 0 
4 0.485902 0 
4 0.488905 0 
4 0.491908 0 
4 0.49491 0 
4 0.497913 0 
4 0.500916 0 
4 0.503919 0 
4 0.506922 0 
4 0.509924 0 
4 0.512927 0 
4 0.51593 0 
4 0.518933 0 
4 0.521935 0 
4 0.524938 0 
4 0.527941 0 
4 0.530943 0 
4 0.533946 0 
4 0.536949 0 
4 0.539951 0 
4 0.542954 0 
4 0.545956 0 
4 0.548959 0 
4 0.551962 0 
4 0.554964 0 
4 0.557967 0 
4 0.56097 0 
4 0.563972 0 
4 0.566975 0 
4 0.569977 0 
4 0.57298 0 
4 0.575983 0 
4 0.578985 0 
4 0.581988 0 
4 0.58499 0 
4 0.587993 0 
4 0.590996 0 
4 0.593998 0 
4 0.597001 0 
4 0.600004 0 
4 0.603006 0 
4 0.606009 0 
4 0.609012 0 
4 0.612014 0 
4 0.615017 0 
4 0.61802 0 
4 0.621023 0 
4 0.624025 0 
4 0.627028 0 
4 0.630031 0 
4 0.633033 0 
4 0.636036 0 
4 0.639039 0 
4 0.642042 0 
4 0.645045 0 
4 0.648047 0 
4 0.65105 0 
4 0.654053 0 
4 0.657056 0 
4 0.660058 0 
4 0.663061 0 
4 0.666064 0 
4 0.669067 0 
4 0.67207 0 
4 0.675072 0 
4 0.678075 0 
4 0.681078 0 
4 0.684081 0 
4 0.687084 0 
4 0.690087 0 
4 0.693089 0 
4 0.696092 0 
4 0.699095 0 
4 0.702098 0 
4 0.705101 0 
4 0.708103 0 
4 0.711106 0 
4 0.714109 0 
4 0.717112 0 
4 0.720114 0 
4 0.723117 0 
4 0.72612 0 
4 0.729123 0 
4 0.732125 0 
4 0.735128 0 
4 0.738131 0 
4 0.741133 0 
4 0.744136 0 
4 0.747138 0 
4 0.750141 0 
4 0.753143 0 
4 0.756146 0 
4 0.759148 0 
4 0.762151 0 
4 0.765153 0 
4 0.768155 0 
4 0.771158 0 
4 0.77416 0 
4 0.777162 0 
4 0.780165 0 
4 0.783167 0 
4 0.786169 0 
4 0.789171 0 
4 0.792173 0 
4 0.795175 0 
4 0.798177 0 
4 0.801179 0 
4 0.804181 0 
4 0.807182 0 
4 0.810184 0 
4 0.813186 0 
4 0.816187 0 
4 0.819189 0 
4 0.82219 0 
4 0.825191 0 
4 0.828193 0 
4 0.831194 0 
4 0.834195 0 
4 0.837196 0 
4 0.840197 0 
4 0.843198 0 
4 0.846199 0 
4 0.849199 0 
4 0.8522 0 
4 0.855201 0 
4 0.858201 0 
4 0.861201 0 
4 0.864202 0 
4 0.867202 0 
4 0.870202 0 
4 0.873202 0 
4 0.876202 0 
4 0.879202 0 
4 0.882201 0 
4 0.885201 0 
4 0.8882 0 
4 0.891199 0 
4 0.894199 0 
4 0.897198 0 
4 0.900197 0 
4 0.903196 0 
4 0.906194 0 
4 0.909193 0 
4 0.912191 0 
4 0.915189 0 
4 0.918188 0 
4 0.921186 0 
4 0.924184 0 
4 0.927181 0 
4 0.930179 0 
4 0.933177 0 
4 0.936174 0 
4 0.939171 0 
4 0.942168 0 
4 0.945165 0 
4 0.948162 0 
4 0.951159 0 
4 0.954155 0 
4 0.957151 0 
4 0.960148 0 
4 0.963144 0 
4 0.966139 0 
4 0.969135 0 
4 0.972131 0 
4 0.975126 0 
4 0.978121 0 
4 0.981116 0 
4 0.984111 0 
4 0.987106 0 
4 0.9901 0 
4 0.993095 0 
4 0.996089 0 
4 0.999083 0 
4 1.00208 0 
4 1.00507 0 
4 1.00806 0 
4 1.01106 0 
4 1.01405 0 
4 1.01704 0 
4 1.02004 0 
4 1.02303 0 
4 1.02602 0 
4 1.02901 0 
4 1.03201 0 
4 1.035 0 
4 1.03799 0 
4 1.04098 0 
4 1.04397 0 
4 1.04696 0 
4 1.04995 0 
4 1.05294 0 
4 1.05594 0 
4 1.05893 0 
4 1.06192 0 
4 1.06491 0 
4 1.0679 0 
4 1.07089 0 
4 1.07388 0 
4 1.07687 0 
4 1.07985 0 
4 1.08284 0 
4 1.08583 0 
4 1.08882 0 
4 1.09181 0 
4 1.0948 0 
4 1.09779 0 
4 1.10077 0 
4 1.10376 0 
4 1.10675 0 
4 1.10974 0 
4 1.11272 0 
4 1.11571 0 
4 1.1187 0 
4 1.12168 0 
4 1.12467 0 
4 1.12766 0 
4 1.13064 0 
4 1.13363 0 
4 1.13661 0 
4 1.1396 0 
4 1.14259 0 
4 1.14557 0 
4 1.14856 0 
4 1.15154 0 
4 1.15453 0 
4 1.15751 0 
4 1.1605 0 
4 1.16348 0 
4 1.16646 0 
4 1.16945 0 
4 1.17243 0 
4 1.17542 0 
4 1.1784 0 
4 1.18138 0 
4 1.18437 0 
4 1.18735 0 
4 1.19033 0 
4 1.19331 0 
4 1.1963 0 
4 1.19928 0 
4 1.20226 0 
4 1.20524 0 
4 1.20823 0 
4 1.21121 0 
4 1.21419 0 
4 1.21717 0 
4 1.22015 0 
4 1.22313 0 
4 1.22612 0 
4 1.2291 0 
4 1.23208 0 
4 1.23506 0 
4 1.23804 0 
4 1.24102 0 
4 1.244 0 
4 1.24698 0 
4 1.24996 0 
4 1.25294 0 
4 1.25592 0 
4 1.2589 0 
4 1.26188 0 
4 1.26486 0 
4 1.26784 0 
4 1.27082 0 
4 1.2738 0 
4 1.27678 0 
4 1.27976 0 
4 1.28274 0 
4 1.28572 0 
4 1.2887 0 
4 1.29167 0 
4 1.29465 0 
4 1.29763 0 
4 1.30061 0 
4 1.30359 0 
4 1.30657 0 
4 1.30955 0 
4 1.31252 0 
4 1.3155 0 
4 1.31848 0 
4 1.32146 0 
4 1.32444 0 
4 1.32741 0 
4 1.33039 0 
4 1.33337 0 
4 1.33635 0 
4 1.33933 0 
4 1.3423 0 
4 1.34528 0 
4 1.34826 0 
4 1.35123 0 
4 1.35421 0 
4 1.35719 0 
4 1.36017 0 
4 1.36314 0 
4 1.36612 0 
4 1.3691 0 
4 1.37207 0 
4 1.37505 0 
4 1.37803 0 
4 1.381 0 
4 1.38398 0 
4 1.38696 0 
4 1.38994 0 
4 1.39291 0 
4 1.39589 0 
4 1.39887 0 
4 1.40184 0 
4 1.40482 0 
4 1.40779 0 
4 1.41077 0 
4 1.41375 0 
4 1.41672 0 
4 1.4197 0 
4 1.42268 0 
4 1.42565 0 
4 1.42863 0 
4 1.4316 0 
4 1.43458 0 
4 1.43756 0 
4 1.44053 0 
4 1.44351 0 
4 1.44649 0 
4 1.44946 0 
4 1.45244 0 
4 1.45541 0 
4 1.45839 0 
4 1.46137 0 
4 1.46434 0 
4 1.46732 0 
4 1.47029 0 
4 1.47327 0 
4 1.47625 0 
4 1.47922 0 
4 1.4822 0 
4 1.48517 0 
4 1.48815 0 
4 1.49113 0 
4 1.4941 0 
4 1.49708 0 
4 1.50005 0 
4 1.50303 0 
4 1.50601 0 
4 1.50898 0 
4 1.51196 0 
4 1.51493 0 
4 1.51791 0 
4 1.52089 0 
4 1.52386 0 
4 1.52684 0 
4 1.52981 0 
4 1.53279 0 
4 1.53577 0 
4 1.53874 0 
4 1.54172 0 
4 1.5447 0 
4 1.54767 0 
4 1.55065 0 
4 1.55362 0 
4 1.5566 0 
4 1.55958 0 
4 1.56255 0 
4 1.56553 0 
4 1.5685 0 
4 1.57148 0 
4 1.57446 0 
4 1.57743 0 
4 1.58041 0 
4 1.58339 0 
4 1.58636 0 
4 1.58934 0 
4 1.59231 0 
4 1.59529 0 
4 1.59827 0 
4 1.60124 0 
4 1.60422 0 
4 1.60719 0 
4 1.61017 0 
4 1.61315 0 
4 1.61612 0 
4 1.6191 0 
4 1.62208 0 
4 1.62505 0 
4 1.62803 0 
4 1.63101 0 
4 1.63398 0 
4 1.63696 0 
4 1.63994 0 
4 1.64291 0 
4 1.64589 0 
4 1.64887 0 
4 1.65184 0 
4 1.65482 0 
4 1.6578 0 
4 1.66077 0 
4 1.66375 0 
4 1.66673 0 
4 1.6697 0 
4 1.67268 0 
4 1.67566 0 
4 1.67863 0 
4 1.68161 0 
4 1.68459 0 
4 1.68756 0 
4 1.69054 0 
4 1.69352 0 
4 1.69649 0 
4 1.69947 0 
4 1.70245 0 
4 1.70543 0 
4 1.7084 0 
4 1.71138 0 
4 1.71436 0 
4 1.71733 0 
4 1.72031 0 
4 1.72329 0 
4 1.72627 0 
4 1.72924 0 
4 1.73222 0 
4 1.7352 0 
4 1.73818 0 
4 1.74115 0 
4 1.74413 0 
4 1.74711 0 
4 1.75008 0 
4 1.75306 0 
4 1.75604 0 
4 1.75902 0 
4 1.76199 0 
4 1.76497 0 
4 1.76795 0 
4 1.77093 0 
4 1.7739 0 
4 1.77688 0 
4 1.77986 0 
4 1.78284 0 
4 1.78581 0 
4 1.78879 0 
4 1.79177 0 
4 1.79475 0 
4 1.79773 0 
4 1.8007 0 
4 1.80368 0 
4 1.80666 0 
4 1.80964 0 
4 1.81261 0 
4 1.81559 0 
4 1.81857 0 
4 1.82155 0 
4 1.82453 0 
4 1.8275 0 
4 1.83048 0 
4 1.83346 0 
4 1.83644 0 
4 1.83942 0 
4 1.84239 0 
4 1.84537 0 
4 1.84835 0 
4 1.85133 0 
4 1.85431 0 
4 1.85729 0 
4 1.86026 0 
4 1.86324 0 
4 1.86622 0 
4 1.8692 0 
4 1.87218 0 
4 1.87516 0 
4 1.87813 0 
4 1.88111 0 
4 1.88409 0 
4 1.88707 0 
4 1.89005 0 
4 1.89303 0 
4 1.896 0 
4 1.89898 0 
4 1.90196 0 
4 1.90494 0 
4 1.90792 0 
4 1.9109 0 
4 1.91388 0 
4 1.91685 0 
4 1.91983 0 
4 1.92281 0 
4 1.92579 0 
4 1.92877 0 
4 1.93175 0 
4 1.93473 0 
4 1.9377 0 
4 1.94068 0 
4 1.94366 0 
4 1.94664 0 
4 1.94962 0 
4 1.9526 0 
4 1.95558 0 
4 1.95856 0 
4 1.96153 0 
4 1.96451 0 
4 1.96749 0 
4 1.97047 0 
4 1.97345 0 
4 1.97643 0 
4 1.97941 0 
4 1.98239 0 
4 1.98537 0 
4 1.98834 0 
4 1.99132 0 
4 1.9943 0 
4 1.99728 0 
4 2.00026 0 
4 2.00324 0 
4 2.00622 0 
4 2.0092 0 
4 2.01218 0 
4 2.01516 0 
4 2.01814 0 
4 2.02111 0 
4 2.02409 0 
4 2.02707 0 
4 2.03005 0 
4 2.03303 0 
4 2.03601 0 
4 2.03899 0 
4 2.04197 0 
4 2.04495 0 
4 2.04793 0 
4 2.05091 0 
4 2.05389 0 
4 2.05686 0 
4 2.05984 0 
4 2.06282 0 
4 2.0658 0 
4 2.06878 0 
4 2.07176 0 
4 2.07474 0 
4 2.07772 0 
4 2.0807 0 
4 2.08368 0 
4 2.08666 0 
4 2.08964 0 
4 2.09262 0 
4 2.0956 0 
4 2.09858 0 
4 2.10156 0 
4 2.10454 0 
4 2.10751 0 
4 2.11049 0 
4 2.11347 0 
4 2.11645 0 
4 2.11943 0 
4 2.12241 0 
4 2.12539 0 
4 2.12837 0 
4 2.13135 0 
4 2.13433 0 
4 2.13731 0 
4 2.14029 0 
4 2.14327 0 
4 2.14625 0 
4 2.14923 0 
4 2.15221 0 
4 2.15519 0 
4 2.15817 0 
4 2.16115 0 
4 2.16413 0 
4 2.16711 0 
4 2.17009 0 
4 2.17307 0 
4 2.17605 0 
4 2.17903 0 
4 2.18201 0 
4 2.18499 0 
4 2.18797 0 
4 2.19095 0 
4 2.19393 0 
4 2.1969 0 
4 2.19989 0 
4 2.20287 0 
4 2.20584 0 
4 2.20882 0 
4 2.2118 0 
4 2.21478 0 
4 2.21776 0 
4 2.22074 0 
4 2.22372 0 
4 2.2267 0 
4 2.22968 0 
4 2.23266 0 
4 2.23564 0 
4 2.23862 0 
4 2.2416 0 
4 2.24458 0 
4 2.24756 0 
4 2.25054 0 
4 2.25352 0 
4 2.2565 0 
4 2.25948 0 
4 2.26246 0 
4 2.26544 0 
4 2.26842 0 
4 2.2714 0 
4 2.27438 0 
4 2.27736 0 
4 2.28034 0 
4 2.28332 0 
4 2.2863 0 
4 2.28928 0 
4 2.29226 0 
4 2.29524 0 
4 2.29822 0 
4 2.3012 0 
4 2.30418 0 
4 2.30716 0 
4 2.31014 0 
4 2.31312 0 
4 2.3161 0 
4 2.31908 0 
4 2.32206 0 
4 2.32504 0 
4 2.32802 0 
4 2.331 0 
4 2.33398 0 
4 2.33696 0 
4 2.33994 0 
4 2.34292 0 
4 2.3459 0 
4 2.34888 0 
4 2.35186 0 
4 2.35484 0 
4 2.35783 0 
4 2.3608 0 
4 2.36379 0 
4 2.36676 0 
4 2.36975 0 
4 2.37273 0 
4 2.37571 0 
4 2.37869 0 
4 2.38167 0 
4 2.38465 0 
4 2.38763 0 
4 2.39061 0 
4 2.39359 0 
4 2.39657 0 
4 2.39955 0 
4 2.40253 0 
4 2.40551 0 
4 2.40849 0 
4 2.41147 0 
4 2.41445 0 
4 2.41743 0 
4 2.42041 0 
4 2.42339 0 
4 2.42637 0 
4 2.42935 0 
4 2.43233 0 
4 2.43531 0 
4 2.43829 0 
4 2.44127 0 
4 2.44425 0 
4 2.44723 0 
4 2.45021 0 
4 2.45319 0 
4 2.45617 0 
4 2.45915 0 
4 2.46213 0 
4 2.46511 0 
4 2.46809 0 
4 2.47107 0 
4 2.47405 0 
4 2.47703 0 
4 2.48001 0 
4 2.48299 0 
4 2.48597 0 
4 2.48896 0 
4 2.49193 0 
4 2.49492 0 
4 2.4979 0 
4 2.50088 0 
4 2.50386 0 
4 2.50684 0 
4 2.50982 0 
4 2.5128 0 
4 2.51578 0 
4 2.51876 0 
4 2.52174 0 
4 2.52472 0 
4 2.5277 0 
4 2.53068 0 
4 2.53366 0 
4 2.53664 0 
4 2.53962 0 
4 2.5426 0 
4 2.54558 0 
4 2.54856 0 
4 2.55154 0 
4 2.55452 0 
4 2.5575 0 
4 2.56048 0 
4 2.56346 0 
4 2.56644 0 
4 2.56942 0 
4 2.5724 0 
4 2.57539 0 
4 2.57837 0 
4 2.58135 0 
4 2.58433 0 
4 2.58731 0 
4 2.59029 0 
4 2.59327 0 
4 2.59625 0 
4 2.59923 0 
4 2.60221 0 
4 2.60519 0 
4 2.60817 0 
4 2.61115 0 
4 2.61413 0 
4 2.61711 0 
4 2.62009 0 
4 2.62307 0 
4 2.62605 0 
4 2.62903 0 
4 2.63201 0 
4 2.63499 0 
4 2.63797 0 
4 2.64095 0 
4 2.64393 0 
4 2.64691 0 
4 2.6499 0 
4 2.65288 0 
4 2.65586 0 
4 2.65884 0 
4 2.66182 0 
4 2.6648 0 
4 2.66778 0 
4 2.67076 0 
4 2.67374 0 
4 2.67672 0 
4 2.6797 0 
4 2.68268 0 
4 2.68566 0 
4 2.68864 0 
4 2.69162 0 
4 2.6946 0 
4 2.69758 0 
4 2.70056 0 
4 2.70354 0 
4 2.70652 0 
4 2.7095 0 
4 2.71248 0 
4 2.71547 0 
4 2.71845 0 
4 2.72143 0 
4 2.72441 0 
4 2.72739 0 
4 2.73037 0 
4 2.73335 0 
4 2.73633 0 
4 2.73931 0 
4 2.74229 0 
4 2.74527 0 
4 2.74825 0 
4 2.75123 0 
4 2.75421 0 
4 2.75719 0 
4 2.76017 0 
4 2.76315 0 
4 2.76613 0 
4 2.76911 0 
4 2.77209 0 
4 2.77507 0 
4 2.77806 0 
4 2.78104 0 
4 2.78402 0 
4 2.787 0 
4 2.78998 0 
4 2.79296 0 
4 2.79594 0 
4 2.79892 0 
4 2.8019 0 
4 2.80488 0 
4 2.80786 0 
4 2.81084 0 
4 2.81382 0 
4 2.8168 0 
4 2.81978 0 
4 2.82276 0 
4 2.82574 0 
4 2.82872 0 
4 2.8317 0 
4 2.83468 0 
4 2.83767 0 
4 2.84065 0 
4 2.84363 0 
4 2.84661 0 
4 2.84959 0 
4 2.85257 0 
4 2.85555 0 
4 2.85853 0 
4 2.86151 0 
4 2.86449 0 
4 2.86747 0 
4 2.87045 0 
4 2.87343 0 
4 2.87641 0 
4 2.87939 0 
4 2.88237 0 
4 2.88535 0 
4 2.88833 0 
4 2.89131 0 
4 2.89429 0 
4 2.89727 0 
4 2.90026 0 
4 2.90324 0 
4 2.90622 0 
4 2.9092 0 
4 2.91218 0 
4 2.91516 0 
4 2.91814 0 
4 2.92112 0 
4 2.9241 0 
4 2.92708 0 
4 2.93006 0 
4 2.93304 0 
4 2.93602 0 
4 2.939 0 
4 2.94198 0 
4 2.94496 0 
4 2.94794 0 
4 2.95092 0 
4 2.95391 0 
4 2.95688 0 
4 2.95987 0 
4 2.96285 0 
4 2.96583 0 
4 2.96881 0 
4 2.97179 0 
4 2.97477 0 
4 2.97775 0 
4 2.98073 0 
4 2.98371 0 
4 2.98669 0 
4 2.98967 0 
4 2.99265 0 
4 2.99563 0 
4 2.99861 0 
4 3.00159 0 
4 3.00457 0 
4 3.00755 0 
4 3.01053 0 
4 3.01352 0 
4 3.0165 0 
4 3.01948 0 
4 3.02246 0 
4 3.02544 0 
4 3.02842 0 
4 3.0314 0 
4 3.03438 0 
4 3.03736 0 
4 3.04034 0 
4 3.04332 0 
4 3.0463 0 
4 3.04928 0 
4 3.05226 0 
4 3.05524 0 
4 3.05822 0 
4 3.0612 0 
4 3.06418 0 
4 3.06716 0 
4 3.07014 0 
4 3.07313 0 
4 3.07611 0 
4 3.07909 0 
4 3.08207 0 
4 3.08505 0 
4 3.08803 0 
4 3.09101 0 
4 3.09399 0 
4 3.09697 0 
4 3.09995 0 
4 3.10293 0 
4 3.10591 0 
4 3.10889 0 
4 3.11187 0 
4 3.11485 0 
4 3.11783 0 
4 3.12081 0 
4 3.12379 0 
4 3.12677 0 
4 3.12975 0 
4 3.13273 0 
4 3.13571 0 
4 3.1387 0 
4 3.14168 0 
4 3.14466 0 
4 3.14764 0 
4 3.15062 0 
4 3.1536 0 
4 3.15658 0 
4 3.15956 0 
4 3.16254 0 
4 3.16552 0 
4 3.1685 0 
4 3.17148 0 
4 3.17446 0 
4 3.17744 0 
4 3.18042 0 
4 3.1834 0 
4 3.18638 0 
4 3.18936 0 
4 3.19234 0 
4 3.19532 0 
4 3.1983 0 
4 3.20128 0 
4 3.20427 0 
4 3.20725 0 
4 3.21023 0 
4 3.21321 0 
4 3.21619 0 
4 3.21917 0 
4 3.22215 0 
4 3.22513 0 
4 3.22811 0 
4 3.23109 0 
4 3.23407 0 
4 3.23705 0 
4 3.24003 0 
4 3.24301 0 
4 3.24599 0 
4 3.24897 0 
4 3.25195 0 
4 3.25493 0 
4 3.25791 0 
4 3.26089 0 
4 3.26387 0 
4 3.26685 0 
4 3.26983 0 
4 3.27282 0 
4 3.2758 0 
4 3.27878 0 
4 3.28176 0 
4 3.28474 0 
4 3.28772 0 
4 3.2907 0 
4 3.29368 0 
4 3.29666 0 
4 3.29964 0 
4 3.30262 0 
4 3.3056 0 
4 3.30858 0 
4 3.31156 0 
4 3.31454 0 
4 3.31752 0 
4 3.3205 0 
4 3.32348 0 
4 3.32646 0 
4 3.32944 0 
4 3.33242 0 
4 3.3354 0 
4 3.33838 0 
4 3.34136 0 
4 3.34434 0 
4 3.34732 0 
4 3.3503 0 
4 3.35329 0 
4 3.35627 0 
4 3.35925 0 
4 3.36223 0 
4 3.36521 0 
4 3.36819 0 
4 3.37117 0 
4 3.37415 0 
4 3.37713 0 
4 3.38011 0 
4 3.38309 0 
4 3.38607 0 
4 3.38905 0 
4 3.39203 0 
4 3.39501 0 
4 3.39799 0 
4 3.40097 0 
4 3.40395 0 
4 3.40693 0 
4 3.40991 0 
4 3.41289 0 
4 3.41587 0 
4 3.41885 0 
4 3.42183 0 
4 3.42481 0 
4 3.42779 0 
4 3.43077 0 
4 3.43375 0 
4 3.43673 0 
4 3.43971 0 
4 3.44269 0 
4 3.44567 0 
4 3.44865 0 
4 3.45163 0 
4 3.45461 0 
4 3.4576 0 
4 3.46058 0 
4 3.46356 0 
4 3.46654 0 
4 3.46952 0 
4 3.4725 0 
4 3.47548 0 
4 3.47846 0 
4 3.48144 0 
4 3.48442 0 
4 3.4874 0 
4 3.49038 0 
4 3.49336 0 
4 3.49634 0 
4 3.49932 0 
4 3.5023 0 
4 3.50528 0 
4 3.50826 0 
4 3.51124 0 
4 3.51422 0 
4 3.5172 0 
4 3.52018 0 
4 3.52316 0 
4 3.52614 0 
4 3.52912 0 
4 3.5321 0 
4 3.53508 0 
4 3.53806 0 
4 3.54104 0 
4 3.54402 0 
4 3.547 0 
4 3.54998 0 
4 3.55296 0 
4 3.55594 0 
4 3.55892 0 
4 3.5619 0 
4 3.56488 0 
4 3.56786 0 
4 3.57084 0 
4 3.57382 0 
4 3.5768 0 
4 3.57978 0 
4 3.58276 0 
4 3.58574 0 
4 3.58872 0 
4 3.5917 0 
4 3.59468 0 
4 3.59766 0 
4 3.60064 0 
4 3.60362 0 
4 3.6066 0 
4 3.60958 0 
4 3.61256 0 
4 3.61554 0 
4 3.61852 0 
4 3.6215 0 
4 3.62448 0 
4 3.62746 0 
4 3.63044 0 
4 3.63342 0 
4 3.6364 0 
4 3.63938 0 
4 3.64236 0 
4 3.64534 0 
4 3.64832 0 
4 3.65129 0 
4 3.65427 0 
4 3.65725 0 
4 3.66023 0 
4 3.66321 0 
4 3.66619 0 
4 3.66917 0 
4 3.67215 0 
4 3.67513 0 
4 3.67811 0 
4 3.68109 0 
4 3.68407 0 
4 3.68705 0 
4 3.69003 0 
4 3.69301 0 
4 3.69599 0 
4 3.69897 0 
4 3.70195 0 
4 3.70493 0 
4 3.70791 0 
4 3.71089 0 
4 3.71387 0 
4 3.71685 0 
4 3.71983 0 
4 3.72281 0 
4 3.72578 0 
4 3.72876 0 
4 3.73174 0 
4 3.73472 0 
4 3.7377 0 
4 3.74068 0 
4 3.74366 0 
4 3.74664 0 
4 3.74962 0 
4 3.7526 0 
4 3.75558 0 
4 3.75856 0 
4 3.76154 0 
4 3.76452 0 
4 3.7675 0 
4 3.77047 0 
4 3.77345 0 
4 3.77643 0 
4 3.77941 0 
4 3.78239 0 
4 3.78537 0 
4 3.78835 0 
4 3.79133 0 
4 3.79431 0 
4 3.79729 0 
4 3.80027 0 
4 3.80325 0 
4 3.80622 0 
4 3.8092 0 
4 3.81218 0 
4 3.81516 0 
4 3.81814 0 
4 3.82112 0 
4 3.8241 0 
4 3.82708 0 
4 3.83006 0 
4 3.83303 0 
4 3.83601 0 
4 3.83899 0 
4 3.84197 0 
4 3.84495 0 
4 3.84793 0 
4 3.85091 0 
4 3.85389 0 
4 3.85686 0 
4 3.85984 0 
4 3.86282 0 
4 3.8658 0 
4 3.86878 0 
4 3.87176 0 
4 3.87474 0 
4 3.87771 0 
4 3.88069 0 
4 3.88367 0 
4 3.88665 0 
4 3.88963 0 
4 3.89261 0 
4 3.89558 0 
4 3.89856 0 
4 3.90154 0 
4 3.90452 0 
4 3.9075 0 
4 3.91048 0 
4 3.91345 0 
4 3.91643 0 
4 3.91941 0 
4 3.92239 0 
4 3.92537 0 
4 3.92834 0 
4 3.93132 0 
4 3.9343 0 
4 3.93728 0 
4 3.94026 0 
4 3.94323 0 
4 3.94621 0 
4 3.94919 0 
4 3.95217 0 
4 3.95515 0 
4 3.95812 0 
4 3.9611 0 
4 3.96408 0 
4 3.96706 0 
4 3.97003 0 
4 3.97301 0 
4 3.97599 0 
4 3.97897 0 
4 3.98194 0 
4 3.98492 0 
4 3.9879 0 
4 3.99088 0 
4 3.99385 0 
4 3.99683 0 
4 3.99981 0 
4 4.00278 0 
4 4.00576 0 
4 4.00874 0 
4 4.01172 0 
4 4.01469 0 
4 4.01767 0 
4 4.02065 0 
4 4.02362 0 
4 4.0266 0 
4 4.02958 0 
4 4.03255 0 
4 4.03553 0 
4 4.03851 0 
4 4.04148 0 
4 4.04446 0 
4 4.04744 0 
4 4.05041 0 
4 4.05339 0 
4 4.05637 0 
4 4.05934 0 
4 4.06232 0 
4 4.0653 0 
4 4.06827 0 
4 4.07125 0 
4 4.07422 0 
4 4.0772 0 
4 4.08018 0 
4 4.08315 0 
4 4.08613 0 
4 4.0891 0 
4 4.09208 0 
4 4.09505 0 
4 4.09803 0 
4 4.10101 0 
4 4.10398 0 
4 4.10696 0 
4 4.10993 0 
4 4.11291 0 
4 4.11588 0 
4 4.11886 0 
4 4.12183 0 
4 4.12481 0 
4 4.12778 0 
4 4.13076 0 
4 4.13373 0 
4 4.13671 0 
4 4.13968 0 
4 4.14266 0 
4 4.14563 0 
4 4.14861 0 
4 4.15158 0 
4 4.15456 0 
4 4.15753 0 
4 4.16051 0 
4 4.16348 0 
4 4.16646 0 
4 4.16943 0 
4 4.1724 0 
4 4.17538 0 
4 4.17835 0 
4 4.18133 0 
4 4.1843 0 
4 4.18727 0 
4 4.19025 0 
4 4.19322 0 
4 4.19619 0 
4 4.19917 0 
4 4.20214 0 
4 4.20511 0 
4 4.20809 0 
4 4.21106 0 
4 4.21403 0 
4 4.21701 0 
4 4.21998 0 
4 4.22295 0 
4 4.22593 0 
4 4.2289 0 
4 4.23187 0 
4 4.23484 0 
4 4.23782 0 
4 4.24079 0 
4 4.24376 0 
4 4.24673 0 
4 4.24971 0 
4 4.25268 0 
4 4.25565 0 
4 4.25862 0 
4 4.26159 0 
4 4.26457 0 
4 4.26754 0 
4 4.27051 0 
4 4.27348 0 
4 4.27645 0 
4 4.27942 0 
4 4.2824 0 
4 4.28537 0 
4 4.28834 0 
4 4.29131 0 
4 4.29428 0 
4 4.29725 0 
4 4.30022 0 
4 4.30319 0 
4 4.30616 0 
4 4.30913 0 
4 4.3121 0 
4 4.31507 0 
4 4.31804 0 
4 4.32101 0 
4 4.32398 0 
4 4.32695 0 
4 4.32992 0 
4 4.33289 0 
4 4.33586 0 
4 4.33883 0 
4 4.3418 0 
4 4.34477 0 
4 4.34774 0 
4 4.35071 0 
4 4.35368 0 
4 4.35665 0 
4 4.35961 0 
4 4.36258 0 
4 4.36555 0 
4 4.36852 0 
4 4.37149 0 
4 4.37446 0 
4 4.37742 0 
4 4.38039 0 
4 4.38336 0 
4 4.38633 0 
4 4.38929 0 
4 4.39226 0 
4 4.39523 0 
4 4.3982 0 
4 4.40116 0 
4 4.40413 0 
4 4.4071 0 
4 4.41006 0 
4 4.41303 0 
4 4.416 0 
4 4.41896 0 
4 4.42193 0 
4 4.4249 0 
4 4.42786 0 
4 4.43083 0 
4 4.4338 0 
4 4.43676 0 
4 4.43973 0 
4 4.44269 0 
4 4.44566 0 
4 4.44862 0 
4 4.45159 0 
4 4.45455 0 
4 4.45752 0 
4 4.46048 0 
4 4.46345 0 
4 4.46641 0 
4 4.46938 0 
4 4.47234 0 
4 4.47531 0 
4 4.47827 0 
4 4.48124 0 
4 4.4842 0 
4 4.48716 0 
4 4.49013 0 
4 4.49309 0 
4 4.49605 0 
4 4.49902 0 
4 4.50198 0 
4 4.50494 0 
4 4.50791 0 
4 4.51087 0 
4 4.51383 0 
4 4.5168 0 
4 4.51976 0 
4 4.52272 0 
4 4.52568 0 
4 4.52865 0 
4 4.53161 0 
4 4.53457 0 
4 4.53753 0 
4 4.54049 0 
4 4.54346 0 
4 4.54642 0 
4 4.54938 0 
4 4.55234 0 
4 4.5553 0 
4 4.55826 0 
4 4.56123 0 
4 4.56419 0 
4 4.56715 0 
4 4.57011 0 
4 4.57307 0 
4 4.57603 0 
4 4.57899 0 
4 4.58195 0 
4 4.58491 0 
4 4.58787 0 
4 4.59083 0 
4 4.59379 0 
4 4.59675 0 
4 4.59971 0 
4 4.60267 0 
4 4.60563 0 
4 4.60859 0 
4 4.61155 0 
4 4.61451 0 
4 4.61747 0 
4 4.62043 0 
4 4.62339 0 
4 4.62635 0 
4 4.62931 0 
4 4.63227 0 
4 4.63523 0 
4 4.63819 0 
4 4.64115 0 
4 4.64411 0 
4 4.64707 0 
4 4.65003 0 
4 4.65299 0 
4 4.65594 0 
4 4.6589 0 
4 4.66186 0 
4 4.66482 0 
4 4.66778 0 
4 4.67074 0 
4 4.6737 0 
4 4.67666 0 
4 4.67962 0 
4 4.68257 0 
4 4.68553 0 
4 4.68849 0 
4 4.69145 0 
4 4.69441 0 
4 4.69737 0 
4 4.70033 0 
4 4.70328 0 
4 4.70624 0 
4 4.7092 0 
4 4.71216 0 
4 4.71512 0 
4 4.71808 0 
4 4.72104 0 
4 4.724 0 
4 4.72695 0 
4 4.72991 0 
4 4.73287 0 
4 4.73583 0 
4 4.73879 0 
4 4.74175 0 
4 4.74471 0 
4 4.74767 0 
4 4.75063 0 
4 4.75359 0 
4 4.75654 0 
4 4.7595 0 
4 4.76246 0 
4 4.76542 0 
4 4.76838 0 
4 4.77134 0 
4 4.7743 0 
4 4.77726 0 
4 4.78022 0 
4 4.78318 0 
4 4.78614 0 
4 4.7891 0 
4 4.79206 0 
4 4.79502 0 
4 4.79798 0 
4 4.80094 0 
4 4.80391 0 
4 4.80687 0 
4 4.80983 0 
4 4.81279 0 
4 4.81575 0 
4 4.81871 0 
4 4.82167 0 
4 4.82463 0 
4 4.8276 0 
4 4.83056 0 
4 4.83352 0 
4 4.83648 0 
4 4.83945 0 
4 4.84241 0 
4 4.84537 0 
4 4.84833 0 
4 4.8513 0 
4 4.85426 0 
4 4.85722 0 
4 4.86019 0 
4 4.86315 0 
4 4.86612 0 
4 4.86908 0 
4 4.87204 0 
4 4.87501 0 
4 4.87797 0 
4 4.88094 0 
4 4.88391 0 
4 4.88687 0 
4 4.88984 0 
4 4.8928 0 
4 4.89577 0 
4 4.89874 0 
4 4.9017 0 
4 4.90467 0 
4 4.90764 0 
4 4.9106 0 
4 4.91357 0 
4 4.91654 0 
4 4.91951 0 
4 4.92248 0 
4 4.92545 0 
4 4.92842 0 
4 4.93138 0 
4 4.93435 0 
4 4.93732 0 
4 4.94029 0 
4 4.94326 0 
4 4.94624 0 
4 4.94921 0 
4 4.95218 0 
4 4.95515 0 
4 4.95812 0 
4 4.96109 0 
4 4.96407 0 
4 4.96704 0 
4 4.97001 0 
4 4.97298 0 
4 4.97596 0 
4 4.97893 0 
4 4.98191 0 
4 4.98488 0 
4 4.98785 0 
4 4.99083 0 
4 4.99381 0 
4 4.99678 0 
4 4.99976 0 
4 5.00273 0 
4 5.00571 0 
4 5.00869 0 
4 5.01166 0 
4 5.01464 0 
4 5.01762 0 
4 5.0206 0 
4 5.02357 0 
4 5.02655 0 
4 5.02953 0 
4 5.03251 0 
4 5.03549 0 
4 5.03847 0 
4 5.04145 0 
4 5.04443 0 
4 5.04741 0 
4 5.05039 0 
4 5.05337 0 
4 5.05635 0 
4 5.05934 0 
4 5.06232 0 
4 5.0653 0 
4 5.06828 0 
4 5.07127 0 
4 5.07425 0 
4 5.07723 0 
4 5.08022 0 
4 5.0832 0 
4 5.08619 0 
4 5.08917 0 
4 5.09216 0 
4 5.09514 0 
4 5.09813 0 
4 5.10111 0 
4 5.1041 0 
4 5.10708 0 
4 5.11007 0 
4 5.11306 0 
4 5.11605 0 
4 5.11903 0 
4 5.12202 0 
4 5.12501 0 
4 5.128 0 
4 5.13099 0 
4 5.13397 0 
4 5.13696 0 
4 5.13995 0 
4 5.14294 0 
4 5.14593 0 
4 5.14892 0 
4 5.15191 0 
4 5.1549 0 
4 5.15789 0 
4 5.16088 0 
4 5.16387 0 
4 5.16686 0 
4 5.16986 0 
4 5.17285 0 
4 5.17584 0 
4 5.17883 0 
4 5.18182 0 
4 5.18482 0 
4 5.18781 0 
4 5.1908 0 
4 5.19379 0 
4 5.19679 0 
4 5.19978 0 
4 5.20277 0 
4 5.20577 0 
4 5.20876 0 
4 5.21175 0 
4 5.21475 0 
4 5.21774 0 
4 5.22074 0 
4 5.22373 0 
4 5.22673 0 
4 5.22972 0 
4 5.23271 0 
4 5.23571 0 
4 5.23871 0 
4 5.2417 0 
4 5.2447 0 
4 5.24769 0 
4 5.25069 0 
4 5.25368 0 
4 5.25668 0 
4 5.25968 0 
4 5.26267 0 
4 5.26567 0 
4 5.26866 0 
4 5.27166 0 
4 5.27466 0 
4 5.27765 0 
4 5.28065 0 
4 5.28365 0 
4 5.28664 0 
4 5.28964 0 
4 5.29264 0 
4 5.29563 0 
4 5.29863 0 
4 5.30163 0 
4 5.30462 0 
4 5.30762 0 
4 5.31062 0 
4 5.31362 0 
4 5.31661 0 
4 5.31961 0 
4 5.32261 0 
4 5.32561 0 
4 5.3286 0 
4 5.3316 0 
4 5.3346 0 
4 5.3376 0 
4 5.34059 0 
4 5.34359 0 
4 5.34659 0 
4 5.34959 0 
4 5.35258 0 
4 5.35558 0 
4 5.35858 0 
4 5.36158 0 
4 5.36457 0 
4 5.36757 0 
4 5.37057 0 
4 5.37357 0 
4 5.37656 0 
4 5.37956 0 
4 5.38256 0 
4 5.38556 0 
4 5.38855 0 
4 5.39155 0 
4 5.39455 0 
4 5.39755 0 
4 5.40055 0 
4 5.40354 0 
4 5.40654 0 
4 5.40954 0 
4 5.41253 0 
4 5.41553 0 
4 5.41853 0 
4 5.42153 0 
4 5.42452 0 
4 5.42752 0 
4 5.43052 0 
4 5.43351 0 
4 5.43651 0 
4 5.43951 0 
4 5.4425 0 
4 5.4455 0 
4 5.4485 0 
4 5.4515 0 
4 5.45449 0 
4 5.45749 0 
4 5.46049 0 
4 5.46348 0 
4 5.46648 0 
4 5.46947 0 
4 5.47247 0 
4 5.47547 0 
4 5.47846 0 
4 5.48146 0 
4 5.48445 0 
4 5.48745 0 
4 5.49045 0 
4 5.49344 0 
4 5.49644 0 
4 5.49943 0 
4 5.50243 0 
4 5.50542 0 
4 5.50842 0 
4 5.51142 0 
4 5.51441 0 
4 5.51741 0 
4 5.5204 0 
4 5.5234 0 
4 5.52639 0 
4 5.52939 0 
4 5.53238 0 
4 5.53538 0 
4 5.53837 0 
4 5.54136 0 
4 5.54436 0 
4 5.54735 0 
4 5.55035 0 
4 5.55334 0 
4 5.55634 0 
4 5.55933 0 
4 5.56232 0 
4 5.56532 0 
4 5.56831 0 
4 5.57131 0 
4 5.5743 0 
4 5.57729 0 
4 5.58029 0 
4 5.58328 0 
4 5.58627 0 
4 5.58927 0 
4 5.59226 0 
4 5.59525 0 
4 5.59824 0 
4 5.60124 0 
4 5.60423 0 
4 5.60722 0 
4 5.61022 0 
4 5.61321 0 
4 5.6162 0 
4 5.61919 0 
4 5.62218 0 
4 5.62518 0 
4 5.62817 0 
4 5.63116 0 
4 5.63415 0 
4 5.63714 0 
4 5.64014 0 
4 5.64313 0 
4 5.64612 0 
4 5.64911 0 
4 5.6521 0 
4 5.65509 0 
4 5.65808 0 
4 5.66108 0 
4 5.66407 0 
4 5.66706 0 
4 5.67005 0 
4 5.67304 0 
4 5.67603 0 
4 5.67902 0 
4 5.68201 0 
4 5.685 0 
4 5.68799 0 
4 5.69098 0 
4 5.69397 0 
4 5.69696 0 
4 5.69995 0 
4 5.70294 0 
4 5.70593 0 
4 5.70892 0 
4 5.71191 0 
4 5.7149 0 
4 5.71789 0 
4 5.72088 0 
4 5.72387 0 
4 5.72686 0 
4 5.72985 0 
4 5.73284 0 
4 5.73583 0 
4 5.73882 0 
4 5.74181 0 
4 5.74479 0 
4 5.74778 0 
4 5.75077 0 
4 5.75376 0 
4 5.75675 0 
4 5.75974 0 
4 5.76273 0 
4 5.76572 0 
4 5.7687 0 
4 5.77169 0 
4 5.77468 0 
4 5.77767 0 
4 5.78066 0 
4 5.78364 0 
4 5.78663 0 
4 5.78962 0 
4 5.79261 0 
4 5.7956 0 
4 5.79858 0 
4 5.80157 0 
4 5.80456 0 
4 5.80755 0 
4 5.81053 0 
4 5.81352 0 
4 5.81651 0 
4 5.8195 0 
4 5.82248 0 
4 5.82547 0 
4 5.82846 0 
4 5.83144 0 
4 5.83443 0 
4 5.83742 0 
4 5.8404 0 
4 5.84339 0 
4 5.84638 0 
4 5.84936 0 
4 5.85235 0 
4 5.85534 0 
4 5.85832 0 
4 5.86131 0 
4 5.8643 0 
4 5.86728 0 
4 5.87027 0 
4 5.87326 0 
4 5.87624 0 
4 5.87923 0 
4 5.88221 0 
4 5.8852 0 
4 5.88819 0 
4 5.89117 0 
4 5.89416 0 
4 5.89714 0 
4 5.90013 0 
4 5.90311 0 
4 5.9061 0 
4 5.90909 0 
4 5.91207 0 
4 5.91506 0 
4 5.91804 0 
4 5.92103 0 
4 5.92401 0 
4 5.927 0 
4 5.92998 0 
4 5.93297 0 
4 5.93595 0 
4 5.93894 0 
4 5.94192 0 
4 5.94491 0 
4 5.94789 0 
4 5.95088 0 
4 5.95386 0 
4 5.95685 0 
4 5.95983 0 
4 5.96282 0 
4 5.9658 0 
4 5.96879 0 
4 5.97177 0 
4 5.97476 0 
4 5.97774 0 
4 5.98073 0 
4 5.98371 0 
4 5.9867 0 
4 5.98968 0 
4 5.99266 0 
4 5.99565 0 
4 5.99863 0 
4 6.00162 0 
4 6.0046 0 
4 6.00759 0 
4 6.01057 0 
4 6.01355 0 
4 6.01654 0 
4 6.01952 0 
4 6.02251 0 
4 6.02549 0 
4 6.02847 0 
4 6.03146 0 
4 6.03444 0 
4 6.03743 0 
4 6.04041 0 
4 6.04339 0 
4 6.04638 0 
4 6.04936 0 
4 6.05234 0 
4 6.05533 0 
4 6.05831 0 
4 6.0613 0 
4 6.06428 0 
4 6.06726 0 
4 6.07025 0 
4 6.07323 0 
4 6.07621 0 
4 6.0792 0 
4 6.08218 0 
4 6.08516 0 
4 6.08815 0 
4 6.09113 0 
4 6.09411 0 
4 6.0971 0 
4 6.10008 0 
4 6.10306 0 
4 6.10604 0 
4 6.10903 0 
4 6.11201 0 
4 6.11499 0 
4 6.11798 0 
4 6.12096 0 
4 6.12394 0 
4 6.12693 0 
4 6.12991 0 
4 6.13289 0 
4 6.13588 0 
4 6.13886 0 
4 6.14184 0 
4 6.14482 0 
4 6.14781 0 
4 6.15079 0 
4 6.15377 0 
4 6.15676 0 
4 6.15974 0 
4 6.16272 0 
4 6.1657 0 
4 6.16869 0 
4 6.17167 0 
4 6.17465 0 
4 6.17763 0 
4 6.18062 0 
4 6.1836 0 
4 6.18658 0 
4 6.18956 0 
4 6.19255 0 
4 6.19553 0 
4 6.19851 0 
4 6.2015 0 
4 6.20448 0 
4 6.20746 0 
4 6.21044 0 
4 6.21342 0 
4 6.21641 0 
4 6.21939 0 
4 6.22237 0 
4 6.22535 0 
4 6.22834 0 
4 6.23132 0 
4 6.2343 0 
4 6.23728 0 
4 6.24027 0 
4 6.24325 0 
4 6.24623 0 
4 6.24921 0 
4 6.25219 0 
4 6.25518 0 
4 6.25816 0 
4 6.26114 0 
4 6.26412 0 
4 6.26711 0 
4 6.27009 0 
4 6.27307 0 
4 6.27605 0 
4 6.27903 0 
4 6.28202 0 
4 6.285 0 
4 6.28798 0 
4 6.29096 0 
4 6.29394 0 
4 6.29693 0 
4 6.29991 0 
4 6.30289 0 
4 6.30587 0 
4 6.30885 0 
4 6.31184 0 
4 6.31482 0 
4 6.3178 0 
4 6.32078 0 
4 6.32376 0 
4 6.32675 0 
4 6.32973 0 
4 6.33271 0 
4 6.33569 0 
4 6.33867 0 
4 6.34165 0 
4 6.34464 0 
4 6.34762 0 
4 6.3506 0 
4 6.35358 0 
4 6.35656 0 
4 6.35954 0 
4 6.36253 0 
4 6.36551 0 
4 6.36849 0 
4 6.37147 0 
4 6.37445 0 
4 6.37744 0 
4 6.38042 0 
4 6.3834 0 
4 6.38638 0 
4 6.38936 0 
4 6.39234 0 
4 6.39532 0 
4 6.39831 0 
4 6.40129 0 
4 6.40427 0 
4 6.40725 0 
4 6.41023 0 
4 6.41321 0 
4 6.4162 0 
4 6.41918 0 
4 6.42216 0 
4 6.42514 0 
4 6.42812 0 
4 6.4311 0 
4 6.43409 0 
4 6.43707 0 
4 6.44005 0 
4 6.44303 0 
4 6.44601 0 
4 6.44899 0 
4 6.45197 0 
4 6.45496 0 
4 6.45794 0 
4 6.46092 0 
4 6.4639 0 
4 6.46688 0 
4 6.46986 0 
4 6.47284 0 
4 6.47583 0 
4 6.47881 0 
4 6.48179 0 
4 6.48477 0 
4 6.48775 0 
4 6.49073 0 
4 6.49371 0 
4 6.4967 0 
4 6.49968 0 
4 6.50266 0 
4 6.50564 0 
4 6.50862 0 
4 6.5116 0 
4 6.51458 0 
4 6.51757 0 
4 6.52055 0 
4 6.52353 0 
4 6.52651 0 
4 6.52949 0 
4 6.53247 0 
4 6.53545 0 
4 6.53843 0 
4 6.54142 0 
4 6.5444 0 
4 6.54738 0 
4 6.55036 0 
4 6.55334 0 
4 6.55632 0 
4 6.5593 0 
4 6.56228 0 
4 6.56527 0 
4 6.56825 0 
4 6.57123 0 
4 6.57421 0 
4 6.57719 0 
4 6.58017 0 
4 6.58315 0 
4 6.58613 0 
4 6.58912 0 
4 6.5921 0 
4 6.59508 0 
4 6.59806 0 
4 6.60104 0 
4 6.60402 0 
4 6.607 0 
4 6.60998 0 
4 6.61297 0 
4 6.61595 0 
4 6.61893 0 
4 6.62191 0 
4 6.62489 0 
4 6.62787 0 
4 6.63085 0 
4 6.63383 0 
4 6.63681 0 
4 6.6398 0 
4 6.64278 0 
4 6.64576 0 
4 6.64874 0 
4 6.65172 0 
4 6.6547 0 
4 6.65768 0 
4 6.66066 0 
4 6.66364 0 
4 6.66663 0 
4 6.66961 0 
4 6.67259 0 
4 6.67557 0 
4 6.67855 0 
4 6.68153 0 
4 6.68451 0 
4 6.68749 0 
4 6.69047 0 
4 6.69346 0 
4 6.69644 0 
4 6.69942 0 
4 6.7024 0 
4 6.70538 0 
4 6.70836 0 
4 6.71134 0 
4 6.71432 0 
4 6.7173 0 
4 6.72028 0 
4 6.72327 0 
4 6.72625 0 
4 6.72923 0 
4 6.73221 0 
4 6.73519 0 
4 6.73817 0 
4 6.74115 0 
4 6.74413 0 
4 6.74711 0 
4 6.7501 0 
4 6.75308 0 
4 6.75606 0 
4 6.75904 0 
4 6.76202 0 
4 6.765 0 
4 6.76798 0 
4 6.77096 0 
4 6.77394 0 
4 6.77692 0 
4 6.77991 0 
4 6.78289 0 
4 6.78587 0 
4 6.78885 0 
4 6.79183 0 
4 6.79481 0 
4 6.79779 0 
4 6.80077 0 
4 6.80375 0 
4 6.80673 0 
4 6.80972 0 
4 6.8127 0 
4 6.81568 0 
4 6.81866 0 
4 6.82164 0 
4 6.82462 0 
4 6.8276 0 
4 6.83058 0 
4 6.83356 0 
4 6.83654 0 
4 6.83953 0 
4 6.84251 0 
4 6.84549 0 
4 6.84847 0 
4 6.85145 0 
4 6.85443 0 
4 6.85741 0 
4 6.86039 0 
4 6.86337 0 
4 6.86635 0 
4 6.86933 0 
4 6.87232 0 
4 6.8753 0 
4 6.87828 0 
4 6.88126 0 
4 6.88424 0 
4 6.88722 0 
4 6.8902 0 
4 6.89318 0 
4 6.89616 0 
4 6.89914 0 
4 6.90213 0 
4 6.90511 0 
4 6.90809 0 
4 6.91107 0 
4 6.91405 0 
4 6.91703 0 
4 6.92001 0 
4 6.92299 0 
4 6.92597 0 
4 6.92895 0 
4 6.93193 0 
4 6.93492 0 
4 6.9379 0 
4 6.94088 0 
4 6.94386 0 
4 6.94684 0 
4 6.94982 0 
4 6.9528 0 
4 6.95578 0 
4 6.95876 0 
4 6.96174 0 
4 6.96472 0 
4 6.96771 0 
4 6.97069 0 
4 6.97367 0 
4 6.97665 0 
4 6.97963 0 
4 6.98261 0 
4 6.98559 0 
4 6.98857 0 
4 6.99155 0 
4 6.99453 0 
4 6.99751 0 
4 7.0005 0 
4 7.00348 0 
4 7.00646 0 
4 7.00944 0 
4 7.01242 0 
4 7.0154 0 
4 7.01838 0 
4 7.02136 0 
4 7.02434 0 
4 7.02732 0 
4 7.0303 0 
4 7.03329 0 
4 7.03627 0 
4 7.03925 0 
4 7.04223 0 
4 7.04521 0 
4 7.04819 0 
4 7.05117 0 
4 7.05415 0 
4 7.05713 0 
4 7.06011 0 
4 7.06309 0 
4 7.06607 0 
4 7.06906 0 
4 7.07204 0 
4 7.07502 0 
4 7.078 0 
4 7.08098 0 
4 7.08396 0 
4 7.08694 0 
4 7.08992 0 
4 7.0929 0 
4 7.09588 0 
4 7.09886 0 
4 7.10185 0 
4 7.10483 0 
4 7.10781 0 
4 7.11079 0 
4 7.11377 0 
4 7.11675 0 
4 7.11973 0 
4 7.12271 0 
4 7.12569 0 
4 7.12867 0 
4 7.13165 0 
4 7.13463 0 
4 7.13762 0 
4 7.1406 0 
4 7.14358 0 
4 7.14656 0 
4 7.14954 0 
4 7.15252 0 
4 7.1555 0 
4 7.15848 0 
4 7.16146 0 
4 7.16444 0 
4 7.16742 0 
4 7.1704 0 
4 7.17339 0 
4 7.17637 0 
4 7.17935 0 
4 7.18233 0 
4 7.18531 0 
4 7.18829 0 
4 7.19127 0 
4 7.19425 0 
4 7.19723 0 
4 7.20021 0 
4 7.20319 0 
4 7.20618 0 
4 7.20916 0 
4 7.21214 0 
4 7.21512 0 
4 7.2181 0 
4 7.22108 0 
4 7.22406 0 
4 7.22704 0 
4 7.23002 0 
4 7.233 0 
4 7.23598 0 
4 7.23896 0 
4 7.24195 0 
4 7.24493 0 
4 7.24791 0 
4 7.25089 0 
4 7.25387 0 
4 7.25685 0 
4 7.25983 0 
4 7.26281 0 
4 7.26579 0 
4 7.26877 0 
4 7.27175 0 
4 7.27473 0 
4 7.27772 0 
4 7.2807 0 
4 7.28368 0 
4 7.28666 0 
4 7.28964 0 
4 7.29262 0 
4 7.2956 0 
4 7.29858 0 
4 7.30156 0 
4 7.30454 0 
4 7.30752 0 
4 7.3105 0 
4 7.31349 0 
4 7.31647 0 
4 7.31945 0 
4 7.32243 0 
4 7.32541 0 
4 7.32839 0 
4 7.33137 0 
4 7.33435 0 
4 7.33733 0 
4 7.34031 0 
4 7.34329 0 
4 7.34627 0 
4 7.34926 0 
4 7.35224 0 
4 7.35522 0 
4 7.3582 0 
4 7.36118 0 
4 7.36416 0 
4 7.36714 0 
4 7.37012 0 
4 7.3731 0 
4 7.37608 0 
4 7.37906 0 
4 7.38205 0 
4 7.38503 0 
4 7.38801 0 
4 7.39099 0 
4 7.39397 0 
4 7.39695 0 
4 7.39993 0 
4 7.40291 0 
4 7.40589 0 
4 7.40887 0 
4 7.41185 0 
4 7.41483 0 
4 7.41781 0 
4 7.42079 0 
4 7.42378 0 
4 7.42676 0 
4 7.42974 0 
4 7.43272 0 
4 7.4357 0 
4 7.43868 0 
4 7.44166 0 
4 7.44464 0 
4 7.44762 0 
4 7.4506 0 
4 7.45358 0 
4 7.45657 0 
4 7.45955 0 
4 7.46253 0 
4 7.46551 0 
4 7.46849 0 
4 7.47147 0 
4 7.47445 0 
4 7.47743 0 
4 7.48041 0 
4 7.48339 0 
4 7.48637 0 
4 7.48935 0 
4 7.49234 0 
4 7.49532 0 
4 7.4983 0 
4 7.50128 0 
4 7.50426 0 
4 7.50724 0 
4 7.51022 0 
4 7.5132 0 
4 7.51618 0 
4 7.51916 0 
4 7.52214 0 
4 7.52512 0 
4 7.5281 0 
4 7.53108 0 
4 7.53407 0 
4 7.53705 0 
4 7.54003 0 
4 7.54301 0 
4 7.54599 0 
4 7.54897 0 
4 7.55195 0 
4 7.55493 0 
4 7.55791 0 
4 7.56089 0 
4 7.56387 0 
4 7.56686 0 
4 7.56984 0 
4 7.57282 0 
4 7.5758 0 
4 7.57878 0 
4 7.58176 0 
4 7.58474 0 
4 7.58772 0 
4 7.5907 0 
4 7.59368 0 
4 7.59666 0 
4 7.59964 0 
4 7.60263 0 
4 7.60561 0 
4 7.60859 0 
4 7.61157 0 
4 7.61455 0 
4 7.61753 0 
4 7.62051 0 
4 7.62349 0 
4 7.62647 0 
4 7.62945 0 
4 7.63243 0 
4 7.63541 0 
4 7.63839 0 
4 7.64137 0 
4 7.64436 0 
4 7.64734 0 
4 7.65032 0 
4 7.6533 0 
4 7.65628 0 
4 7.65926 0 
4 7.66224 0 
4 7.66522 0 
4 7.6682 0 
4 7.67118 0 
4 7.67416 0 
4 7.67715 0 
4 7.68013 0 
4 7.68311 0 
4 7.68609 0 
4 7.68907 0 
4 7.69205 0 
4 7.69503 0 
4 7.69801 0 
4 7.70099 0 
4 7.70397 0 
4 7.70695 0 
4 7.70993 0 
4 7.71291 0 
4 7.71589 0 
4 7.71888 0 
4 7.72186 0 
4 7.72484 0 
4 7.72782 0 
4 7.7308 0 
4 7.73378 0 
4 7.73676 0 
4 7.73974 0 
4 7.74272 0 
4 7.7457 0 
4 7.74868 0 
4 7.75167 0 
4 7.75465 0 
4 7.75763 0 
4 7.76061 0 
4 7.76359 0 
4 7.76657 0 
4 7.76955 0 
4 7.77253 0 
4 7.77551 0 
4 7.77849 0 
4 7.78147 0 
4 7.78445 0 
4 7.78743 0 
4 7.79041 0 
4 7.7934 0 
4 7.79638 0 
4 7.79936 0 
4 7.80234 0 
4 7.80532 0 
4 7.8083 0 
4 7.81128 0 
4 7.81426 0 
4 7.81724 0 
4 7.82022 0 
4 7.8232 0 
4 7.82618 0 
4 7.82917 0 
4 7.83215 0 
4 7.83513 0 
4 7.83811 0 
4 7.84109 0 
4 7.84407 0 
4 7.84705 0 
4 7.85003 0 
4 7.85301 0 
4 7.85599 0 
4 7.85897 0 
4 7.86195 0 
4 7.86493 0 
4 7.86792 0 
4 7.8709 0 
4 7.87388 0 
4 7.87686 0 
4 7.87984 0 
4 7.88282 0 
4 7.8858 0 
4 7.88878 0 
4 7.89176 0 
4 7.89474 0 
4 7.89772 0 
4 7.9007 0 
4 7.90369 0 
4 7.90667 0 
4 7.90965 0 
4 7.91263 0 
4 7.91561 0 
4 7.91859 0 
4 7.92157 0 
4 7.92455 0 
4 7.92753 0 
4 7.93051 0 
4 7.93349 0 
4 7.93647 0 
4 7.93945 0 
4 7.94244 0 
4 7.94542 0 
4 7.9484 0 
4 7.95138 0 
4 7.95436 0 
4 7.95734 0 
4 7.96032 0 
4 7.9633 0 
4 7.96628 0 
4 7.96926 0 
4 7.97224 0 
4 7.97522 0 
4 7.9782 0 
4 7.98119 0 
4 7.98417 0 
4 7.98715 0 
4 7.99013 0 
4 7.99311 0 
4 7.99609 0 
4 7.99907 0 
4 8.00205 0 
4 8.00503 0 
4 8.00801 0 
4 8.01099 0 
4 8.01397 0 
4 8.01696 0 
4 8.01994 0 
4 8.02292 0 
4 8.0259 0 
4 8.02888 0 
4 8.03186 0 
4 8.03484 0 
4 8.03782 0 
4 8.0408 0 
4 8.04378 0 
4 8.04676 0 
4 8.04974 0 
4 8.05272 0 
4 8.0557 0 
4 8.05869 0 
4 8.06167 0 
4 8.06465 0 
4 8.06763 0 
4 8.07061 0 
4 8.07359 0 
4 8.07657 0 
4 8.07955 0 
4 8.08253 0 
4 8.08551 0 
4 8.08849 0 
4 8.09147 0 
4 8.09446 0 
4 8.09744 0 
4 8.10042 0 
4 8.1034 0 
4 8.10638 0 
4 8.10936 0 
4 8.11234 0 
4 8.11532 0 
4 8.1183 0 
4 8.12128 0 
4 8.12426 0 
4 8.12724 0 
4 8.13022 0 
4 8.13321 0 
4 8.13619 0 
4 8.13917 0 
4 8.14215 0 
4 8.14513 0 
4 8.14811 0 
4 8.15109 0 
4 8.15407 0 
4 8.15705 0 
4 8.16003 0 
4 8.16301 0 
4 8.16599 0 
4 8.16897 0 
4 8.17196 0 
4 8.17494 0 
4 8.17792 0 
4 8.1809 0 
4 8.18388 0 
4 8.18686 0 
4 8.18984 0 
4 8.19282 0 
4 8.1958 0 
4 8.19878 0 
4 8.20176 0 
4 8.20474 0 
4 8.20773 0 
4 8.21071 0 
4 8.21369 0 
4 8.21667 0 
4 8.21965 0 
4 8.22263 0 
4 8.22561 0 
4 8.22859 0 
4 8.23157 0 
4 8.23455 0 
4 8.23753 0 
4 8.24051 0 
4 8.24349 0 
4 8.24647 0 
4 8.24946 0 
4 8.25244 0 
4 8.25542 0 
4 8.2584 0 
4 8.26138 0 
4 8.26436 0 
4 8.26734 0 
4 8.27032 0 
4 8.2733 0 
4 8.27628 0 
4 8.27926 0 
4 8.28224 0 
4 8.28522 0 
4 8.28821 0 
4 8.29119 0 
4 8.29417 0 
4 8.29715 0 
4 8.30013 0 
4 8.30311 0 
4 8.30609 0 
4 8.30907 0 
4 8.31205 0 
4 8.31503 0 
4 8.31801 0 
4 8.32099 0 
4 8.32397 0 
4 8.32696 0 
4 8.32994 0 
4 8.33292 0 
4 8.3359 0 
4 8.33888 0 
4 8.34186 0 
4 8.34484 0 
4 8.34782 0 
4 8.3508 0 
4 8.35378 0 
4 8.35676 0 
4 8.35974 0 
4 8.36273 0 
4 8.36571 0 
4 8.36869 0 
4 8.37167 0 
4 8.37465 0 
4 8.37763 0 
4 8.38061 0 
4 8.38359 0 
4 8.38657 0 
4 8.38955 0 
4 8.39253 0 
4 8.39551 0 
4 8.39849 0 
4 8.40147 0 
4 8.40446 0 
4 8.40744 0 
4 8.41042 0 
4 8.4134 0 
4 8.41638 0 
4 8.41936 0 
4 8.42234 0 
4 8.42532 0 
4 8.4283 0 
4 8.43128 0 
4 8.43426 0 
4 8.43724 0 
4 8.44022 0 
4 8.44321 0 
4 8.44619 0 
4 8.44917 0 
4 8.45215 0 
4 8.45513 0 
4 8.45811 0 
4 8.46109 0 
4 8.46407 0 
4 8.46705 0 
4 8.47003 0 
4 8.47301 0 
4 8.47599 0 
4 8.47897 0 
4 8.48196 0 
4 8.48494 0 
4 8.48792 0 
4 8.4909 0 
4 8.49388 0 
4 8.49686 0 
4 8.49984 0 
4 8.50282 0 
4 8.5058 0 
4 8.50878 0 
4 8.51176 0 
4 8.51474 0 
4 8.51773 0 
4 8.52071 0 
4 8.52369 0 
4 8.52667 0 
4 8.52965 0 
4 8.53263 0 
4 8.53561 0 
4 8.53859 0 
4 8.54157 0 
4 8.54455 0 
4 8.54753 0 
4 8.55051 0 
4 8.55349 0 
4 8.55647 0 
4 8.55946 0 
4 8.56244 0 
4 8.56542 0 
4 8.5684 0 
4 8.57138 0 
4 8.57436 0 
4 8.57734 0 
4 8.58032 0 
4 8.5833 0 
4 8.58628 0 
4 8.58926 0 
4 8.59224 0 
4 8.59522 0 
4 8.59821 0 
4 8.60119 0 
4 8.60417 0 
4 8.60715 0 
4 8.61013 0 
4 8.61311 0 
4 8.61609 0 
4 8.61907 0 
4 8.62205 0 
4 8.62503 0 
4 8.62801 0 
4 8.63099 0 
4 8.63397 0 
4 8.63696 0 
4 8.63994 0 
4 8.64292 0 
4 8.6459 0 
4 8.64888 0 
4 8.65186 0 
4 8.65484 0 
4 8.65782 0 
4 8.6608 0 
4 8.66378 0 
4 8.66676 0 
4 8.66974 0 
4 8.67272 0 
4 8.67571 0 
4 8.67869 0 
4 8.68167 0 
4 8.68465 0 
4 8.68763 0 
4 8.69061 0 
4 8.69359 0 
4 8.69657 0 
4 8.69955 0 
4 8.70253 0 
4 8.70551 0 
4 8.70849 0 
4 8.71147 0 
4 8.71446 0 
4 8.71744 0 
4 8.72042 0 
4 8.7234 0 
4 8.72638 0 
4 8.72936 0 
4 8.73234 0 
4 8.73532 0 
4 8.7383 0 
4 8.74128 0 
4 8.74426 0 
4 8.74724 0 
4 8.75022 0 
4 8.75321 0 
4 8.75619 0 
4 8.75917 0 
4 8.76215 0 
4 8.76513 0 
4 8.76811 0 
4 8.77109 0 
4 8.77407 0 
4 8.77705 0 
4 8.78003 0 
4 8.78301 0 
4 8.78599 0 
4 8.78897 0 
4 8.79196 0 
4 8.79494 0 
4 8.79792 0 
4 8.8009 0 
4 8.80388 0 
4 8.80686 0 
4 8.80984 0 
4 8.81282 0 
4 8.8158 0 
4 8.81878 0 
4 8.82176 0 
4 8.82474 0 
4 8.82772 0 
4 8.8307 0 
4 8.83369 0 
4 8.83667 0 
4 8.83965 0 
4 8.84263 0 
4 8.84561 0 
4 8.84859 0 
4 8.85157 0 
4 8.85455 0 
4 8.85753 0 
4 8.86051 0 
4 8.86349 0 
4 8.86647 0 
4 8.86945 0 
4 8.87244 0 
4 8.87542 0 
4 8.8784 0 
4 8.88138 0 
4 8.88436 0 
4 8.88734 0 
4 8.89032 0 
4 8.8933 0 
4 8.89628 0 
4 8.89926 0 
4 8.90224 0 
4 8.90522 0 
4 8.9082 0 
4 8.91118 0 
4 8.91417 0 
4 8.91715 0 
4 8.92013 0 
4 8.92311 0 
4 8.92609 0 
4 8.92907 0 
4 8.93205 0 
4 8.93503 0 
4 8.93801 0 
4 8.94099 0 
4 8.94397 0 
4 8.94695 0 
4 8.94993 0 
4 8.95292 0 
4 8.9559 0 
4 8.95888 0 
4 8.96186 0 
4 8.96484 0 
4 8.96782 0 
4 8.9708 0 
4 8.97378 0 
4 8.97676 0 
4 8.97974 0 
4 8.98272 0 
4 8.9857 0 
4 8.98868 0 
4 8.99167 0 
4 8.99465 0 
4 8.99763 0 
4 9.00061 0 
4 9.00359 0 
4 9.00657 0 
4 9.00955 0 
4 9.01253 0 
4 9.01551 0 
4 9.01849 0 
4 9.02147 0 
4 9.02445 0 
4 9.02743 0 
4 9.03042 0 
4 9.0334 0 
4 9.03638 0 
4 9.03936 0 
4 9.04234 0 
4 9.04532 0 
4 9.0483 0 
4 9.05128 0 
4 9.05426 0 
4 9.05724 0 
4 9.06022 0 
4 9.0632 0 
4 9.06618 0 
4 9.06917 0 
4 9.07215 0 
4 9.07513 0 
4 9.07811 0 
4 9.08109 0 
4 9.08407 0 
4 9.08705 0 
4 9.09003 0 
4 9.09301 0 
4 9.09599 0 
4 9.09897 0 
4 9.10195 0 
4 9.10493 0 
4 9.10792 0 
4 9.1109 0 
4 9.11388 0 
4 9.11686 0 
4 9.11984 0 
4 9.12282 0 
4 9.1258 0 
4 9.12878 0 
4 9.13176 0 
4 9.13474 0 
4 9.13772 0 
4 9.1407 0 
4 9.14368 0 
4 9.14667 0 
4 9.14965 0 
4 9.15263 0 
4 9.15561 0 
4 9.15859 0 
4 9.16157 0 
4 9.16455 0 
4 9.16753 0 
4 9.17051 0 
4 9.17349 0 
4 9.17647 0 
4 9.17945 0 
4 9.18243 0 
4 9.18541 0 
4 9.1884 0 
4 9.19138 0 
4 9.19436 0 
4 9.19734 0 
4 9.20032 0 
4 9.2033 0 
4 9.20628 0 
4 9.20926 0 
4 9.21224 0 
4 9.21522 0 
4 9.2182 0 
4 9.22118 0 
4 9.22416 0 
4 9.22715 0 
4 9.23013 0 
4 9.23311 0 
4 9.23609 0 
4 9.23907 0 
4 9.24205 0 
4 9.24503 0 
4 9.24801 0 
4 9.25099 0 
4 9.25397 0 
4 9.25695 0 
4 9.25993 0 
4 9.26291 0 
4 9.26589 0 
4 9.26888 0 
4 9.27186 0 
4 9.27484 0 
4 9.27782 0 
4 9.2808 0 
4 9.28378 0 
4 9.28676 0 
4 9.28974 0 
4 9.29272 0 
4 9.2957 0 
4 9.29868 0 
4 9.30166 0 
4 9.30464 0 
4 9.30763 0 
4 9.31061 0 
4 9.31359 0 
4 9.31657 0 
4 9.31955 0 
4 9.32253 0 
4 9.32551 0 
4 9.32849 0 
4 9.33147 0 
4 9.33445 0 
4 9.33743 0 
4 9.34041 0 
4 9.34339 0 
4 9.34637 0 
4 9.34936 0 
4 9.35234 0 
4 9.35532 0 
4 9.3583 0 
4 9.36128 0 
4 9.36426 0 
4 9.36724 0 
4 9.37022 0 
4 9.3732 0 
4 9.37618 0 
4 9.37916 0 
4 9.38214 0 
4 9.38512 0 
4 9.38811 0 
4 9.39109 0 
4 9.39407 0 
4 9.39705 0 
4 9.40003 0 
4 9.40301 0 
4 9.40599 0 
4 9.40897 0 
4 9.41195 0 
4 9.41493 0 
4 9.41791 0 
4 9.42089 0 
4 9.42387 0 
4 9.42686 0 
4 9.42984 0 
4 9.43282 0 
4 9.4358 0 
4 9.43878 0 
4 9.44176 0 
4 9.44474 0 
4 9.44772 0 
4 9.4507 0 
4 9.45368 0 
4 9.45666 0 
4 9.45964 0 
4 9.46262 0 
4 9.4656 0 
4 9.46859 0 
4 9.47157 0 
4 9.47455 0 
4 9.47753 0 
4 9.48051 0 
4 9.48349 0 
4 9.48647 0 
4 9.48945 0 
4 9.49243 0 
4 9.49541 0 
4 9.49839 0 
4 9.50137 0 
4 9.50435 0 
4 9.50734 0 
4 9.51032 0 
4 9.5133 0 
4 9.51628 0 
4 9.51926 0 
4 9.52224 0 
4 9.52522 0 
4 9.5282 0 
4 9.53118 0 
4 9.53416 0 
4 9.53714 0 
4 9.54012 0 
4 9.5431 0 
4 9.54608 0 
4 9.54906 0 
4 9.55205 0 
4 9.55503 0 
4 9.55801 0 
4 9.56099 0 
4 9.56397 0 
4 9.56695 0 
4 9.56993 0 
4 9.57291 0 
4 9.57589 0 
4 9.57887 0 
4 9.58185 0 
4 9.58483 0 
4 9.58781 0 
4 9.5908 0 
4 9.59378 0 
4 9.59676 0 
4 9.59974 0 
4 9.60272 0 
4 9.6057 0 
4 9.60868 0 
4 9.61166 0 
4 9.61464 0 
4 9.61762 0 
4 9.6206 0 
4 9.62358 0 
4 9.62656 0 
4 9.62954 0 
4 9.63253 0 
4 9.63551 0 
4 9.63849 0 
4 9.64147 0 
4 9.64445 0 
4 9.64743 0 
4 9.65041 0 
4 9.65339 0 
4 9.65637 0 
4 9.65935 0 
4 9.66233 0 
4 9.66531 0 
4 9.66829 0 
4 9.67127 0 
4 9.67426 0 
4 9.67724 0 
4 9.68022 0 
4 9.6832 0 
4 9.68618 0 
4 9.68916 0 
4 9.69214 0 
4 9.69512 0 
4 9.6981 0 
4 9.70108 0 
4 9.70406 0 
4 9.70704 0 
4 9.71002 0 
4 9.71301 0 
4 9.71599 0 
4 9.71897 0 
4 9.72195 0 
4 9.72493 0 
4 9.72791 0 
4 9.73089 0 
4 9.73387 0 
4 9.73685 0 
4 9.73983 0 
4 9.74281 0 
4 9.74579 0 
4 9.74877 0 
4 9.75176 0 
4 9.75474 0 
4 9.75772 0 
4 9.7607 0 
4 9.76368 0 
4 9.76666 0 
4 9.76964 0 
4 9.77262 0 
4 9.7756 0 
4 9.77858 0 
4 9.78156 0 
4 9.78454 0 
4 9.78752 0 
4 9.7905 0 
4 9.79349 0 
4 9.79647 0 
4 9.79945 0 
4 9.80243 0 
4 9.80541 0 
4 9.80839 0 
4 9.81137 0 
4 9.81435 0 
4 9.81733 0 
4 9.82031 0 
4 9.82329 0 
4 9.82627 0 
4 9.82925 0 
4 9.83224 0 
4 9.83522 0 
4 9.8382 0 
4 9.84118 0 
4 9.84416 0 
4 9.84714 0 
4 9.85012 0 
4 9.8531 0 
4 9.85608 0 
4 9.85906 0 
4 9.86204 0 
4 9.86502 0 
4 9.868 0 
4 9.87098 0 
4 9.87397 0 
4 9.87695 0 
4 9.87993 0 
4 9.88291 0 
4 9.88589 0 
4 9.88887 0 
4 9.89185 0 
4 9.89483 0 
4 9.89781 0 
4 9.90079 0 
4 9.90377 0 
4 9.90675 0 
4 9.90973 0 
4 9.91272 0 
4 9.9157 0 
4 9.91868 0 
4 9.92166 0 
4 9.92464 0 
4 9.92762 0 
4 9.9306 0 
4 9.93358 0 
4 9.93656 0 
4 9.93954 0 
4 9.94252 0 
4 9.9455 0 
4 9.94848 0 
4 9.95146 0 
4 9.95444 0 
4 9.95743 0 
4 9.96041 0 
4 9.96339 0 
4 9.96637 0 
4 9.96935 0 
4 9.97233 0 
4 9.97531 0 
4 9.97829 0 
4 9.98127 0 
4 9.98425 0 
4 9.98723 0 
4 9.99021 0 
4 9.99319 0 
4 9.99617 0 
4 9.99916 0 
4 10.0021 0 
4 10.0051 0 
4 10.0081 0 
4 10.0111 0 
4 10.0141 0 
4 10.017 0 
4 10.02 0 
4 10.023 0 
4 10.026 0 
4 10.029 0 
4 10.0319 0 
4 10.0349 0 
4 10.0379 0 
4 10.0409 0 
4 10.0439 0 
4 10.0468 0 
4 10.0498 0 
4 10.0528 0 
4 10.0558 0 
4 10.0588 0 
4 10.0617 0 
4 10.0647 0 
4 10.0677 0 
4 10.0707 0 
4 10.0737 0 
4 10.0767 0 
4 10.0796 0 
4 10.0826 0 
4 10.0856 0 
4 10.0886 0 
4 10.0916 0 
4 10.0945 0 
4 10.0975 0 
4 10.1005 0 
4 10.1035 0 
4 10.1065 0 
4 10.1094 0 
4 10.1124 0 
4 10.1154 0 
4 10.1184 0 
4 10.1214 0 
4 10.1244 0 
4 10.1273 0 
4 10.1303 0 
4 10.1333 0 
4 10.1363 0 
4 10.1393 0 
4 10.1422 0 
4 10.1452 0 
4 10.1482 0 
4 10.1512 0 
4 10.1542 0 
4 10.1571 0 
4 10.1601 0 
4 10.1631 0 
4 10.1661 0 
4 10.1691 0 
4 10.172 0 
4 10.175 0 
4 10.178 0 
4 10.181 0 
4 10.184 0 
4 10.1869 0 
4 10.1899 0 
4 10.1929 0 
4 10.1959 0 
4 10.1989 0 
4 10.2018 0 
4 10.2048 0 
4 10.2078 0 
4 10.2108 0 
4 10.2138 0 
4 10.2167 0 
4 10.2197 0 
4 10.2227 0 
4 10.2257 0 
4 10.2287 0 
4 10.2317 0 
4 10.2346 0 
4 10.2376 0 
4 10.2406 0 
4 10.2436 0 
4 10.2466 0 
4 10.2495 0 
4 10.2525 0 
4 10.2555 0 
4 10.2585 0 
4 10.2615 0 
4 10.2644 0 
4 10.2674 0 
4 10.2704 0 
4 10.2734 0 
4 10.2764 0 
4 10.2793 0 
4 10.2823 0 
4 10.2853 0 
4 10.2883 0 
4 10.2913 0 
4 10.2942 0 
4 10.2972 0 
4 10.3002 0 
4 10.3032 0 
4 10.3062 0 
4 10.3091 0 
4 10.3121 0 
4 10.3151 0 
4 10.3181 0 
4 10.3211 0 
4 10.324 0 
4 10.327 0 
4 10.33 0 
4 10.333 0 
4 10.336 0 
4 10.339 0 
4 10.3419 0 
4 10.3449 0 
4 10.3479 0 
4 10.3509 0 
4 10.3539 0 
4 10.3568 0 
4 10.3598 0 
4 10.3628 0 
4 10.3658 0 
4 10.3688 0 
4 10.3717 0 
4 10.3747 0 
4 10.3777 0 
4 10.3807 0 
4 10.3837 0 
4 10.3867 0 
4 10.3896 0 
4 10.3926 0 
4 10.3956 0 
4 10.3986 0 
4 10.4016 0 
4 10.4045 0 
4 10.4075 0 
4 10.4105 0 
4 10.4135 0 
4 10.4165 0 
4 10.4194 0 
4 10.4224 0 
4 10.4254 0 
4 10.4284 0 
4 10.4314 0 
4 10.4343 0 
4 10.4373 0 
4 10.4403 0 
4 10.4433 0 
4 10.4463 0 
4 10.4492 0 
4 10.4522 0 
4 10.4552 0 
4 10.4582 0 
4 10.4612 0 
4 10.4641 0 
4 10.4671 0 
4 10.4701 0 
4 10.4731 0 
4 10.4761 0 
4 10.4791 0 
4 10.482 0 
4 10.485 0 
4 10.488 0 
4 10.491 0 
4 10.494 0 
4 10.4969 0 
4 10.4999 0 
4 10.5029 0 
4 10.5059 0 
4 10.5089 0 
4 10.5118 0 
4 10.5148 0 
4 10.5178 0 
4 10.5208 0 
4 10.5238 0 
4 10.5267 0 
4 10.5297 0 
4 10.5327 0 
4 10.5357 0 
4 10.5387 0 
4 10.5416 0 
4 10.5446 0 
4 10.5476 0 
4 10.5506 0 
4 10.5536 0 
4 10.5565 0 
4 10.5595 0 
4 10.5625 0 
4 10.5655 0 
4 10.5685 0 
4 10.5714 0 
4 10.5744 0 
4 10.5774 0 
4 10.5804 0 
4 10.5834 0 
4 10.5864 0 
4 10.5893 0 
4 10.5923 0 
4 10.5953 0 
4 10.5983 0 
4 10.6013 0 
4 10.6042 0 
4 10.6072 0 
4 10.6102 0 
4 10.6132 0 
4 10.6162 0 
4 10.6191 0 
4 10.6221 0 
4 10.6251 0 
4 10.6281 0 
4 10.6311 0 
4 10.6341 0 
4 10.637 0 
4 10.64 0 
4 10.643 0 
4 10.646 0 
4 10.649 0 
4 10.6519 0 
4 10.6549 0 
4 10.6579 0 
4 10.6609 0 
4 10.6639 0 
4 10.6668 0 
4 10.6698 0 
4 10.6728 0 
4 10.6758 0 
4 10.6788 0 
4 10.6817 0 
4 10.6847 0 
4 10.6877 0 
4 10.6907 0 
4 10.6937 0 
4 10.6966 0 
4 10.6996 0 
4 10.7026 0 
4 10.7056 0 
4 10.7086 0 
4 10.7115 0 
4 10.7145 0 
4 10.7175 0 
4 10.7205 0 
4 10.7235 0 
4 10.7265 0 
4 10.7294 0 
4 10.7324 0 
4 10.7354 0 
4 10.7384 0 
4 10.7414 0 
4 10.7443 0 
4 10.7473 0 
4 10.7503 0 
4 10.7533 0 
4 10.7563 0 
4 10.7592 0 
4 10.7622 0 
4 10.7652 0 
4 10.7682 0 
4 10.7712 0 
4 10.7741 0 
4 10.7771 0 
4 10.7801 0 
4 10.7831 0 
4 10.7861 0 
4 10.789 0 
4 10.792 0 
4 10.795 0 
4 10.798 0 
4 10.801 0 
4 10.8039 0 
4 10.8069 0 
4 10.8099 0 
4 10.8129 0 
4 10.8159 0 
4 10.8189 0 
4 10.8218 0 
4 10.8248 0 
4 10.8278 0 
4 10.8308 0 
4 10.8338 0 
4 10.8367 0 
4 10.8397 0 
4 10.8427 0 
4 10.8457 0 
4 10.8487 0 
4 10.8516 0 
4 10.8546 0 
4 10.8576 0 
4 10.8606 0 
4 10.8636 0 
4 10.8665 0 
4 10.8695 0 
4 10.8725 0 
4 10.8755 0 
4 10.8785 0 
4 10.8815 0 
4 10.8844 0 
4 10.8874 0 
4 10.8904 0 
4 10.8934 0 
4 10.8964 0 
4 10.8993 0 
4 10.9023 0 
4 10.9053 0 
4 10.9083 0 
4 10.9113 0 
4 10.9142 0 
4 10.9172 0 
4 10.9202 0 
4 10.9232 0 
4 10.9262 0 
4 10.9291 0 
4 10.9321 0 
4 10.9351 0 
4 10.9381 0 
4 10.9411 0 
4 10.944 0 
4 10.947 0 
4 10.95 0 
4 10.953 0 
4 10.956 0 
4 10.9589 0 
4 10.9619 0 
4 10.9649 0 
4 10.9679 0 
4 10.9709 0 
4 10.9738 0 
4 10.9768 0 
4 10.9798 0 
4 10.9828 0 
4 10.9858 0 
4 10.9888 0 
4 10.9917 0 
4 10.9947 0 
4 10.9977 0 
4 11.0007 0 
4 11.0037 0 
4 11.0066 0 
4 11.0096 0 
4 11.0126 0 
4 11.0156 0 
4 11.0186 0 
4 11.0215 0 
4 11.0245 0 
4 11.0275 0 
4 11.0305 0 
4 11.0335 0 
4 11.0364 0 
4 11.0394 0 
4 11.0424 0 
4 11.0454 0 
4 11.0484 0 
4 11.0513 0 
4 11.0543 0 
4 11.0573 0 
4 11.0603 0 
4 11.0633 0 
4 11.0663 0 
4 11.0692 0 
4 11.0722 0 
4 11.0752 0 
4 11.0782 0 
4 11.0812 0 
4 11.0841 0 
4 11.0871 0 
4 11.0901 0 
4 11.0931 0 
4 11.0961 0 
4 11.099 0 
4 11.102 0 
4 11.105 0 
4 11.108 0 
4 11.111 0 
4 11.1139 0 
4 11.1169 0 
4 11.1199 0 
4 11.1229 0 
4 11.1259 0 
4 11.1289 0 
4 11.1318 0 
4 11.1348 0 
4 11.1378 0 
4 11.1408 0 
4 11.1438 0 
4 11.1467 0 
4 11.1497 0 
4 11.1527 0 
4 11.1557 0 
4 11.1587 0 
4 11.1616 0 
4 11.1646 0 
4 11.1676 0 
4 11.1706 0 
4 11.1736 0 
4 11.1765 0 
4 11.1795 0 
4 11.1825 0 
4 11.1855 0 
4 11.1885 0 
4 11.1914 0 
4 11.1944 0 
4 11.1974 0 
4 11.2004 0 
4 11.2034 0 
4 11.2063 0 
4 11.2093 0 
4 11.2123 0 
4 11.2153 0 
4 11.2183 0 
4 11.2212 0 
4 11.2242 0 
4 11.2272 0 
4 11.2302 0 
4 11.2332 0 
4 11.2362 0 
4 11.2391 0 
4 11.2421 0 
4 11.2451 0 
4 11.2481 0 
4 11.2511 0 
4 11.254 0 
4 11.257 0 
4 11.26 0 
4 11.263 0 
4 11.266 0 
4 11.2689 0 
4 11.2719 0 
4 11.2749 0 
4 11.2779 0 
4 11.2809 0 
4 11.2838 0 
4 11.2868 0 
4 11.2898 0 
4 11.2928 0 
4 11.2958 0 
4 11.2987 0 
4 11.3017 0 
4 11.3047 0 
4 11.3077 0 
4 11.3107 0 
4 11.3136 0 
4 11.3166 0 
4 11.3196 0 
4 11.3226 0 
4 11.3256 0 
4 11.3286 0 
4 11.3315 0 
4 11.3345 0 
4 11.3375 0 
4 11.3405 0 
4 11.3435 0 
4 11.3464 0 
4 11.3494 0 
4 11.3524 0 
4 11.3554 0 
4 11.3584 0 
4 11.3613 0 
4 11.3643 0 
4 11.3673 0 
4 11.3703 0 
4 11.3733 0 
4 11.3763 0 
4 11.3792 0 
4 11.3822 0 
4 11.3852 0 
4 11.3882 0 
4 11.3912 0 
4 11.3941 0 
4 11.3971 0 
4 11.4001 0 
4 11.4031 0 
4 11.4061 0 
4 11.409 0 
4 11.412 0 
4 11.415 0 
4 11.418 0 
4 11.421 0 
4 11.4239 0 
4 11.4269 0 
4 11.4299 0 
4 11.4329 0 
4 11.4359 0 
4 11.4388 0 
4 11.4418 0 
4 11.4448 0 
4 11.4478 0 
4 11.4508 0 
4 11.4537 0 
4 11.4567 0 
4 11.4597 0 
4 11.4627 0 
4 11.4657 0 
4 11.4686 0 
4 11.4716 0 
4 11.4746 0 
4 11.4776 0 
4 11.4806 0 
4 11.4836 0 
4 11.4865 0 
4 11.4895 0 
4 11.4925 0 
4 11.4955 0 
4 11.4985 0 
4 11.5014 0 
4 11.5044 0 
4 11.5074 0 
4 11.5104 0 
4 11.5134 0 
4 11.5163 0 
4 11.5193 0 
4 11.5223 0 
4 11.5253 0 
4 11.5283 0 
4 11.5312 0 
4 11.5342 0 
4 11.5372 0 
4 11.5402 0 
4 11.5432 0 
4 11.5461 0 
4 11.5491 0 
4 11.5521 0 
4 11.5551 0 
4 11.5581 0 
4 11.561 0 
4 11.564 0 
4 11.567 0 
4 11.57 0 
4 11.573 0 
4 11.576 0 
4 11.5789 0 
4 11.5819 0 
4 11.5849 0 
4 11.5879 0 
4 11.5909 0 
4 11.5938 0 
4 11.5968 0 
4 11.5998 0 
4 11.6028 0 
4 11.6058 0 
4 11.6087 0 
4 11.6117 0 
4 11.6147 0 
4 11.6177 0 
4 11.6207 0 
4 11.6236 0 
4 11.6266 0 
4 11.6296 0 
4 11.6326 0 
4 11.6356 0 
4 11.6386 0 
4 11.6415 0 
4 11.6445 0 
4 11.6475 0 
4 11.6505 0 
4 11.6535 0 
4 11.6564 0 
4 11.6594 0 
4 11.6624 0 
4 11.6654 0 
4 11.6684 0 
4 11.6713 0 
4 11.6743 0 
4 11.6773 0 
4 11.6803 0 
4 11.6833 0 
4 11.6862 0 
4 11.6892 0 
4 11.6922 0 
4 11.6952 0 
4 11.6982 0 
4 11.7011 0 
4 11.7041 0 
4 11.7071 0 
4 11.7101 0 
4 11.7131 0 
4 11.716 0 
4 11.719 0 
4 11.722 0 
4 11.725 0 
4 11.728 0 
4 11.731 0 
4 11.7339 0 
4 11.7369 0 
4 11.7399 0 
4 11.7429 0 
4 11.7459 0 
4 11.7488 0 
4 11.7518 0 
4 11.7548 0 
4 11.7578 0 
4 11.7608 0 
4 11.7637 0 
4 11.7667 0 
4 11.7697 0 
4 11.7727 0 
4 11.7757 0 
4 11.7786 0 
4 11.7816 0 
4 11.7846 0 
4 11.7876 0 
4 11.7906 0 
4 11.7935 0 
4 11.7965 0 
4 11.7995 0 
4 11.8025 0 
4 11.8055 0 
4 11.8084 0 
4 11.8114 0 
4 11.8144 0 
4 11.8174 0 
4 11.8204 0 
4 11.8233 0 
4 11.8263 0 
4 11.8293 0 
4 11.8323 0 
4 11.8353 0 
4 11.8383 0 
4 11.8412 0 
4 11.8442 0 
4 11.8472 0 
4 11.8502 0 
4 11.8532 0 
4 11.8561 0 
4 11.8591 0 
4 11.8621 0 
4 11.8651 0 
4 11.8681 0 
4 11.871 0 
4 11.874 0 
4 11.877 0 
4 11.88 0 
4 11.883 0 
4 11.886 0 
4 11.8889 0 
4 11.8919 0 
4 11.8949 0 
4 11.8979 0 
4 11.9009 0 
4 11.9038 0 
4 11.9068 0 
4 11.9098 0 
4 11.9128 0 
4 11.9158 0 
4 11.9187 0 
4 11.9217 0 
4 11.9247 0 
4 11.9277 0 
4 11.9307 0 
4 11.9336 0 
4 11.9366 0 
4 11.9396 0 
4 11.9426 0 
4 11.9456 0 
4 11.9485 0 
4 11.9515 0 
4 11.9545 0 
4 11.9575 0 
4 11.9605 0 
4 11.9634 0 
4 11.9664 0 
4 11.9694 0 
4 11.9724 0 
4 11.9754 0 
4 11.9784 0 
4 11.9813 0 
4 11.9843 0 
4 11.9873 0 
4 11.9903 0 
4 11.9933 0 
4 11.9962 0 
4 11.9992 0 
4 12.0022 0 
4 12.0052 0 
4 12.0082 0 
4 12.0111 0 
4 12.0141 0 
4 12.0171 0 
4 12.0201 0 
4 12.0231 0 
4 12.026 0 
4 12.029 0 
4 12.032 0 
4 12.035 0 
4 12.038 0 
4 12.0409 0 
4 12.0439 0 
4 12.0469 0 
4 12.0499 0 
4 12.0529 0 
4 12.0558 0 
4 12.0588 0 
4 12.0618 0 
4 12.0648 0 
4 12.0678 0 
4 12.0707 0 
4 12.0737 0 
4 12.0767 0 
4 12.0797 0 
4 12.0827 0 
4 12.0857 0 
4 12.0886 0 
4 12.0916 0 
4 12.0946 0 
4 12.0976 0 
4 12.1006 0 
4 12.1035 0 
4 12.1065 0 
4 12.1095 0 
4 12.1125 0 
4 12.1155 0 
4 12.1184 0 
4 12.1214 0 
4 12.1244 0 
4 12.1274 0 
4 12.1304 0 
4 12.1333 0 
4 12.1363 0 
4 12.1393 0 
4 12.1423 0 
4 12.1453 0 
4 12.1482 0 
4 12.1512 0 
4 12.1542 0 
4 12.1572 0 
4 12.1602 0 
4 12.1631 0 
4 12.1661 0 
4 12.1691 0 
4 12.1721 0 
4 12.1751 0 
4 12.1781 0 
4 12.181 0 
4 12.184 0 
4 12.187 0 
4 12.19 0 
4 12.193 0 
4 12.1959 0 
4 12.1989 0 
4 12.2019 0 
4 12.2049 0 
4 12.2079 0 
4 12.2108 0 
4 12.2138 0 
4 12.2168 0 
4 12.2198 0 
4 12.2228 0 
4 12.2258 0 
4 12.2287 0 
4 12.2317 0 
4 12.2347 0 
4 12.2377 0 
4 12.2407 0 
4 12.2436 0 
4 12.2466 0 
4 12.2496 0 
4 12.2526 0 
4 12.2556 0 
4 12.2585 0 
4 12.2615 0 
4 12.2645 0 
4 12.2675 0 
4 12.2705 0 
4 12.2734 0 
4 12.2764 0 
4 12.2794 0 
4 12.2824 0 
4 12.2854 0 
4 12.2883 0 
4 12.2913 0 
4 12.2943 0 
4 12.2973 0 
4 12.3003 0 
4 12.3032 0 
4 12.3062 0 
4 12.3092 0 
4 12.3122 0 
4 12.3152 0 
4 12.3181 0 
4 12.3211 0 
4 12.3241 0 
4 12.3271 0 
4 12.3301 0 
4 12.3331 0 
4 12.336 0 
4 12.339 0 
4 12.342 0 
4 12.345 0 
4 12.348 0 
4 12.3509 0 
4 12.3539 0 
4 12.3569 0 
4 12.3599 0 
4 12.3629 0 
4 12.3658 0 
4 12.3688 0 
4 12.3718 0 
4 12.3748 0 
4 12.3778 0 
4 12.3807 0 
4 12.3837 0 
4 12.3867 0 
4 12.3897 0 
4 12.3927 0 
4 12.3956 0 
4 12.3986 0 
4 12.4016 0 
4 12.4046 0 
4 12.4076 0 
4 12.4105 0 
4 12.4135 0 
4 12.4165 0 
4 12.4195 0 
4 12.4225 0 
4 12.4255 0 
4 12.4284 0 
4 12.4314 0 
4 12.4344 0 
4 12.4374 0 
4 12.4404 0 
4 12.4433 0 
4 12.4463 0 
4 12.4493 0 
4 12.4523 0 
4 12.4553 0 
4 12.4582 0 
4 12.4612 0 
4 12.4642 0 
4 12.4672 0 
4 12.4702 0 
4 12.4731 0 
4 12.4761 0 
4 12.4791 0 
4 12.4821 0 
4 12.4851 0 
4 12.4881 0 
4 12.491 0 
4 12.494 0 
4 12.497 0 
4 12.5 0 
4 12.503 0 
4 12.5059 0 
4 12.5089 0 
4 12.5119 0 
4 12.5149 0 
4 12.5179 0 
4 12.5208 0 
4 12.5238 0 
4 12.5268 0 
4 12.5298 0 
4 12.5328 0 
4 12.5357 0 
4 12.5387 0 
4 12.5417 0 
4 12.5447 0 
4 12.5477 0 
4 12.5506 0 
4 12.5536 0 
4 12.5566 0 
4 12.5596 0 
4 12.5626 0 
4 12.5655 0 
4 12.5685 0 
4 12.5715 0 
4 12.5745 0 
4 12.5775 0 
4 12.5805 0 
4 12.5834 0 
4 12.5864 0 
4 12.5894 0 
4 12.5924 0 
4 12.5954 0 
4 12.5983 0 
4 12.6013 0 
4 12.6043 0 
4 12.6073 0 
4 12.6103 0 
4 12.6132 0 
4 12.6162 0 
4 12.6192 0 
4 12.6222 0 
4 12.6252 0 
4 12.6281 0 
4 12.6311 0 
4 12.6341 0 
4 12.6371 0 
4 12.6401 0 
4 12.643 0 
4 12.646 0 
4 12.649 0 
4 12.652 0 
4 12.655 0 
4 12.6579 0 
4 12.6609 0 
4 12.6639 0 
4 12.6669 0 
4 12.6699 0 
4 12.6728 0 
4 12.6758 0 
4 12.6788 0 
4 12.6818 0 
4 12.6848 0 
4 12.6878 0 
4 12.6907 0 
4 12.6937 0 
4 12.6967 0 
4 12.6997 0 
4 12.7027 0 
4 12.7056 0 
4 12.7086 0 
4 12.7116 0 
4 12.7146 0 
4 12.7176 0 
4 12.7205 0 
4 12.7235 0 
4 12.7265 0 
4 12.7295 0 
4 12.7325 0 
4 12.7354 0 
4 12.7384 0 
4 12.7414 0 
4 12.7444 0 
4 12.7474 0 
4 12.7503 0 
4 12.7533 0 
4 12.7563 0 
4 12.7593 0 
4 12.7623 0 
4 12.7652 0 
4 12.7682 0 
4 12.7712 0 
4 12.7742 0 
4 12.7772 0 
4 12.7802 0 
4 12.7831 0 
4 12.7861 0 
4 12.7891 0 
4 12.7921 0 
4 12.7951 0 
4 12.798 0 
4 12.801 0 
4 12.804 0 
4 12.807 0 
4 12.81 0 
4 12.8129 0 
4 12.8159 0 
4 12.8189 0 
4 12.8219 0 
4 12.8249 0 
4 12.8279 0 
4 12.8308 0 
4 12.8338 0 
4 12.8368 0 
4 12.8398 0 
4 12.8428 0 
4 12.8457 0 
4 12.8487 0 
4 12.8517 0 
4 12.8547 0 
4 12.8577 0 
4 12.8606 0 
4 12.8636 0 
4 12.8666 0 
4 12.8696 0 
4 12.8726 0 
4 12.8755 0 
4 12.8785 0 
4 12.8815 0 
4 12.8845 0 
4 12.8875 0 
4 12.8904 0 
4 12.8934 0 
4 12.8964 0 
4 12.8994 0 
4 12.9024 0 
4 12.9053 0 
4 12.9083 0 
4 12.9113 0 
4 12.9143 0 
4 12.9173 0 
4 12.9202 0 
4 12.9232 0 
4 12.9262 0 
4 12.9292 0 
4 12.9322 0 
4 12.9352 0 
4 12.9381 0 
4 12.9411 0 
4 12.9441 0 
4 12.9471 0 
4 12.9501 0 
4 12.953 0 
4 12.956 0 
4 12.959 0 
4 12.962 0 
4 12.965 0 
4 12.9679 0 
4 12.9709 0 
4 12.9739 0 
4 12.9769 0 
4 12.9799 0 
4 12.9828 0 
4 12.9858 0 
4 12.9888 0 
4 12.9918 0 
4 12.9948 0 
4 12.9977 0 
4 13.0007 0 
4 13.0037 0 
4 13.0067 0 
4 13.0097 0 
4 13.0126 0 
4 13.0156 0 
4 13.0186 0 
4 13.0216 0 
4 13.0246 0 
4 13.0276 0 
4 13.0305 0 
4 13.0335 0 
4 13.0365 0 
4 13.0395 0 
4 13.0425 0 
4 13.0454 0 
4 13.0484 0 
4 13.0514 0 
4 13.0544 0 
4 13.0574 0 
4 13.0603 0 
4 13.0633 0 
4 13.0663 0 
4 13.0693 0 
4 13.0723 0 
4 13.0752 0 
4 13.0782 0 
4 13.0812 0 
4 13.0842 0 
4 13.0872 0 
4 13.0901 0 
4 13.0931 0 
4 13.0961 0 
4 13.0991 0 
4 13.1021 0 
4 13.105 0 
4 13.108 0 
4 13.111 0 
4 13.114 0 
4 13.117 0 
4 13.1199 0 
4 13.1229 0 
4 13.1259 0 
4 13.1289 0 
4 13.1319 0 
4 13.1349 0 
4 13.1378 0 
4 13.1408 0 
4 13.1438 0 
4 13.1468 0 
4 13.1498 0 
4 13.1527 0 
4 13.1557 0 
4 13.1587 0 
4 13.1617 0 
4 13.1647 0 
4 13.1676 0 
4 13.1706 0 
4 13.1736 0 
4 13.1766 0 
4 13.1796 0 
4 13.1826 0 
4 13.1855 0 
4 13.1885 0 
4 13.1915 0 
4 13.1945 0 
4 13.1975 0 
4 13.2004 0 
4 13.2034 0 
4 13.2064 0 
4 13.2094 0 
4 13.2124 0 
4 13.2153 0 
4 13.2183 0 
4 13.2213 0 
4 13.2243 0 
4 13.2273 0 
4 13.2302 0 
4 13.2332 0 
4 13.2362 0 
4 13.2392 0 
4 13.2422 0 
4 13.2451 0 
4 13.2481 0 
4 13.2511 0 
4 13.2541 0 
4 13.2571 0 
4 13.26 0 
4 13.263 0 
4 13.266 0 
4 13.269 0 
4 13.272 0 
4 13.275 0 
4 13.2779 0 
4 13.2809 0 
4 13.2839 0 
4 13.2869 0 
4 13.2899 0 
4 13.2928 0 
4 13.2958 0 
4 13.2988 0 
4 13.3018 0 
4 13.3048 0 
4 13.3077 0 
4 13.3107 0 
4 13.3137 0 
4 13.3167 0 
4 13.3197 0 
4 13.3226 0 
4 13.3256 0 
4 13.3286 0 
4 13.3316 0 
4 13.3346 0 
4 13.3375 0 
4 13.3405 0 
4 13.3435 0 
4 13.3465 0 
4 13.3495 0 
4 13.3524 0 
4 13.3554 0 
4 13.3584 0 
4 13.3614 0 
4 13.3644 0 
4 13.3673 0 
4 13.3703 0 
4 13.3733 0 
4 13.3763 0 
4 13.3793 0 
4 13.3823 0 
4 13.3852 0 
4 13.3882 0 
4 13.3912 0 
4 13.3942 0 
4 13.3972 0 
4 13.4001 0 
4 13.4031 0 
4 13.4061 0 
4 13.4091 0 
4 13.4121 0 
4 13.415 0 
4 13.418 0 
4 13.421 0 
4 13.424 0 
4 13.427 0 
4 13.4299 0 
4 13.4329 0 
4 13.4359 0 
4 13.4389 0 
4 13.4419 0 
4 13.4448 0 
4 13.4478 0 
4 13.4508 0 
4 13.4538 0 
4 13.4568 0 
4 13.4597 0 
4 13.4627 0 
4 13.4657 0 
4 13.4687 0 
4 13.4717 0 
4 13.4747 0 
4 13.4776 0 
4 13.4806 0 
4 13.4836 0 
4 13.4866 0 
4 13.4896 0 
4 13.4925 0 
4 13.4955 0 
4 13.4985 0 
4 13.5015 0 
4 13.5045 0 
4 13.5074 0 
4 13.5104 0 
4 13.5134 0 
4 13.5164 0 
4 13.5194 0 
4 13.5223 0 
4 13.5253 0 
4 13.5283 0 
4 13.5313 0 
4 13.5343 0 
4 13.5373 0 
4 13.5402 0 
4 13.5432 0 
4 13.5462 0 
4 13.5492 0 
4 13.5522 0 
4 13.5551 0 
4 13.5581 0 
4 13.5611 0 
4 13.5641 0 
4 13.5671 0 
4 13.57 0 
4 13.573 0 
4 13.576 0 
4 13.579 0 
4 13.582 0 
4 13.5849 0 
4 13.5879 0 
4 13.5909 0 
4 13.5939 0 
4 13.5969 0 
4 13.5998 0 
4 13.6028 0 
4 13.6058 0 
4 13.6088 0 
4 13.6118 0 
4 13.6147 0 
4 13.6177 0 
4 13.6207 0 
4 13.6237 0 
4 13.6267 0 
4 13.6297 0 
4 13.6326 0 
4 13.6356 0 
4 13.6386 0 
4 13.6416 0 
4 13.6446 0 
4 13.6475 0 
4 13.6505 0 
4 13.6535 0 
4 13.6565 0 
4 13.6595 0 
4 13.6624 0 
4 13.6654 0 
4 13.6684 0 
4 13.6714 0 
4 13.6744 0 
4 13.6773 0 
4 13.6803 0 
4 13.6833 0 
4 13.6863 0 
4 13.6893 0 
4 13.6922 0 
4 13.6952 0 
4 13.6982 0 
4 13.7012 0 
4 13.7042 0 
4 13.7071 0 
4 13.7101 0 
4 13.7131 0 
4 13.7161 0 
4 13.7191 0 
4 13.722 0 
4 13.725 0 
4 13.728 0 
4 13.731 0 
4 13.734 0 
4 13.737 0 
4 13.7399 0 
4 13.7429 0 
4 13.7459 0 
4 13.7489 0 
4 13.7519 0 
4 13.7548 0 
4 13.7578 0 
4 13.7608 0 
4 13.7638 0 
4 13.7668 0 
4 13.7697 0 
4 13.7727 0 
4 13.7757 0 
4 13.7787 0 
4 13.7817 0 
4 13.7846 0 
4 13.7876 0 
4 13.7906 0 
4 13.7936 0 
4 13.7966 0 
4 13.7995 0 
4 13.8025 0 
4 13.8055 0 
4 13.8085 0 
4 13.8115 0 
4 13.8144 0 
4 13.8174 0 
4 13.8204 0 
4 13.8234 0 
4 13.8264 0 
4 13.8294 0 
4 13.8323 0 
4 13.8353 0 
4 13.8383 0 
4 13.8413 0 
4 13.8443 0 
4 13.8472 0 
4 13.8502 0 
4 13.8532 0 
4 13.8562 0 
4 13.8592 0 
4 13.8621 0 
4 13.8651 0 
4 13.8681 0 
4 13.8711 0 
4 13.8741 0 
4 13.8771 0 
4 13.88 0 
4 13.883 0 
4 13.886 0 
4 13.889 0 
4 13.892 0 
4 13.8949 0 
4 13.8979 0 
4 13.9009 0 
4 13.9039 0 
4 13.9069 0 
4 13.9098 0 
4 13.9128 0 
4 13.9158 0 
4 13.9188 0 
4 13.9218 0 
4 13.9247 0 
4 13.9277 0 
4 13.9307 0 
4 13.9337 0 
4 13.9367 0 
4 13.9396 0 
4 13.9426 0 
4 13.9456 0 
4 13.9486 0 
4 13.9516 0 
4 13.9545 0 
4 13.9575 0 
4 13.9605 0 
4 13.9635 0 
4 13.9665 0 
4 13.9694 0 
4 13.9724 0 
4 13.9754 0 
4 13.9784 0 
4 13.9814 0 
4 13.9844 0 
4 13.9873 0 
4 13.9903 0 
4 13.9933 0 
4 13.9963 0 
4 13.9993 0 
4 14.0022 0 
4 14.0052 0 
4 14.0082 0 
4 14.0112 0 
4 14.0142 0 
4 14.0171 0 
4 14.0201 0 
4 14.0231 0 
4 14.0261 0 
4 14.0291 0 
4 14.032 0 
4 14.035 0 
4 14.038 0 
4 14.041 0 
4 14.044 0 
4 14.0469 0 
4 14.0499 0 
4 14.0529 0 
4 14.0559 0 
4 14.0589 0 
4 14.0618 0 
4 14.0648 0 
4 14.0678 0 
4 14.0708 0 
4 14.0738 0 
4 14.0768 0 
4 14.0797 0 
4 14.0827 0 
4 14.0857 0 
4 14.0887 0 
4 14.0917 0 
4 14.0946 0 
4 14.0976 0 
4 14.1006 0 
4 14.1036 0 
4 14.1066 0 
4 14.1095 0 
4 14.1125 0 
4 14.1155 0 
4 14.1185 0 
4 14.1215 0 
4 14.1244 0 
4 14.1274 0 
4 14.1304 0 
4 14.1334 0 
4 14.1364 0 
4 14.1393 0 
4 14.1423 0 
4 14.1453 0 
4 14.1483 0 
4 14.1513 0 
4 14.1542 0 
4 14.1572 0 
4 14.1602 0 
4 14.1632 0 
4 14.1662 0 
4 14.1691 0 
4 14.1721 0 
4 14.1751 0 
4 14.1781 0 
4 14.1811 0 
4 14.1841 0 
4 14.187 0 
4 14.19 0 
4 14.193 0 
4 14.196 0 
4 14.199 0 
4 14.2019 0 
4 14.2049 0 
4 14.2079 0 
4 14.2109 0 
4 14.2139 0 
4 14.2168 0 
4 14.2198 0 
4 14.2228 0 
4 14.2258 0 
4 14.2288 0 
4 14.2318 0 
4 14.2347 0 
4 14.2377 0 
4 14.2407 0 
4 14.2437 0 
4 14.2467 0 
4 14.2496 0 
4 14.2526 0 
4 14.2556 0 
4 14.2586 0 
4 14.2616 0 
4 14.2645 0 
4 14.2675 0 
4 14.2705 0 
4 14.2735 0 
4 14.2765 0 
4 14.2794 0 
4 14.2824 0 
4 14.2854 0 
4 14.2884 0 
4 14.2914 0 
4 14.2943 0 
4 14.2973 0 
4 14.3003 0 
4 14.3033 0 
4 14.3063 0 
4 14.3092 0 
4 14.3122 0 
4 14.3152 0 
4 14.3182 0 
4 14.3212 0 
4 14.3241 0 
4 14.3271 0 
4 14.3301 0 
4 14.3331 0 
4 14.3361 0 
4 14.3391 0 
4 14.342 0 
4 14.345 0 
4 14.348 0 
4 14.351 0 
4 14.354 0 
4 14.3569 0 
4 14.3599 0 
4 14.3629 0 
4 14.3659 0 
4 14.3689 0 
4 14.3718 0 
4 14.3748 0 
4 14.3778 0 
4 14.3808 0 
4 14.3838 0 
4 14.3867 0 
4 14.3897 0 
4 14.3927 0 
4 14.3957 0 
4 14.3987 0 
4 14.4016 0 
4 14.4046 0 
4 14.4076 0 
4 14.4106 0 
4 14.4136 0 
4 14.4165 0 
4 14.4195 0 
4 14.4225 0 
4 14.4255 0 
4 14.4285 0 
4 14.4315 0 
4 14.4344 0 
4 14.4374 0 
4 14.4404 0 
4 14.4434 0 
4 14.4464 0 
4 14.4493 0 
4 14.4523 0 
4 14.4553 0 
4 14.4583 0 
4 14.4613 0 
4 14.4642 0 
4 14.4672 0 
4 14.4702 0 
4 14.4732 0 
4 14.4762 0 
4 14.4791 0 
4 14.4821 0 
4 14.4851 0 
4 14.4881 0 
4 14.4911 0 
4 14.494 0 
4 14.497 0 
4 14.5 0 
4 14.503 0 
4 14.506 0 
4 14.5089 0 
4 14.5119 0 
4 14.5149 0 
4 14.5179 0 
4 14.5209 0 
4 14.5238 0 
4 14.5268 0 
4 14.5298 0 
4 14.5328 0 
4 14.5358 0 
4 14.5388 0 
4 14.5417 0 
4 14.5447 0 
4 14.5477 0 
4 14.5507 0 
4 14.5537 0 
4 14.5566 0 
4 14.5596 0 
4 14.5626 0 
4 14.5656 0 
4 14.5686 0 
4 14.5715 0 
4 14.5745 0 
4 14.5775 0 
4 14.5805 0 
4 14.5835 0 
4 14.5864 0 
4 14.5894 0 
4 14.5924 0 
4 14.5954 0 
4 14.5984 0 
4 14.6014 0 
4 14.6043 0 
4 14.6073 0 
4 14.6103 0 
4 14.6133 0 
4 14.6163 0 
4 14.6192 0 
4 14.6222 0 
4 14.6252 0 
4 14.6282 0 
4 14.6312 0 
4 14.6341 0 
4 14.6371 0 
4 14.6401 0 
4 14.6431 0 
4 14.6461 0 
4 14.649 0 
4 14.652 0 
4 14.655 0 
4 14.658 0 
4 14.661 0 
4 14.6639 0 
4 14.6669 0 
4 14.6699 0 
4 14.6729 0 
4 14.6759 0 
4 14.6789 0 
4 14.6818 0 
4 14.6848 0 
4 14.6878 0 
4 14.6908 0 
4 14.6938 0 
4 14.6967 0 
4 14.6997 0 
4 14.7027 0 
4 14.7057 0 
4 14.7087 0 
4 14.7116 0 
4 14.7146 0 
4 14.7176 0 
4 14.7206 0 
4 14.7236 0 
4 14.7265 0 
4 14.7295 0 
4 14.7325 0 
4 14.7355 0 
4 14.7385 0 
4 14.7414 0 
4 14.7444 0 
4 14.7474 0 
4 14.7504 0 
4 14.7534 0 
4 14.7563 0 
4 14.7593 0 
4 14.7623 0 
4 14.7653 0 
4 14.7683 0 
4 14.7712 0 
4 14.7742 0 
4 14.7772 0 
4 14.7802 0 
4 14.7832 0 
4 14.7862 0 
4 14.7891 0 
4 14.7921 0 
4 14.7951 0 
4 14.7981 0 
4 14.8011 0 
4 14.804 0 
4 14.807 0 
4 14.81 0 
4 14.813 0 
4 14.816 0 
4 14.8189 0 
4 14.8219 0 
4 14.8249 0 
4 14.8279 0 
4 14.8309 0 
4 14.8338 0 
4 14.8368 0 
4 14.8398 0 
4 14.8428 0 
4 14.8458 0 
4 14.8487 0 
4 14.8517 0 
4 14.8547 0 
4 14.8577 0 
4 14.8607 0 
4 14.8636 0 
4 14.8666 0 
4 14.8696 0 
4 14.8726 0 
4 14.8756 0 
4 14.8786 0 
4 14.8815 0 
4 14.8845 0 
4 14.8875 0 
4 14.8905 0 
4 14.8935 0 
4 14.8964 0 
4 14.8994 0 
4 14.9024 0 
4 14.9054 0 
4 14.9084 0 
4 14.9113 0 
4 14.9143 0 
4 14.9173 0 
4 14.9203 0 
4 14.9233 0 
4 14.9262 0 
4 14.9292 0 
4 14.9322 0 
4 14.9352 0 
4 14.9382 0 
4 14.9411 0 
4 14.9441 0 
4 14.9471 0 
4 14.9501 0 
4 14.9531 0 
4 14.956 0 
4 14.959 0 
4 14.962 0 
4 14.965 0 
4 14.968 0 
4 14.9709 0 
4 14.9739 0 
4 14.9769 0 
4 14.9799 0 
4 14.9829 0 
4 14.9859 0 
4 14.9888 0 
4 14.9918 0 
4 14.9948 0 
4 14.9978 0 
