0 1 5314.14 
0 1.04953 5187.24 
0 1.09905 5069.02 
0 1.14857 4958.53 
0 1.1981 4854.97 
0 1.24762 4757.63 
0 1.29715 4665.93 
0 1.34667 4579.33 
0 1.3962 4497.38 
0 1.44572 4419.67 
0 1.49525 4345.86 
0 1.54477 4275.63 
0 1.5943 4208.7 
0 1.64382 4144.82 
0 1.69335 4083.76 
0 1.74287 4025.32 
0 1.7924 3969.32 
0 1.84192 3915.59 
0 1.89145 3863.99 
0 1.94097 3814.37 
0 1.99049 3766.62 
0 2.04002 3720.62 
0 2.08955 3676.26 
0 2.13907 3633.46 
0 2.18859 3592.11 
0 2.23812 3552.15 
0 2.28764 3513.49 
0 2.33717 3476.06 
0 2.38669 3439.81 
0 2.43622 3404.67 
0 2.48574 3370.58 
0 2.53527 3337.5 
0 2.58479 3305.37 
0 2.63432 3274.15 
0 2.68384 3243.8 
0 2.73337 3214.28 
0 2.78289 3185.55 
0 2.83242 3157.58 
0 2.88194 3130.33 
0 2.93147 3103.78 
0 2.98099 3077.89 
0 3.03051 3052.63 
0 3.08004 3027.99 
0 3.12956 3003.94 
0 3.17909 2980.45 
0 3.22861 2957.5 
0 3.27814 2935.07 
0 3.32766 2913.15 
0 3.37719 2891.71 
0 3.42671 2870.74 
0 3.47624 2850.22 
0 3.52576 2830.13 
0 3.57529 2810.46 
0 3.62481 2791.19 
0 3.67434 2772.32 
0 3.72386 2753.82 
0 3.77339 2735.69 
0 3.82291 2717.91 
0 3.87244 2700.48 
0 3.92196 2683.37 
0 3.97149 2666.59 
0 4.02101 2650.12 
0 4.07053 2633.95 
0 4.12006 2618.07 
0 4.16958 2602.47 
0 4.21911 2587.15 
0 4.26863 2572.1 
0 4.31816 2557.31 
0 4.36768 2542.77 
0 4.41721 2528.47 
0 4.46673 2514.42 
0 4.51626 2500.59 
0 4.56578 2487 
0 4.61531 2473.62 
0 4.66483 2460.45 
0 4.71436 2447.49 
0 4.76388 2434.74 
0 4.81341 2422.18 
0 4.86293 2409.81 
0 4.91246 2397.64 
0 4.96198 2385.64 
0 5.01151 2373.82 
0 5.06103 2362.18 
0 5.11055 2350.71 
0 5.16008 2339.4 
0 5.2096 2328.25 
0 5.25913 2317.26 
0 5.30865 2306.43 
0 5.35818 2295.75 
0 5.4077 2285.21 
0 5.45723 2274.82 
0 5.50675 2264.57 
0 5.55628 2254.45 
0 5.6058 2244.47 
0 5.65533 2234.62 
0 5.70485 2224.9 
0 5.75438 2215.3 
0 5.8039 2205.83 
0 5.85343 2196.48 
0 5.90295 2187.25 
0 5.95248 2178.13 
0 6.002 2169.12 
0 6.05153 2160.23 
0 6.10105 2151.45 
0 6.15057 2142.77 
0 6.2001 2134.19 
0 6.24962 2125.72 
0 6.29915 2117.34 
0 6.34867 2109.07 
0 6.3982 2100.89 
0 6.44772 2092.81 
0 6.49725 2084.82 
0 6.54677 2076.92 
0 6.5963 2069.11 
0 6.64582 2061.38 
0 6.69535 2053.74 
0 6.74487 2046.19 
0 6.7944 2038.72 
0 6.84392 2031.33 
0 6.89345 2024.02 
0 6.94297 2016.79 
0 6.9925 2009.63 
0 7.04202 2002.55 
0 7.09155 1995.55 
0 7.14107 1988.62 
0 7.1906 1981.76 
0 7.24012 1974.97 
0 7.28965 1968.25 
0 7.33917 1961.59 
0 7.38869 1955.01 
0 7.43822 1948.49 
0 7.48774 1942.04 
0 7.53727 1935.64 
0 7.58679 1929.32 
0 7.63632 1923.05 
0 7.68584 1916.85 
0 7.73537 1910.7 
0 7.78489 1904.61 
0 7.83442 1898.58 
0 7.88394 1892.61 
0 7.93347 1886.69 
0 7.98299 1880.83 
0 8.03252 1875.02 
0 8.08204 1869.27 
0 8.13157 1863.57 
0 8.18109 1857.92 
0 8.23062 1852.32 
0 8.28014 1846.77 
0 8.32967 1841.28 
0 8.37919 1835.83 
0 8.42871 1830.42 
0 8.47824 1825.07 
0 8.52776 1819.76 
0 8.57729 1814.5 
0 8.62681 1809.29 
0 8.67634 1804.12 
0 8.72586 1798.99 
0 8.77539 1793.9 
0 8.82491 1788.87 
0 8.87444 1783.87 
0 8.92396 1778.91 
0 8.97349 1773.99 
0 9.02301 1769.12 
0 9.07254 1764.28 
0 9.12206 1759.49 
0 9.17159 1754.73 
0 9.22111 1750.01 
0 9.27064 1745.33 
0 9.32016 1740.69 
0 9.36969 1736.08 
0 9.41921 1731.51 
0 9.46873 1726.98 
0 9.51826 1722.48 
0 9.56778 1718.02 
0 9.61731 1713.59 
0 9.66683 1709.19 
0 9.71636 1704.83 
0 9.76588 1700.5 
0 9.81541 1696.21 
0 9.86493 1691.94 
0 9.91446 1687.71 
0 9.96398 1683.51 
0 10.0135 1679.34 
0 10.063 1675.21 
0 10.1126 1671.1 
0 10.1621 1667.02 
0 10.2116 1662.97 
0 10.2611 1658.96 
0 10.3107 1654.97 
0 10.3602 1651.01 
0 10.4097 1647.08 
0 10.4592 1643.17 
0 10.5087 1639.3 
0 10.5583 1635.45 
0 10.6078 1631.62 
0 10.6573 1627.83 
0 10.7068 1624.06 
0 10.7564 1620.32 
0 10.8059 1616.6 
0 10.8554 1612.91 
0 10.9049 1609.24 
0 10.9545 1605.6 
0 11.004 1601.98 
0 11.0535 1598.39 
0 11.103 1594.82 
0 11.1526 1591.27 
0 11.2021 1587.75 
0 11.2516 1584.26 
0 11.3011 1580.78 
0 11.3507 1577.33 
0 11.4002 1573.9 
0 11.4497 1570.49 
0 11.4992 1567.1 
0 11.5488 1563.74 
0 11.5983 1560.4 
0 11.6478 1557.08 
0 11.6974 1553.78 
0 11.7469 1550.5 
0 11.7964 1547.24 
0 11.8459 1544 
0 11.8955 1540.79 
0 11.945 1537.59 
0 11.9945 1534.41 
0 12.044 1531.25 
0 12.0936 1528.11 
0 12.1431 1524.99 
0 12.1926 1521.89 
0 12.2421 1518.81 
0 12.2917 1515.75 
0 12.3412 1512.71 
0 12.3907 1509.68 
0 12.4402 1506.67 
0 12.4897 1503.68 
0 12.5393 1500.71 
0 12.5888 1497.75 
0 12.6383 1494.82 
0 12.6878 1491.9 
0 12.7374 1488.99 
0 12.7869 1486.11 
0 12.8364 1483.24 
0 12.8859 1480.38 
0 12.9355 1477.55 
0 12.985 1474.73 
0 13.0345 1471.92 
0 13.084 1469.13 
0 13.1336 1466.36 
0 13.1831 1463.61 
0 13.2326 1460.86 
0 13.2821 1458.14 
0 13.3317 1455.43 
0 13.3812 1452.73 
0 13.4307 1450.05 
0 13.4802 1447.38 
0 13.5298 1444.73 
0 13.5793 1442.1 
0 13.6288 1439.47 
0 13.6783 1436.87 
0 13.7279 1434.27 
0 13.7774 1431.69 
0 13.8269 1429.12 
0 13.8764 1426.57 
0 13.926 1424.03 
0 13.9755 1421.51 
0 14.025 1419 
0 14.0745 1416.5 
0 14.1241 1414.01 
0 14.1736 1411.54 
0 14.2231 1409.08 
0 14.2726 1406.63 
0 14.3222 1404.2 
0 14.3717 1401.78 
0 14.4212 1399.37 
0 14.4707 1396.97 
0 14.5203 1394.59 
0 14.5698 1392.21 
0 14.6193 1389.85 
0 14.6688 1387.51 
0 14.7184 1385.17 
0 14.7679 1382.85 
0 14.8174 1380.53 
0 14.8669 1378.23 
0 14.9165 1375.94 
0 14.966 1373.66 
0 15.0155 1371.39 
0 15.065 1369.14 
0 15.1146 1366.89 
0 15.1641 1364.66 
0 15.2136 1362.44 
0 15.2631 1360.22 
0 15.3127 1358.02 
0 15.3622 1355.83 
0 15.4117 1353.65 
0 15.4612 1351.48 
0 15.5108 1349.32 
0 15.5603 1347.17 
0 15.6098 1345.04 
0 15.6593 1342.91 
0 15.7088 1340.79 
0 15.7584 1338.68 
0 15.8079 1336.58 
0 15.8574 1334.49 
0 15.907 1332.41 
0 15.9565 1330.35 
0 16.006 1328.29 
0 16.0555 1326.23 
0 16.105 1324.19 
0 16.1546 1322.16 
0 16.2041 1320.14 
0 16.2536 1318.13 
0 16.3031 1316.12 
0 16.3527 1314.13 
0 16.4022 1312.14 
0 16.4517 1310.17 
0 16.5012 1308.2 
0 16.5508 1306.24 
0 16.6003 1304.29 
0 16.6498 1302.35 
0 16.6993 1300.42 
0 16.7489 1298.49 
0 16.7984 1296.58 
0 16.8479 1294.67 
0 16.8974 1292.77 
0 16.947 1290.88 
0 16.9965 1289 
0 17.046 1287.13 
0 17.0955 1285.26 
0 17.1451 1283.4 
0 17.1946 1281.55 
0 17.2441 1279.71 
0 17.2936 1277.88 
0 17.3432 1276.05 
0 17.3927 1274.23 
0 17.4422 1272.42 
0 17.4917 1270.62 
0 17.5413 1268.83 
0 17.5908 1267.04 
0 17.6403 1265.26 
0 17.6898 1263.49 
0 17.7394 1261.72 
0 17.7889 1259.96 
0 17.8384 1258.21 
0 17.8879 1256.47 
0 17.9375 1254.73 
0 17.987 1253.01 
0 18.0365 1251.29 
0 18.086 1249.57 
0 18.1356 1247.86 
0 18.1851 1246.16 
0 18.2346 1244.47 
0 18.2841 1242.78 
0 18.3337 1241.1 
0 18.3832 1239.43 
0 18.4327 1237.76 
0 18.4822 1236.11 
0 18.5318 1234.45 
0 18.5813 1232.81 
0 18.6308 1231.17 
0 18.6803 1229.53 
0 18.7299 1227.91 
0 18.7794 1226.29 
0 18.8289 1224.67 
0 18.8784 1223.07 
0 18.928 1221.46 
0 18.9775 1219.87 
0 19.027 1218.28 
0 19.0765 1216.7 
0 19.1261 1215.12 
0 19.1756 1213.55 
0 19.2251 1211.99 
0 19.2746 1210.43 
0 19.3242 1208.88 
0 19.3737 1207.33 
0 19.4232 1205.79 
0 19.4727 1204.26 
0 19.5223 1202.73 
0 19.5718 1201.21 
0 19.6213 1199.69 
0 19.6708 1198.18 
0 19.7204 1196.67 
0 19.7699 1195.17 
0 19.8194 1193.68 
0 19.8689 1192.19 
0 19.9185 1190.71 
0 19.968 1189.23 
0 20.0175 1187.76 
0 20.067 1186.29 
0 20.1166 1184.83 
0 20.1661 1183.37 
0 20.2156 1181.92 
0 20.2651 1180.48 
0 20.3147 1179.04 
0 20.3642 1177.6 
0 20.4137 1176.17 
0 20.4632 1174.75 
0 20.5128 1173.33 
0 20.5623 1171.92 
0 20.6118 1170.51 
0 20.6613 1169.11 
0 20.7109 1167.71 
0 20.7604 1166.31 
0 20.8099 1164.92 
0 20.8594 1163.54 
0 20.909 1162.16 
0 20.9585 1160.79 
0 21.008 1159.42 
0 21.0575 1158.05 
0 21.1071 1156.69 
0 21.1566 1155.34 
0 21.2061 1153.99 
0 21.2556 1152.64 
0 21.3052 1151.31 
0 21.3547 1149.97 
0 21.4042 1148.64 
0 21.4537 1147.31 
0 21.5033 1145.99 
0 21.5528 1144.67 
0 21.6023 1143.36 
0 21.6518 1142.05 
0 21.7014 1140.75 
0 21.7509 1139.45 
0 21.8004 1138.15 
0 21.8499 1136.86 
0 21.8995 1135.58 
0 21.949 1134.29 
0 21.9985 1133.02 
0 22.048 1131.74 
0 22.0975 1130.47 
0 22.1471 1129.21 
0 22.1966 1127.95 
0 22.2461 1126.69 
0 22.2956 1125.44 
0 22.3452 1124.19 
0 22.3947 1122.95 
0 22.4442 1121.71 
0 22.4937 1120.47 
0 22.5433 1119.24 
0 22.5928 1118.02 
0 22.6423 1116.79 
0 22.6918 1115.57 
0 22.7414 1114.36 
0 22.7909 1113.15 
0 22.8404 1111.94 
0 22.8899 1110.73 
0 22.9395 1109.54 
0 22.989 1108.34 
0 23.0385 1107.15 
0 23.088 1105.96 
0 23.1376 1104.78 
0 23.1871 1103.59 
0 23.2366 1102.42 
0 23.2861 1101.24 
0 23.3357 1100.08 
0 23.3852 1098.91 
0 23.4347 1097.75 
0 23.4842 1096.59 
0 23.5338 1095.44 
0 23.5833 1094.29 
0 23.6328 1093.14 
0 23.6823 1091.99 
0 23.7319 1090.85 
0 23.7814 1089.72 
0 23.8309 1088.59 
0 23.8804 1087.46 
0 23.93 1086.33 
0 23.9795 1085.21 
0 24.029 1084.09 
0 24.0785 1082.97 
0 24.1281 1081.86 
0 24.1776 1080.75 
0 24.2271 1079.65 
0 24.2766 1078.55 
0 24.3262 1077.45 
0 24.3757 1076.35 
0 24.4252 1075.26 
0 24.4747 1074.17 
0 24.5243 1073.09 
0 24.5738 1072.01 
0 24.6233 1070.93 
0 24.6728 1069.85 
0 24.7224 1068.78 
0 24.7719 1067.71 
0 24.8214 1066.64 
0 24.8709 1065.58 
0 24.9205 1064.52 
0 24.97 1063.47 
0 25.0195 1062.41 
0 25.069 1061.36 
0 25.1186 1060.32 
0 25.1681 1059.27 
0 25.2176 1058.23 
0 25.2671 1057.19 
0 25.3167 1056.16 
0 25.3662 1055.13 
0 25.4157 1054.1 
0 25.4652 1053.07 
0 25.5148 1052.05 
0 25.5643 1051.03 
0 25.6138 1050.02 
0 25.6633 1049 
0 25.7129 1047.99 
0 25.7624 1046.98 
0 25.8119 1045.98 
0 25.8614 1044.98 
0 25.911 1043.98 
0 25.9605 1042.98 
0 26.01 1041.99 
0 26.0595 1041 
0 26.109 1040.01 
0 26.1586 1039.02 
0 26.2081 1038.04 
0 26.2576 1037.06 
0 26.3072 1036.09 
0 26.3567 1035.11 
0 26.4062 1034.14 
0 26.4557 1033.17 
0 26.5053 1032.21 
0 26.5548 1031.24 
0 26.6043 1030.28 
0 26.6538 1029.33 
0 26.7034 1028.37 
0 26.7529 1027.42 
0 26.8024 1026.47 
0 26.8519 1025.52 
0 26.9015 1024.58 
0 26.951 1023.64 
0 27.0005 1022.7 
0 27.05 1021.76 
0 27.0996 1020.83 
0 27.1491 1019.89 
0 27.1986 1018.97 
0 27.2481 1018.04 
0 27.2977 1017.11 
0 27.3472 1016.19 
0 27.3967 1015.27 
0 27.4462 1014.36 
0 27.4958 1013.44 
0 27.5453 1012.53 
0 27.5948 1011.62 
0 27.6443 1010.72 
0 27.6939 1009.81 
0 27.7434 1008.91 
0 27.7929 1008.01 
0 27.8424 1007.12 
0 27.892 1006.22 
0 27.9415 1005.33 
0 27.991 1004.44 
0 28.0405 1003.55 
0 28.0901 1002.67 
0 28.1396 1001.78 
0 28.1891 1000.9 
0 28.2386 1000.02 
0 28.2881 999.149 
0 28.3377 998.276 
0 28.3872 997.405 
0 28.4367 996.536 
0 28.4862 995.669 
0 28.5358 994.805 
0 28.5853 993.943 
0 28.6348 993.083 
0 28.6843 992.225 
0 28.7339 991.37 
0 28.7834 990.516 
0 28.8329 989.665 
0 28.8824 988.816 
0 28.932 987.97 
0 28.9815 987.125 
0 29.031 986.283 
0 29.0805 985.443 
0 29.1301 984.605 
0 29.1796 983.769 
0 29.2291 982.935 
0 29.2786 982.103 
0 29.3282 981.274 
0 29.3777 980.446 
0 29.4272 979.621 
0 29.4767 978.798 
0 29.5263 977.976 
0 29.5758 977.157 
0 29.6253 976.34 
0 29.6748 975.525 
0 29.7244 974.712 
0 29.7739 973.901 
0 29.8234 973.092 
0 29.8729 972.285 
0 29.9225 971.48 
0 29.972 970.677 
0 30.0215 969.876 
0 30.071 969.077 
0 30.1206 968.28 
0 30.1701 967.485 
0 30.2196 966.692 
0 30.2691 965.901 
0 30.3187 965.112 
0 30.3682 964.325 
0 30.4177 963.539 
0 30.4672 962.756 
0 30.5168 961.974 
0 30.5663 961.195 
0 30.6158 960.417 
0 30.6653 959.641 
0 30.7149 958.867 
0 30.7644 958.095 
0 30.8139 957.325 
0 30.8634 956.556 
0 30.913 955.79 
0 30.9625 955.025 
0 31.012 954.262 
0 31.0615 953.501 
0 31.1111 952.742 
0 31.1606 951.985 
0 31.2101 951.229 
0 31.2596 950.475 
0 31.3091 949.723 
0 31.3587 948.973 
0 31.4082 948.224 
0 31.4577 947.478 
0 31.5072 946.733 
0 31.5568 945.99 
0 31.6063 945.248 
0 31.6558 944.508 
0 31.7053 943.77 
0 31.7549 941.842 
0 31.8044 938.912 
0 31.8539 935.994 
0 31.9034 933.091 
0 31.953 930.2 
0 32.0025 927.324 
0 32.052 924.46 
0 32.1016 921.61 
0 32.1511 918.773 
0 32.2006 915.949 
0 32.2501 913.138 
0 32.2996 910.34 
0 32.3492 907.555 
0 32.3987 904.782 
0 32.4482 902.023 
0 32.4978 899.275 
0 32.5473 896.541 
0 32.5968 893.819 
0 32.6463 891.109 
0 32.6959 888.411 
0 32.7454 885.726 
0 32.7949 883.053 
0 32.8444 880.392 
0 32.8939 877.743 
0 32.9435 875.106 
0 32.993 872.481 
0 33.0425 869.867 
0 33.0921 867.265 
0 33.1416 864.675 
0 33.1911 862.097 
0 33.2406 859.53 
0 33.2901 856.975 
0 33.3397 854.43 
0 33.3892 851.898 
0 33.4387 849.376 
0 33.4882 846.866 
0 33.5378 844.366 
0 33.5873 841.878 
0 33.6368 839.401 
0 33.6863 836.935 
0 33.7359 834.479 
0 33.7854 832.034 
0 33.8349 829.601 
0 33.8844 827.177 
0 33.934 824.765 
0 33.9835 822.362 
0 34.033 819.971 
0 34.0825 817.59 
0 34.1321 815.219 
0 34.1816 812.858 
0 34.2311 810.508 
0 34.2806 808.168 
0 34.3302 805.838 
0 34.3797 803.518 
0 34.4292 801.208 
0 34.4787 798.908 
0 34.5283 796.617 
0 34.5778 794.337 
0 34.6273 792.067 
0 34.6768 789.806 
0 34.7264 787.555 
0 34.7759 785.313 
0 34.8254 783.081 
0 34.8749 780.859 
0 34.9245 778.646 
0 34.974 776.442 
0 35.0235 774.248 
0 35.073 772.063 
0 35.1226 769.887 
0 35.1721 767.721 
0 35.2216 765.563 
0 35.2711 763.415 
0 35.3207 761.275 
0 35.3702 759.145 
0 35.4197 757.024 
0 35.4692 754.911 
0 35.5188 752.807 
0 35.5683 750.712 
0 35.6178 748.626 
0 35.6673 746.549 
0 35.7169 744.48 
0 35.7664 742.419 
0 35.8159 740.368 
0 35.8654 738.324 
0 35.915 736.29 
0 35.9645 734.263 
0 36.014 732.245 
0 36.0635 730.235 
0 36.1131 728.234 
0 36.1626 726.241 
0 36.2121 724.256 
0 36.2616 722.279 
0 36.3112 720.31 
0 36.3607 718.349 
0 36.4102 716.396 
0 36.4597 714.451 
0 36.5093 712.514 
0 36.5588 710.585 
0 36.6083 708.664 
0 36.6578 706.75 
0 36.7073 704.844 
0 36.7569 702.946 
0 36.8064 701.056 
0 36.8559 699.173 
0 36.9055 697.298 
0 36.955 695.43 
0 37.0045 693.57 
0 37.054 691.717 
0 37.1035 689.872 
0 37.1531 688.034 
0 37.2026 686.203 
0 37.2521 684.38 
0 37.3017 682.564 
0 37.3512 680.755 
0 37.4007 678.953 
0 37.4502 677.159 
0 37.4997 675.371 
0 37.5493 673.591 
0 37.5988 671.818 
0 37.6483 670.052 
0 37.6979 668.292 
0 37.7474 666.54 
0 37.7969 664.794 
0 37.8464 663.055 
0 37.8959 661.323 
0 37.9455 659.598 
0 37.995 657.88 
0 38.0445 656.168 
0 38.0941 654.463 
0 38.1436 652.765 
0 38.1931 651.073 
0 38.2426 649.388 
0 38.2921 647.709 
0 38.3417 646.037 
0 38.3912 644.371 
0 38.4407 642.712 
0 38.4903 641.059 
0 38.5398 639.413 
0 38.5893 637.773 
0 38.6388 636.139 
0 38.6883 634.511 
0 38.7379 632.89 
0 38.7874 631.275 
0 38.8369 629.666 
0 38.8864 628.063 
0 38.936 626.466 
0 38.9855 624.875 
0 39.035 623.291 
0 39.0845 621.712 
0 39.1341 620.14 
0 39.1836 618.573 
0 39.2331 617.012 
0 39.2826 615.458 
0 39.3322 613.909 
0 39.3817 612.366 
0 39.4312 610.828 
0 39.4807 609.297 
0 39.5303 607.771 
0 39.5798 606.251 
0 39.6293 604.737 
0 39.6788 603.228 
0 39.7284 601.725 
0 39.7779 600.228 
0 39.8274 598.736 
0 39.8769 597.25 
0 39.9265 595.769 
0 39.976 594.294 
0 40.0255 592.824 
0 40.075 591.36 
0 40.1246 589.901 
0 40.1741 588.447 
0 40.2236 586.999 
0 40.2731 585.556 
0 40.3227 584.119 
0 40.3722 582.687 
0 40.4217 581.26 
0 40.4712 579.838 
0 40.5208 578.422 
0 40.5703 577.01 
0 40.6198 575.604 
0 40.6693 574.203 
0 40.7189 572.807 
0 40.7684 571.416 
0 40.8179 570.03 
0 40.8674 568.65 
0 40.917 567.274 
0 40.9665 565.903 
0 41.016 564.538 
0 41.0655 563.177 
0 41.1151 561.821 
0 41.1646 560.47 
0 41.2141 559.124 
0 41.2636 557.782 
0 41.3132 556.446 
0 41.3627 555.114 
0 41.4122 553.787 
0 41.4617 552.465 
0 41.5113 551.148 
0 41.5608 549.835 
0 41.6103 548.527 
0 41.6598 547.223 
0 41.7094 545.925 
0 41.7589 544.63 
0 41.8084 543.341 
0 41.8579 542.056 
0 41.9074 540.776 
0 41.957 539.5 
0 42.0065 538.228 
0 42.056 536.962 
0 42.1056 535.699 
0 42.1551 534.441 
0 42.2046 533.188 
0 42.2541 531.938 
0 42.3036 530.694 
0 42.3532 529.453 
0 42.4027 528.217 
0 42.4522 526.986 
0 42.5018 525.758 
0 42.5513 524.535 
0 42.6008 523.316 
0 42.6503 522.101 
0 42.6998 520.891 
0 42.7494 519.685 
0 42.7989 518.483 
0 42.8484 517.285 
0 42.898 516.091 
0 42.9475 514.902 
0 42.997 513.716 
0 43.0465 512.535 
0 43.096 511.358 
0 43.1456 510.184 
0 43.1951 509.015 
0 43.2446 507.85 
0 43.2942 506.689 
0 43.3437 505.531 
0 43.3932 504.378 
0 43.4427 503.229 
0 43.4922 502.084 
0 43.5418 500.942 
0 43.5913 499.804 
0 43.6408 498.671 
0 43.6904 497.541 
0 43.7399 496.415 
0 43.7894 495.293 
0 43.8389 494.174 
0 43.8884 493.059 
0 43.938 491.949 
0 43.9875 490.841 
0 44.037 489.738 
0 44.0865 488.638 
0 44.1361 487.542 
0 44.1856 486.45 
0 44.2351 485.362 
0 44.2846 484.276 
0 44.3342 483.195 
0 44.3837 482.117 
0 44.4332 481.043 
0 44.4827 479.973 
0 44.5323 478.906 
0 44.5818 477.842 
0 44.6313 476.783 
0 44.6808 475.726 
0 44.7304 474.673 
0 44.7799 473.624 
0 44.8294 472.578 
0 44.8789 471.536 
0 44.9285 470.497 
0 44.978 469.461 
0 45.0275 468.429 
0 45.077 467.4 
0 45.1266 466.375 
0 45.1761 465.353 
0 45.2256 464.334 
0 45.2751 463.319 
0 45.3247 462.307 
0 45.3742 461.298 
0 45.4237 460.293 
0 45.4732 459.291 
0 45.5228 458.292 
0 45.5723 457.297 
0 45.6218 456.304 
0 45.6713 455.315 
0 45.7209 454.329 
0 45.7704 453.347 
0 45.8199 452.367 
0 45.8694 451.391 
0 45.919 450.418 
0 45.9685 449.448 
0 46.018 448.481 
0 46.0675 447.517 
0 46.1171 446.557 
0 46.1666 445.599 
0 46.2161 444.645 
0 46.2656 443.693 
0 46.3152 442.745 
0 46.3647 441.799 
0 46.4142 440.857 
0 46.4637 439.918 
0 46.5133 438.981 
0 46.5628 438.048 
0 46.6123 437.118 
0 46.6618 436.19 
0 46.7114 435.266 
0 46.7609 434.345 
0 46.8104 433.426 
0 46.8599 432.51 
0 46.9094 431.598 
0 46.959 430.688 
0 47.0085 429.781 
0 47.058 428.877 
0 47.1076 427.975 
0 47.1571 427.077 
0 47.2066 426.181 
0 47.2561 425.288 
0 47.3056 424.398 
0 47.3552 423.511 
0 47.4047 422.627 
0 47.4542 421.745 
0 47.5037 420.866 
0 47.5533 419.99 
0 47.6028 419.116 
0 47.6523 418.246 
0 47.7019 417.378 
0 47.7514 416.512 
0 47.8009 415.65 
0 47.8504 414.79 
0 47.8999 413.933 
0 47.9495 413.078 
0 47.999 412.226 
0 48.0485 411.377 
0 48.0981 410.53 
0 48.1476 409.686 
0 48.1971 408.844 
0 48.2466 408.005 
0 48.2961 407.169 
0 48.3457 406.335 
0 48.3952 405.504 
0 48.4447 404.675 
0 48.4943 403.849 
0 48.5438 403.026 
0 48.5933 402.205 
0 48.6428 401.386 
0 48.6923 400.57 
0 48.7419 399.756 
0 48.7914 398.945 
0 48.8409 398.137 
0 48.8905 397.33 
0 48.94 396.527 
0 48.9895 395.725 
0 49.039 394.926 
0 49.0885 394.13 
0 49.1381 393.336 
0 49.1876 392.544 
0 49.2371 391.755 
0 49.2866 390.968 
0 49.3362 390.184 
0 49.3857 389.401 
0 49.4352 388.622 
0 49.4847 387.844 
0 49.5343 387.069 
0 49.5838 386.296 
0 49.6333 385.526 
0 49.6828 384.757 
0 49.7324 383.991 
0 49.7819 383.228 
0 49.8314 382.466 
0 49.8809 381.707 
0 49.9305 380.95 
0 49.98 380.196 
0 50.0295 379.444 
0 50.079 378.693 
0 50.1286 377.946 
0 50.1781 377.2 
0 50.2276 376.456 
0 50.2771 375.715 
0 50.3267 374.976 
0 50.3762 374.239 
0 50.4257 373.504 
0 50.4752 372.772 
0 50.5248 372.041 
0 50.5743 371.313 
0 50.6238 370.587 
0 50.6733 369.863 
0 50.7229 369.141 
0 50.7724 368.421 
0 50.8219 367.704 
0 50.8714 366.988 
0 50.921 366.274 
0 50.9705 365.563 
0 51.02 364.854 
0 51.0695 364.146 
0 51.1191 363.441 
0 51.1686 362.738 
0 51.2181 362.037 
0 51.2676 361.338 
0 51.3172 360.641 
0 51.3667 359.945 
0 51.4162 359.252 
0 51.4657 358.561 
0 51.5153 357.872 
0 51.5648 357.185 
0 51.6143 356.5 
0 51.6638 355.817 
0 51.7134 355.136 
0 51.7629 354.457 
0 51.8124 353.779 
0 51.8619 353.104 
0 51.9115 352.43 
0 51.961 351.759 
0 52.0105 351.089 
0 52.06 350.422 
0 52.1095 349.756 
0 52.1591 349.092 
0 52.2086 348.43 
0 52.2581 347.77 
0 52.3077 347.112 
0 52.3572 346.455 
0 52.4067 345.801 
0 52.4562 345.148 
0 52.5057 344.498 
0 52.5553 343.849 
0 52.6048 343.201 
0 52.6543 342.556 
0 52.7039 341.913 
0 52.7534 341.271 
0 52.8029 340.631 
0 52.8524 339.993 
0 52.9019 339.357 
0 52.9515 338.722 
0 53.001 338.089 
0 53.0505 337.459 
0 53.1001 336.829 
0 53.1496 336.202 
0 53.1991 335.576 
0 53.2486 334.952 
0 53.2981 334.33 
0 53.3477 333.71 
0 53.3972 333.091 
0 53.4467 332.474 
0 53.4963 331.859 
0 53.5458 331.245 
0 53.5953 330.633 
0 53.6448 330.023 
0 53.6944 329.414 
0 53.7439 328.808 
0 53.7934 328.202 
0 53.8429 327.599 
0 53.8924 326.997 
0 53.942 326.397 
0 53.9915 325.798 
0 54.041 325.202 
0 54.0906 324.606 
0 54.1401 324.013 
0 54.1896 323.421 
0 54.2391 322.83 
0 54.2886 322.242 
0 54.3382 321.655 
0 54.3877 321.069 
0 54.4372 320.485 
0 54.4867 319.903 
0 54.5363 319.322 
0 54.5858 318.743 
0 54.6353 318.165 
0 54.6848 317.589 
0 54.7344 317.015 
0 54.7839 316.442 
0 54.8334 315.871 
0 54.8829 315.301 
0 54.9325 314.733 
0 54.982 314.166 
0 55.0315 313.601 
0 55.081 313.037 
0 55.1306 312.475 
0 55.1801 311.914 
0 55.2296 311.355 
0 55.2791 310.797 
0 55.3287 310.241 
0 55.3782 309.687 
0 55.4277 309.133 
0 55.4772 308.582 
0 55.5268 308.031 
0 55.5763 307.483 
0 55.6258 306.935 
0 55.6753 306.39 
0 55.7249 305.845 
0 55.7744 305.302 
0 55.8239 304.761 
0 55.8734 304.221 
0 55.923 303.682 
0 55.9725 303.145 
0 56.022 302.61 
0 56.0715 302.075 
0 56.1211 301.542 
0 56.1706 301.011 
0 56.2201 300.481 
0 56.2696 299.952 
0 56.3192 299.425 
0 56.3687 298.899 
0 56.4182 298.374 
0 56.4677 297.851 
0 56.5173 297.329 
0 56.5668 296.809 
0 56.6163 296.29 
0 56.6658 295.772 
0 56.7154 295.256 
0 56.7649 294.741 
0 56.8144 294.227 
0 56.8639 293.715 
0 56.9135 293.204 
0 56.963 292.694 
0 57.0125 292.186 
0 57.062 291.679 
0 57.1116 291.173 
0 57.1611 290.669 
0 57.2106 290.166 
0 57.2601 289.664 
0 57.3096 289.164 
0 57.3592 288.665 
0 57.4087 288.167 
0 57.4582 287.671 
0 57.5078 287.175 
0 57.5573 286.681 
0 57.6068 286.189 
0 57.6563 285.697 
0 57.7058 285.207 
0 57.7554 284.718 
0 57.8049 284.23 
0 57.8544 283.744 
0 57.904 283.259 
0 57.9535 282.775 
0 58.003 282.292 
0 58.0525 281.811 
0 58.102 281.331 
0 58.1516 280.852 
0 58.2011 280.374 
0 58.2506 279.897 
0 58.3002 279.422 
0 58.3497 278.948 
0 58.3992 278.475 
0 58.4487 278.003 
0 58.4982 277.533 
0 58.5478 277.063 
0 58.5973 276.595 
0 58.6468 276.128 
0 58.6964 275.663 
0 58.7459 275.198 
0 58.7954 274.735 
0 58.8449 274.272 
0 58.8944 273.811 
0 58.944 273.351 
0 58.9935 272.892 
0 59.043 272.435 
0 59.0926 271.978 
0 59.1421 271.523 
0 59.1916 271.069 
0 59.2411 270.616 
0 59.2906 270.164 
0 59.3402 269.713 
0 59.3897 269.264 
0 59.4392 268.815 
0 59.4887 268.368 
0 59.5383 267.921 
0 59.5878 267.476 
0 59.6373 267.032 
0 59.6868 266.589 
0 59.7364 266.147 
0 59.7859 265.707 
0 59.8354 265.267 
0 59.8849 264.829 
0 59.9345 264.391 
0 59.984 263.955 
0 60.0335 263.519 
0 60.083 263.085 
0 60.1326 262.652 
0 60.1821 262.22 
0 60.2316 261.789 
0 60.2811 261.359 
0 60.3307 260.93 
0 60.3802 260.502 
0 60.4297 260.075 
0 60.4792 259.649 
0 60.5288 259.225 
0 60.5783 258.801 
0 60.6278 258.378 
0 60.6773 257.957 
0 60.7269 257.536 
0 60.7764 257.117 
0 60.8259 256.698 
0 60.8754 256.281 
0 60.925 255.864 
0 60.9745 255.449 
0 61.024 255.034 
0 61.0735 254.621 
0 61.1231 254.208 
0 61.1726 253.797 
0 61.2221 253.386 
0 61.2716 252.977 
0 61.3212 252.569 
0 61.3707 252.161 
0 61.4202 251.755 
0 61.4697 251.349 
0 61.5193 250.945 
0 61.5688 250.541 
0 61.6183 250.138 
0 61.6678 249.737 
0 61.7174 249.336 
0 61.7669 248.937 
0 61.8164 248.538 
0 61.8659 248.14 
0 61.9155 247.743 
0 61.965 247.347 
0 62.0145 246.952 
0 62.064 246.559 
0 62.1136 246.166 
0 62.1631 245.773 
0 62.2126 245.382 
0 62.2621 244.992 
0 62.3117 244.603 
0 62.3612 244.214 
0 62.4107 243.827 
0 62.4602 243.44 
0 62.5097 243.055 
0 62.5593 242.67 
0 62.6088 242.287 
0 62.6583 241.904 
0 62.7079 241.522 
0 62.7574 241.141 
0 62.8069 240.76 
0 62.8564 240.381 
0 62.9059 240.003 
0 62.9555 239.625 
0 63.005 239.249 
0 63.0545 238.873 
0 63.1041 238.498 
0 63.1536 238.125 
0 63.2031 237.751 
0 63.2526 237.379 
0 63.3021 237.008 
0 63.3517 236.638 
0 63.4012 236.268 
0 63.4507 235.899 
0 63.5003 235.532 
0 63.5498 235.165 
0 63.5993 234.798 
0 63.6488 234.433 
0 63.6983 234.069 
0 63.7479 233.705 
0 63.7974 233.343 
0 63.8469 232.981 
0 63.8965 232.62 
0 63.946 232.26 
0 63.9955 231.9 
0 64.045 231.542 
0 64.0945 231.184 
0 64.1441 230.827 
0 64.1936 230.471 
0 64.2431 230.116 
0 64.2926 229.762 
0 64.3422 229.408 
0 64.3917 229.055 
0 64.4412 228.703 
0 64.4908 228.352 
0 64.5403 228.002 
0 64.5898 227.652 
0 64.6393 227.304 
0 64.6888 226.956 
0 64.7384 226.609 
0 64.7879 226.262 
0 64.8374 225.917 
0 64.8869 225.572 
0 64.9365 225.228 
0 64.986 224.885 
0 65.0355 224.543 
0 65.085 224.201 
0 65.1346 223.86 
0 65.1841 223.52 
0 65.2336 223.181 
0 65.2831 222.842 
0 65.3327 222.505 
0 65.3822 222.168 
0 65.4317 221.832 
0 65.4812 221.496 
0 65.5308 221.161 
0 65.5803 220.828 
0 65.6298 220.494 
0 65.6793 220.162 
0 65.7289 219.83 
0 65.7784 219.5 
0 65.8279 219.169 
0 65.8774 218.84 
0 65.927 218.511 
0 65.9765 218.183 
0 66.026 217.856 
0 66.0755 217.53 
0 66.1251 217.204 
0 66.1746 216.879 
0 66.2241 216.555 
0 66.2736 216.231 
0 66.3232 215.908 
0 66.3727 215.586 
0 66.4222 215.265 
0 66.4717 214.944 
0 66.5213 214.624 
0 66.5708 214.305 
0 66.6203 213.987 
0 66.6698 213.669 
0 66.7194 213.352 
0 66.7689 213.035 
0 66.8184 212.72 
0 66.8679 212.405 
0 66.9175 212.09 
0 66.967 211.777 
0 67.0165 211.464 
0 67.066 211.152 
0 67.1156 210.84 
0 67.1651 210.53 
0 67.2146 210.219 
0 67.2641 209.91 
0 67.3137 209.601 
0 67.3632 209.293 
0 67.4127 208.986 
0 67.4622 208.679 
0 67.5118 208.373 
0 67.5613 208.067 
0 67.6108 207.763 
0 67.6603 207.459 
0 67.7099 207.155 
0 67.7594 206.853 
0 67.8089 206.551 
0 67.8584 206.249 
0 67.9079 205.948 
0 67.9575 205.649 
0 68.007 205.349 
0 68.0565 205.05 
0 68.106 204.752 
0 68.1556 204.455 
0 68.2051 204.158 
0 68.2546 203.862 
0 68.3042 203.566 
0 68.3537 203.271 
0 68.4032 202.977 
0 68.4527 202.684 
0 68.5023 202.391 
0 68.5518 202.098 
0 68.6013 201.807 
0 68.6508 201.516 
0 68.7004 201.225 
0 68.7499 200.935 
0 68.7994 200.646 
0 68.8489 200.357 
0 68.8984 200.07 
0 68.948 199.782 
0 68.9975 199.496 
0 69.047 199.209 
0 69.0965 198.924 
0 69.1461 198.639 
0 69.1956 198.355 
0 69.2451 198.071 
0 69.2947 197.788 
0 69.3442 197.506 
0 69.3937 197.224 
0 69.4432 196.943 
0 69.4928 196.662 
0 69.5423 196.382 
0 69.5918 196.103 
0 69.6413 195.824 
0 69.6908 195.546 
0 69.7404 195.268 
0 69.7899 194.991 
0 69.8394 194.715 
0 69.8889 194.439 
0 69.9385 194.164 
0 69.988 193.889 
0 70.0375 193.615 
0 70.087 193.341 
0 70.1366 193.068 
0 70.1861 192.796 
0 70.2356 192.524 
0 70.2851 192.253 
0 70.3347 191.982 
0 70.3842 191.712 
0 70.4337 191.443 
0 70.4832 191.174 
0 70.5328 190.905 
0 70.5823 190.638 
0 70.6318 190.37 
0 70.6813 190.104 
0 70.7309 189.838 
0 70.7804 189.572 
0 70.8299 189.307 
0 70.8794 189.042 
0 70.929 188.779 
0 70.9785 188.515 
0 71.028 188.252 
0 71.0775 187.99 
0 71.1271 187.728 
0 71.1766 187.467 
0 71.2261 187.207 
0 71.2756 186.947 
0 71.3252 186.687 
0 71.3747 186.428 
0 71.4242 186.17 
0 71.4737 185.912 
0 71.5233 185.655 
0 71.5728 185.398 
0 71.6223 185.141 
0 71.6718 184.886 
0 71.7214 184.63 
0 71.7709 184.376 
0 71.8204 184.121 
0 71.8699 183.868 
0 71.9195 183.615 
0 71.969 183.362 
0 72.0185 183.11 
0 72.068 182.858 
0 72.1176 182.607 
0 72.1671 182.357 
0 72.2166 182.107 
0 72.2661 181.857 
0 72.3157 181.608 
0 72.3652 181.36 
0 72.4147 181.112 
0 72.4642 180.864 
0 72.5138 180.617 
0 72.5633 180.371 
0 72.6128 180.125 
0 72.6623 179.879 
0 72.7119 179.634 
0 72.7614 179.39 
0 72.8109 179.146 
0 72.8604 178.903 
0 72.9099 178.66 
0 72.9595 178.417 
0 73.009 178.175 
0 73.0585 177.934 
0 73.1081 177.693 
0 73.1576 177.452 
0 73.2071 177.212 
0 73.2566 176.973 
0 73.3062 176.734 
0 73.3557 176.495 
0 73.4052 176.257 
0 73.4547 176.019 
0 73.5042 175.782 
0 73.5538 175.546 
0 73.6033 175.31 
0 73.6528 175.074 
0 73.7023 174.839 
0 73.7519 174.604 
0 73.8014 174.37 
0 73.8509 174.136 
0 73.9005 173.903 
0 73.95 173.67 
0 73.9995 173.437 
0 74.049 173.205 
0 74.0986 172.974 
0 74.1481 172.743 
0 74.1976 172.512 
0 74.2471 172.282 
0 74.2966 172.053 
0 74.3462 171.824 
0 74.3957 171.595 
0 74.4452 171.367 
0 74.4947 171.139 
0 74.5443 170.912 
0 74.5938 170.685 
0 74.6433 170.458 
0 74.6929 170.232 
0 74.7424 170.007 
0 74.7919 169.782 
0 74.8414 169.557 
0 74.891 169.333 
0 74.9405 169.109 
0 74.99 168.886 
0 75.0395 168.663 
0 75.089 168.441 
0 75.1386 168.219 
0 75.1881 167.997 
0 75.2376 167.776 
0 75.2871 167.555 
0 75.3367 167.335 
0 75.3862 167.115 
0 75.4357 166.896 
0 75.4852 166.677 
0 75.5348 166.459 
0 75.5843 166.24 
0 75.6338 166.023 
0 75.6833 165.806 
0 75.7329 165.589 
0 75.7824 165.373 
0 75.8319 165.157 
0 75.8814 164.941 
0 75.931 164.726 
0 75.9805 164.511 
0 76.03 164.297 
0 76.0795 164.083 
0 76.1291 163.87 
0 76.1786 163.657 
0 76.2281 163.444 
0 76.2776 163.232 
0 76.3272 163.02 
0 76.3767 162.809 
0 76.4262 162.598 
0 76.4757 162.387 
0 76.5253 162.177 
0 76.5748 161.968 
0 76.6243 161.758 
0 76.6738 161.549 
0 76.7234 161.341 
0 76.7729 161.133 
0 76.8224 160.925 
0 76.8719 160.718 
0 76.9215 160.511 
0 76.971 160.305 
0 77.0205 160.099 
0 77.07 159.893 
0 77.1196 159.688 
0 77.1691 159.483 
0 77.2186 159.278 
0 77.2681 159.074 
0 77.3177 158.87 
0 77.3672 158.667 
0 77.4167 158.464 
0 77.4662 158.262 
0 77.5158 158.059 
0 77.5653 157.857 
0 77.6148 157.656 
0 77.6643 157.455 
0 77.7139 157.255 
0 77.7634 157.054 
0 77.8129 156.854 
0 77.8624 156.655 
0 77.912 156.456 
0 77.9615 156.257 
0 78.011 156.059 
0 78.0605 155.861 
0 78.1101 155.663 
0 78.1596 155.466 
0 78.2091 155.269 
0 78.2586 155.073 
0 78.3081 154.877 
0 78.3577 154.681 
0 78.4072 154.486 
0 78.4567 154.291 
0 78.5062 154.096 
0 78.5558 153.902 
0 78.6053 153.708 
0 78.6548 153.514 
0 78.7044 153.321 
0 78.7539 153.129 
0 78.8034 152.936 
0 78.8529 152.744 
0 78.9025 152.552 
0 78.952 152.361 
0 79.0015 152.17 
0 79.051 151.98 
0 79.1005 151.789 
0 79.1501 151.599 
0 79.1996 151.41 
0 79.2491 151.221 
0 79.2986 151.032 
0 79.3482 150.843 
0 79.3977 150.655 
0 79.4472 150.468 
0 79.4968 150.28 
0 79.5463 150.093 
0 79.5958 149.906 
0 79.6453 149.72 
0 79.6949 149.534 
0 79.7444 149.348 
0 79.7939 149.163 
0 79.8434 148.978 
0 79.8929 148.793 
0 79.9425 148.609 
0 79.992 148.425 
0 80.0415 148.241 
0 80.091 148.058 
0 80.1406 147.875 
0 80.1901 147.693 
0 80.2396 147.51 
0 80.2891 147.328 
0 80.3387 147.147 
0 80.3882 146.965 
0 80.4377 146.785 
0 80.4872 146.604 
0 80.5368 146.424 
0 80.5863 146.244 
0 80.6358 146.064 
0 80.6853 145.885 
0 80.7349 145.706 
0 80.7844 145.528 
0 80.8339 145.349 
0 80.8834 145.171 
0 80.933 144.994 
0 80.9825 144.816 
0 81.032 144.639 
0 81.0815 144.463 
0 81.1311 144.286 
0 81.1806 144.111 
0 81.2301 143.935 
0 81.2796 143.76 
0 81.3292 143.584 
0 81.3787 143.41 
0 81.4282 143.235 
0 81.4777 143.061 
0 81.5273 142.887 
0 81.5768 142.714 
0 81.6263 142.541 
0 81.6758 142.368 
0 81.7254 142.196 
0 81.7749 142.024 
0 81.8244 141.852 
0 81.8739 141.68 
0 81.9235 141.509 
0 81.973 141.338 
0 82.0225 141.167 
0 82.072 140.997 
0 82.1216 140.827 
0 82.1711 140.657 
0 82.2206 140.488 
0 82.2701 140.319 
0 82.3197 140.15 
0 82.3692 139.982 
0 82.4187 139.813 
0 82.4682 139.645 
0 82.5178 139.478 
0 82.5673 139.311 
0 82.6168 139.144 
0 82.6663 138.977 
0 82.7159 138.811 
0 82.7654 138.644 
0 82.8149 138.479 
0 82.8644 138.313 
0 82.914 138.148 
0 82.9635 137.983 
0 83.013 137.819 
0 83.0625 137.654 
0 83.1121 137.49 
0 83.1616 137.327 
0 83.2111 137.163 
0 83.2606 137 
0 83.3102 136.837 
0 83.3597 136.675 
0 83.4092 136.512 
0 83.4587 136.35 
0 83.5083 136.189 
0 83.5578 136.027 
0 83.6073 135.866 
0 83.6568 135.705 
0 83.7064 135.545 
0 83.7559 135.385 
0 83.8054 135.225 
0 83.8549 135.065 
0 83.9044 134.906 
0 83.954 134.746 
0 84.0035 134.588 
0 84.053 134.429 
0 84.1025 134.271 
0 84.1521 134.113 
0 84.2016 133.955 
0 84.2511 133.798 
0 84.3007 133.641 
0 84.3502 133.484 
0 84.3997 133.327 
0 84.4492 133.171 
0 84.4988 133.015 
0 84.5483 132.859 
0 84.5978 132.703 
0 84.6473 132.548 
0 84.6968 132.393 
0 84.7464 132.238 
0 84.7959 132.084 
0 84.8454 131.93 
0 84.8949 131.776 
0 84.9445 131.622 
0 84.994 131.469 
0 85.0435 131.316 
0 85.0931 131.163 
0 85.1426 131.011 
0 85.1921 130.858 
0 85.2416 130.706 
0 85.2912 130.555 
0 85.3407 130.403 
0 85.3902 130.252 
0 85.4397 130.101 
0 85.4892 129.95 
0 85.5388 129.8 
0 85.5883 129.65 
0 85.6378 129.5 
0 85.6873 129.35 
0 85.7369 129.201 
0 85.7864 129.052 
0 85.8359 128.903 
0 85.8854 128.754 
0 85.935 128.606 
0 85.9845 128.458 
0 86.034 128.31 
0 86.0835 128.162 
0 86.1331 128.015 
0 86.1826 127.868 
0 86.2321 127.721 
0 86.2816 127.574 
0 86.3312 127.428 
0 86.3807 127.282 
0 86.4302 127.136 
0 86.4797 126.99 
0 86.5293 126.845 
0 86.5788 126.7 
0 86.6283 126.555 
0 86.6778 126.411 
0 86.7274 126.266 
0 86.7769 126.122 
0 86.8264 125.978 
0 86.8759 125.835 
0 86.9255 125.692 
0 86.975 125.548 
0 87.0245 125.406 
0 87.074 125.263 
0 87.1236 125.121 
0 87.1731 124.978 
0 87.2226 124.837 
0 87.2721 124.695 
0 87.3217 124.554 
0 87.3712 124.412 
0 87.4207 124.272 
0 87.4702 124.131 
0 87.5198 123.99 
0 87.5693 123.85 
0 87.6188 123.71 
0 87.6683 123.57 
0 87.7179 123.431 
0 87.7674 123.292 
0 87.8169 123.153 
0 87.8664 123.014 
0 87.916 122.875 
0 87.9655 122.737 
0 88.015 122.599 
0 88.0645 122.461 
0 88.1141 122.323 
0 88.1636 122.186 
0 88.2131 122.049 
0 88.2626 121.912 
0 88.3122 121.775 
0 88.3617 121.639 
0 88.4112 121.503 
0 88.4607 121.367 
0 88.5103 121.231 
0 88.5598 121.095 
0 88.6093 120.96 
0 88.6588 120.825 
0 88.7083 120.69 
0 88.7579 120.555 
0 88.8074 120.421 
0 88.8569 120.287 
0 88.9065 120.153 
0 88.956 120.019 
0 89.0055 119.885 
0 89.055 119.752 
0 89.1046 119.619 
0 89.1541 119.486 
0 89.2036 119.353 
0 89.2531 119.221 
0 89.3026 119.089 
0 89.3522 118.957 
0 89.4017 118.825 
0 89.4512 118.694 
0 89.5007 118.562 
0 89.5503 118.431 
0 89.5998 118.3 
0 89.6493 118.17 
0 89.6988 118.039 
0 89.7484 117.909 
0 89.7979 117.779 
0 89.8474 117.649 
0 89.897 117.52 
0 89.9465 117.39 
0 89.996 117.261 
0 90.0455 117.132 
0 90.0951 117.003 
0 90.1446 116.875 
0 90.1941 116.746 
0 90.2436 116.618 
0 90.2931 116.491 
0 90.3427 116.363 
0 90.3922 116.235 
0 90.4417 116.108 
0 90.4912 115.981 
0 90.5408 115.854 
0 90.5903 115.727 
0 90.6398 115.601 
0 90.6893 115.475 
0 90.7389 115.349 
0 90.7884 115.223 
0 90.8379 115.097 
0 90.8874 114.972 
0 90.937 114.847 
0 90.9865 114.722 
0 91.036 114.597 
0 91.0855 114.472 
0 91.1351 114.348 
0 91.1846 114.224 
0 91.2341 114.1 
0 91.2836 113.976 
0 91.3332 113.853 
0 91.3827 113.729 
0 91.4322 113.606 
0 91.4817 113.483 
0 91.5313 113.36 
0 91.5808 113.238 
0 91.6303 113.115 
0 91.6798 112.993 
0 91.7294 112.871 
0 91.7789 112.749 
0 91.8284 112.628 
0 91.8779 112.507 
0 91.9275 112.385 
0 91.977 112.264 
0 92.0265 112.144 
0 92.076 112.023 
0 92.1256 111.902 
0 92.1751 111.782 
0 92.2246 111.662 
0 92.2741 111.542 
0 92.3237 111.423 
0 92.3732 111.303 
0 92.4227 111.184 
0 92.4722 111.065 
0 92.5218 110.946 
0 92.5713 110.828 
0 92.6208 110.709 
0 92.6703 110.591 
0 92.7199 110.473 
0 92.7694 110.355 
0 92.8189 110.237 
0 92.8684 110.119 
0 92.918 110.002 
0 92.9675 109.885 
0 93.017 109.768 
0 93.0665 109.651 
0 93.1161 109.534 
0 93.1656 109.418 
0 93.2151 109.302 
0 93.2646 109.186 
0 93.3142 109.07 
0 93.3637 108.954 
0 93.4132 108.839 
0 93.4627 108.723 
0 93.5123 108.608 
0 93.5618 108.493 
0 93.6113 108.379 
0 93.6608 108.264 
0 93.7104 108.15 
0 93.7599 108.035 
0 93.8094 107.921 
0 93.8589 107.808 
0 93.9085 107.694 
0 93.958 107.58 
0 94.0075 107.467 
0 94.057 107.354 
0 94.1065 107.241 
0 94.1561 107.128 
0 94.2056 107.016 
0 94.2551 106.903 
0 94.3046 106.791 
0 94.3542 106.679 
0 94.4037 106.567 
0 94.4532 106.455 
0 94.5028 106.344 
0 94.5523 106.232 
0 94.6018 106.121 
0 94.6513 106.01 
0 94.7009 105.899 
0 94.7504 105.788 
0 94.7999 105.678 
0 94.8494 105.568 
0 94.8989 105.457 
0 94.9485 105.347 
0 94.998 105.238 
0 95.0475 105.128 
0 95.097 105.019 
0 95.1466 104.909 
0 95.1961 104.8 
0 95.2456 104.691 
0 95.2952 104.582 
0 95.3447 104.474 
0 95.3942 104.365 
0 95.4437 104.257 
0 95.4933 104.149 
0 95.5428 104.041 
0 95.5923 103.933 
0 95.6418 103.826 
0 95.6913 103.718 
0 95.7409 103.611 
0 95.7904 103.504 
0 95.8399 103.397 
0 95.8894 103.29 
0 95.939 103.183 
0 95.9885 103.077 
0 96.038 102.971 
0 96.0875 102.865 
0 96.1371 102.759 
0 96.1866 102.653 
0 96.2361 102.547 
0 96.2856 102.442 
0 96.3352 102.337 
0 96.3847 102.231 
0 96.4342 102.126 
0 96.4837 102.022 
0 96.5333 101.917 
0 96.5828 101.812 
0 96.6323 101.708 
0 96.6818 101.604 
0 96.7314 101.5 
0 96.7809 101.396 
0 96.8304 101.292 
0 96.8799 101.189 
0 96.9295 101.085 
0 96.979 100.982 
0 97.0285 100.879 
0 97.078 100.776 
0 97.1276 100.674 
0 97.1771 100.571 
0 97.2266 100.469 
0 97.2761 100.366 
0 97.3257 100.264 
0 97.3752 100.162 
0 97.4247 100.06 
0 97.4742 99.9587 
0 97.5238 99.8572 
0 97.5733 99.7558 
0 97.6228 99.6546 
0 97.6723 99.5536 
0 97.7219 99.4527 
0 97.7714 99.352 
0 97.8209 99.2514 
0 97.8704 99.151 
0 97.92 99.0507 
0 97.9695 98.9506 
0 98.019 98.8506 
0 98.0685 98.7508 
0 98.1181 98.6512 
0 98.1676 98.5516 
0 98.2171 98.4523 
0 98.2666 98.3531 
0 98.3162 98.254 
0 98.3657 98.1551 
0 98.4152 98.0563 
0 98.4647 97.9577 
0 98.5143 97.8593 
0 98.5638 97.7609 
0 98.6133 97.6628 
0 98.6628 97.5648 
0 98.7124 97.4669 
0 98.7619 97.3692 
0 98.8114 97.2716 
0 98.8609 97.1741 
0 98.9105 97.0769 
0 98.96 96.9797 
0 99.0095 96.8827 
0 99.059 96.7859 
0 99.1085 96.6892 
0 99.1581 96.5926 
0 99.2076 96.4962 
0 99.2571 96.3999 
0 99.3067 96.3038 
0 99.3562 96.2078 
0 99.4057 96.112 
0 99.4552 96.0163 
0 99.5048 95.9207 
0 99.5543 95.8253 
0 99.6038 95.7301 
0 99.6533 95.6349 
0 99.7028 95.5399 
0 99.7524 95.4451 
0 99.8019 95.3504 
0 99.8514 95.2558 
0 99.9009 95.1614 
0 99.9505 95.0671 
0 100 94.9731 
