9.41585 inf
9.41883 inf
1.96436 inf
5.69011 inf
5.69309 inf
1.96734 inf
1.97032 inf
1.97331 inf
1.97629 inf
1.97927 inf
1.98225 inf
1.98523 inf
1.98821 inf
1.99119 inf
1.99417 inf
1.99715 inf
7.55298 inf
11.2787 inf
9.42181 inf
11.2817 inf
9.42479 inf
11.2847 inf
9.42778 inf
11.2877 inf
9.43076 inf
11.2906 inf
9.43374 inf
11.2936 inf
9.43672 inf
2.00013 inf
5.69607 inf
0.10149 inf
5.69905 inf
0.104471 inf
0.107452 inf
5.70203 inf
11.2966 inf
5.70501 inf
9.4397 inf
3.82723 inf
13.1416 inf
0.110432 inf
5.70799 inf
0.113413 inf
9.44268 inf
0.116393 inf
0.119374 inf
11.2996 inf
2.00311 inf
7.55596 inf
9.44566 inf
7.55894 inf
11.3026 inf
3.83022 inf
2.00609 inf
5.71097 inf
13.1446 inf
11.3056 inf
5.71395 inf
7.56192 inf
0.122355 inf
13.1476 inf
11.3085 inf
7.5649 inf
9.44864 inf
2.00907 inf
5.71693 inf
0.125335 inf
11.3115 inf
0.128316 inf
13.1505 inf
2.01205 inf
11.3145 inf
2.01503 inf
7.56788 inf
3.8332 inf
11.3175 inf
5.71991 inf
3.83618 inf
9.45162 inf
3.83916 inf
7.57086 inf
5.7229 inf
9.4546 inf
7.57385 inf
11.3204 inf
5.72588 inf
9.45758 inf
7.57683 inf
3.84214 inf
5.72886 inf
2.01801 inf
9.46056 inf
5.73184 inf
3.84512 inf
2.02099 inf
13.1535 inf
7.57981 inf
5.73482 inf
9.46354 inf
0.131296 inf
2.02398 inf
11.3234 inf
0.134277 inf
0.137258 inf
9.46652 inf
2.02696 inf
11.3264 inf
2.02994 inf
9.4695 inf
7.58279 inf
5.7378 inf
11.3294 inf
0.140238 inf
2.03292 inf
3.8481 inf
13.1565 inf
7.58577 inf
0.143219 inf
2.0359 inf
0.146199 inf
11.3324 inf
2.03888 inf
9.47248 inf
3.85108 inf
13.1595 inf
9.47546 inf
11.3354 inf
2.04186 inf
3.85406 inf
2.04484 inf
0.14918 inf
5.74078 inf
7.58875 inf
13.1625 inf
11.3383 inf
7.59173 inf
0.15216 inf
9.47845 inf
13.1654 inf
0.155141 inf
5.74376 inf
2.04782 inf
9.48143 inf
11.3413 inf
0.158122 inf
7.59471 inf
13.1684 inf
11.3443 inf
2.0508 inf
3.85704 inf
5.74674 inf
2.05378 inf
11.3473 inf
13.1714 inf
3.86002 inf
7.59769 inf
11.3503 inf
0.161102 inf
13.1744 inf
2.05676 inf
7.60067 inf
9.48441 inf
5.74972 inf
11.3532 inf
0.164083 inf
3.863 inf
13.1774 inf
5.7527 inf
7.60365 inf
9.48739 inf
11.3562 inf
5.75568 inf
0.167063 inf
3.86598 inf
7.60663 inf
11.3592 inf
9.49037 inf
2.05974 inf
3.86896 inf
5.75866 inf
0.170044 inf
9.49335 inf
0.173025 inf
13.1804 inf
2.06272 inf
11.3622 inf
2.0657 inf
13.1833 inf
2.06868 inf
0.176005 inf
7.60961 inf
9.49633 inf
3.87194 inf
2.07166 inf
7.61259 inf
3.87493 inf
9.49931 inf
11.3652 inf
3.87791 inf
2.07464 inf
0.178986 inf
2.07763 inf
13.1863 inf
0.181966 inf
3.88089 inf
5.76164 inf
9.50229 inf
7.61557 inf
11.3681 inf
13.1893 inf
3.88387 inf
7.61855 inf
0.184947 inf
5.76462 inf
2.08061 inf
13.1923 inf
0.187928 inf
11.3711 inf
3.88685 inf
7.62153 inf
13.1952 inf
11.3741 inf
0.190908 inf
5.7676 inf
0.193889 inf
9.50527 inf
2.08359 inf
11.3771 inf
13.1982 inf
2.08657 inf
9.50825 inf
0.196869 inf
3.88983 inf
2.08955 inf
11.3801 inf
5.77058 inf
7.62451 inf
0.19985 inf
9.51123 inf
0.202831 inf
2.09253 inf
13.2012 inf
11.3831 inf
9.51421 inf
5.77356 inf
3.89281 inf
0.205811 inf
13.2042 inf
2.09551 inf
9.51719 inf
5.77654 inf
2.09849 inf
7.62749 inf
5.77953 inf
13.2072 inf
11.386 inf
0.208792 inf
9.52017 inf
0.211772 inf
2.10147 inf
13.2102 inf
9.52315 inf
11.389 inf
0.214753 inf
2.10445 inf
13.2131 inf
5.78251 inf
2.10743 inf
11.392 inf
7.63048 inf
2.11041 inf
3.89579 inf
2.11339 inf
9.52614 inf
11.395 inf
3.89877 inf
5.78549 inf
13.2161 inf
9.52912 inf
5.78847 inf
2.11637 inf
7.63346 inf
3.90175 inf
2.11935 inf
13.2191 inf
0.217733 inf
3.90473 inf
11.3979 inf
9.5321 inf
5.79145 inf
3.90771 inf
11.4009 inf
0.220714 inf
2.12233 inf
9.53508 inf
7.63644 inf
2.12532 inf
0.223695 inf
0.226675 inf
3.91069 inf
2.1283 inf
11.4039 inf
7.63942 inf
5.79443 inf
0.229656 inf
7.6424 inf
13.2221 inf
0.232636 inf
7.64538 inf
0.235617 inf
0.238598 inf
2.13128 inf
7.64836 inf
3.91367 inf
7.65134 inf
0.241578 inf
11.4069 inf
5.79741 inf
3.91665 inf
2.13426 inf
13.2251 inf
3.91963 inf
2.13724 inf
0.244559 inf
7.65432 inf
11.4099 inf
2.14022 inf
5.80039 inf
9.53806 inf
2.1432 inf
7.6573 inf
5.80337 inf
0.247539 inf
3.92261 inf
7.66028 inf
9.54104 inf
2.14618 inf
7.66326 inf
13.228 inf
13.231 inf
13.234 inf
11.4129 inf
9.54402 inf
9.547 inf
11.4158 inf
3.92559 inf
0.25052 inf
11.4188 inf
7.66624 inf
5.80635 inf
7.66922 inf
0.253501 inf
7.6722 inf
0.256481 inf
0.259462 inf
2.14916 inf
3.92858 inf
5.80933 inf
3.93156 inf
5.81231 inf
3.93454 inf
0.262443 inf
0.265423 inf
2.15214 inf
9.54998 inf
2.15512 inf
0.268404 inf
13.237 inf
7.67518 inf
9.55296 inf
5.81529 inf
0.271384 inf
9.55594 inf
5.81827 inf
0.274365 inf
7.67817 inf
9.55892 inf
0.277346 inf
7.68115 inf
5.82125 inf
0.280326 inf
13.24 inf
7.68413 inf
3.93752 inf
9.5619 inf
3.9405 inf
7.68711 inf
11.4218 inf
13.2429 inf
3.94348 inf
9.56488 inf
2.1581 inf
0.283307 inf
9.56786 inf
0.286287 inf
11.4248 inf
0.289268 inf
3.94646 inf
5.82423 inf
0.292248 inf
7.69009 inf
13.2459 inf
11.4278 inf
5.82721 inf
2.16108 inf
7.69307 inf
0.295229 inf
2.16406 inf
13.2489 inf
0.29821 inf
7.69605 inf
9.57084 inf
3.94944 inf
7.69903 inf
5.8302 inf
3.95242 inf
9.57382 inf
2.16704 inf
3.9554 inf
7.70201 inf
0.30119 inf
5.83318 inf
11.4307 inf
3.95838 inf
2.17002 inf
7.70499 inf
5.83616 inf
13.2519 inf
3.96136 inf
0.304171 inf
9.57681 inf
13.2549 inf
11.4337 inf
9.57979 inf
2.173 inf
0.307151 inf
13.2578 inf
3.96434 inf
9.58277 inf
5.83914 inf
7.70797 inf
13.2608 inf
9.58575 inf
5.84212 inf
11.4367 inf
0.310132 inf
7.71095 inf
3.96732 inf
9.58873 inf
13.2638 inf
3.9703 inf
0.313113 inf
2.17598 inf
3.97329 inf
9.59171 inf
11.4397 inf
2.17897 inf
13.2668 inf
3.97627 inf
7.71393 inf
2.18195 inf
5.8451 inf
2.18493 inf
11.4427 inf
0.316093 inf
2.18791 inf
5.84808 inf
3.97925 inf
0.319074 inf
11.4456 inf
13.2698 inf
5.85106 inf
0.322054 inf
3.98223 inf
0.325035 inf
11.4486 inf
2.19089 inf
5.85404 inf
2.19387 inf
9.59469 inf
0.328016 inf
2.19685 inf
5.85702 inf
13.2727 inf
3.98521 inf
7.71691 inf
2.19983 inf
5.86 inf
11.4516 inf
2.20281 inf
5.86298 inf
7.71989 inf
0.330996 inf
3.98819 inf
2.20579 inf
0.333977 inf
2.20877 inf
11.4546 inf
3.99117 inf
0.336957 inf
9.59767 inf
2.21175 inf
3.99415 inf
13.2757 inf
2.21473 inf
5.86596 inf
9.60065 inf
7.72288 inf
11.4576 inf
5.86894 inf
13.2787 inf
3.99713 inf
7.72586 inf
5.87192 inf
11.4605 inf
13.2817 inf
2.21771 inf
0.339938 inf
4.00011 inf
2.22069 inf
9.60363 inf
2.22368 inf
5.87491 inf
2.22666 inf
11.4635 inf
9.60661 inf
2.22964 inf
7.72884 inf
4.00309 inf
0.342919 inf
11.4665 inf
9.60959 inf
7.73182 inf
4.00607 inf
0.345899 inf
0.34888 inf
2.23262 inf
7.7348 inf
13.2847 inf
2.2356 inf
5.87789 inf
4.00905 inf
2.23858 inf
11.4695 inf
5.88087 inf
13.2876 inf
0.35186 inf
4.01203 inf
13.2906 inf
7.73778 inf
4.01501 inf
5.88385 inf
4.01799 inf
0.354841 inf
9.61257 inf
0.357822 inf
4.02097 inf
11.4725 inf
0.360802 inf
13.2936 inf
5.88683 inf
4.02395 inf
0.363783 inf
11.4755 inf
4.02693 inf
2.24156 inf
4.02992 inf
11.4784 inf
7.74076 inf
0.366763 inf
13.2966 inf
9.61555 inf
7.74374 inf
11.4814 inf
5.88981 inf
4.0329 inf
13.2996 inf
2.24454 inf
0.369744 inf
9.61853 inf
4.03588 inf
0.372725 inf
2.24752 inf
13.3026 inf
0.375705 inf
7.74672 inf
5.89279 inf
4.03886 inf
13.3055 inf
11.4844 inf
0.378686 inf
5.89577 inf
9.62151 inf
11.4874 inf
5.89875 inf
2.2505 inf
4.04184 inf
0.381666 inf
9.62449 inf
4.04482 inf
11.4903 inf
7.7497 inf
5.90173 inf
9.62748 inf
2.25348 inf
13.3085 inf
4.0478 inf
7.75268 inf
11.4933 inf
0.384647 inf
9.63046 inf
4.05078 inf
2.25646 inf
5.90471 inf
4.05376 inf
0.387628 inf
11.4963 inf
5.90769 inf
9.63344 inf
2.25944 inf
5.91067 inf
13.3115 inf
2.26242 inf
9.63642 inf
4.05674 inf
11.4993 inf
9.6394 inf
4.05972 inf
5.91365 inf
13.3145 inf
7.75566 inf
2.2654 inf
9.64238 inf
5.91663 inf
13.3174 inf
0.390608 inf
4.0627 inf
2.26838 inf
7.75864 inf
11.5023 inf
2.27136 inf
13.3204 inf
5.91961 inf
2.27434 inf
0.393589 inf
4.06568 inf
11.5053 inf
13.3234 inf
5.9226 inf
0.396569 inf
2.27732 inf
9.64536 inf
5.92558 inf
13.3264 inf
2.28031 inf
7.76162 inf
2.28329 inf
11.5082 inf
9.64834 inf
2.28627 inf
4.06866 inf
5.92856 inf
0.39955 inf
11.5112 inf
13.3294 inf
9.65132 inf
2.28925 inf
13.3324 inf
2.29223 inf
9.6543 inf
4.07164 inf
2.29521 inf
5.93154 inf
2.29819 inf
4.07463 inf
9.65728 inf
7.7646 inf
5.93452 inf
13.3353 inf
13.3383 inf
0.402531 inf
0.405511 inf
2.30117 inf
13.3413 inf
4.07761 inf
2.30415 inf
11.5142 inf
5.9375 inf
0.408492 inf
9.66026 inf
7.76758 inf
11.5172 inf
13.3443 inf
0.411472 inf
7.77056 inf
0.414453 inf
0.417434 inf
4.08059 inf
0.420414 inf
7.77355 inf
5.94048 inf
7.77653 inf
13.3473 inf
2.30713 inf
11.5201 inf
9.66324 inf
4.08357 inf
0.423395 inf
4.08655 inf
9.66622 inf
0.426375 inf
7.77951 inf
0.429356 inf
0.432337 inf
7.78249 inf
2.31011 inf
0.435317 inf
4.08953 inf
5.94346 inf
4.09251 inf
13.3502 inf
4.09549 inf
0.438298 inf
4.09847 inf
2.31309 inf
9.6692 inf
4.10145 inf
2.31607 inf
5.94644 inf
0.441278 inf
13.3532 inf
0.444259 inf
0.447239 inf
11.5231 inf
4.10443 inf
7.78547 inf
5.94942 inf
7.78845 inf
13.3562 inf
9.67218 inf
4.10741 inf
7.79143 inf
2.31905 inf
9.67516 inf
13.3592 inf
7.79441 inf
2.32203 inf
5.9524 inf
4.11039 inf
2.32502 inf
7.79739 inf
13.3622 inf
11.5261 inf
2.328 inf
4.11337 inf
7.80037 inf
5.95538 inf
9.67815 inf
4.11635 inf
2.33098 inf
13.3651 inf
4.11933 inf
2.33396 inf
7.80335 inf
5.95836 inf
2.33694 inf
0.45022 inf
2.33992 inf
9.68113 inf
5.96134 inf
7.80633 inf
11.5291 inf
2.3429 inf
0.453201 inf
13.3681 inf
4.12231 inf
5.96432 inf
7.80931 inf
0.456181 inf
2.34588 inf
4.1253 inf
11.5321 inf
0.459162 inf
2.34886 inf
5.9673 inf
4.12828 inf
2.35184 inf
9.68411 inf
5.97028 inf
11.5351 inf
2.35482 inf
5.97326 inf
2.3578 inf
9.68709 inf
11.538 inf
5.97624 inf
2.36078 inf
4.13126 inf
9.69007 inf
0.462142 inf
13.3711 inf
11.541 inf
5.97923 inf
9.69305 inf
4.13424 inf
0.465123 inf
5.98221 inf
2.36376 inf
4.13722 inf
11.544 inf
5.98519 inf
2.36674 inf
0.468104 inf
5.98817 inf
13.3741 inf
2.36972 inf
9.69603 inf
7.81229 inf
4.1402 inf
0.471084 inf
5.99115 inf
13.3771 inf
0.474065 inf
7.81527 inf
4.14318 inf
9.69901 inf
2.3727 inf
4.14616 inf
11.547 inf
13.3801 inf
7.81825 inf
5.99413 inf
9.70199 inf
2.37568 inf
9.70497 inf
13.383 inf
2.37867 inf
0.477045 inf
7.82123 inf
2.38165 inf
11.55 inf
2.38463 inf
5.99711 inf
13.386 inf
2.38761 inf
0.480026 inf
9.70795 inf
7.82421 inf
2.39059 inf
4.14914 inf
0.483007 inf
2.39357 inf
9.71093 inf
0.485987 inf
7.82719 inf
2.39655 inf
11.5529 inf
6.00009 inf
9.71391 inf
2.39953 inf
7.83018 inf
4.15212 inf
11.5559 inf
7.83316 inf
9.71689 inf
4.1551 inf
13.389 inf
6.00307 inf
2.40251 inf
11.5589 inf
7.83614 inf
9.71987 inf
0.488968 inf
11.5619 inf
0.491948 inf
9.72285 inf
0.494929 inf
2.40549 inf
11.5649 inf
9.72584 inf
2.40847 inf
7.83912 inf
11.5678 inf
9.72882 inf
4.15808 inf
6.00605 inf
13.392 inf
4.16106 inf
9.7318 inf
0.49791 inf
7.8421 inf
2.41145 inf
11.5708 inf
6.00903 inf
13.3949 inf
7.84508 inf
0.50089 inf
2.41443 inf
9.73478 inf
11.5738 inf
7.84806 inf
2.41741 inf
13.3979 inf
0.503871 inf
4.16404 inf
11.5768 inf
0.506851 inf
6.01201 inf
4.16702 inf
13.4009 inf
2.42039 inf
4.17 inf
6.01499 inf
7.85104 inf
2.42338 inf
4.17298 inf
0.509832 inf
2.42636 inf
13.4039 inf
0.512813 inf
0.515793 inf
7.85402 inf
0.518774 inf
4.17596 inf
2.42934 inf
6.01797 inf
4.17895 inf
2.43232 inf
7.857 inf
13.4069 inf
9.73776 inf
11.5798 inf
7.85998 inf
0.521754 inf
13.4099 inf
6.02095 inf
9.74074 inf
4.18193 inf
6.02393 inf
13.4128 inf
2.4353 inf
9.74372 inf
6.02691 inf
0.524735 inf
7.86296 inf
6.0299 inf
9.7467 inf
13.4158 inf
0.527716 inf
7.86594 inf
6.03288 inf
9.74968 inf
0.530696 inf
2.43828 inf
4.18491 inf
7.86892 inf
13.4188 inf
0.533677 inf
6.03586 inf
4.18789 inf
7.8719 inf
9.75266 inf
2.44126 inf
11.5828 inf
13.4218 inf
7.87488 inf
2.44424 inf
9.75564 inf
2.44722 inf
0.536657 inf
6.03884 inf
4.19087 inf
9.75862 inf
11.5857 inf
7.87787 inf
4.19385 inf
2.4502 inf
13.4247 inf
6.04182 inf
11.5887 inf
9.7616 inf
4.19683 inf
0.539638 inf
13.4277 inf
0.542619 inf
11.5917 inf
9.76458 inf
7.88085 inf
13.4307 inf
9.76756 inf
6.0448 inf
4.19981 inf
2.45318 inf
6.04778 inf
0.545599 inf
11.5947 inf
9.77054 inf
0.54858 inf
7.88383 inf
4.20279 inf
11.5976 inf
9.77352 inf
6.05076 inf
13.4337 inf
4.20577 inf
6.05374 inf
0.55156 inf
2.45616 inf
13.4367 inf
7.88681 inf
4.20875 inf
13.4397 inf
6.05672 inf
0.554541 inf
11.6006 inf
6.0597 inf
13.4426 inf
9.77651 inf
2.45914 inf
4.21173 inf
6.06268 inf
4.21471 inf
11.6036 inf
0.557522 inf
4.21769 inf
0.560502 inf
7.88979 inf
2.46212 inf
9.77949 inf
6.06566 inf
2.4651 inf
7.89277 inf
13.4456 inf
4.22067 inf
11.6066 inf
9.78247 inf
4.22365 inf
6.06864 inf
11.6096 inf
4.22663 inf
9.78545 inf
0.563483 inf
2.46808 inf
4.22962 inf
7.89575 inf
11.6126 inf
2.47106 inf
0.566463 inf
4.2326 inf
0.569444 inf
13.4486 inf
9.78843 inf
11.6155 inf
2.47404 inf
0.572425 inf
11.6185 inf
13.4516 inf
0.575405 inf
7.89873 inf
9.79141 inf
4.23558 inf
2.47702 inf
7.90171 inf
11.6215 inf
2.48001 inf
0.578386 inf
2.48299 inf
0.581366 inf
13.4546 inf
11.6245 inf
2.48597 inf
9.79439 inf
2.48895 inf
7.90469 inf
2.49193 inf
0.584347 inf
4.23856 inf
2.49491 inf
6.07162 inf
4.24154 inf
2.49789 inf
13.4575 inf
0.587328 inf
4.24452 inf
0.590308 inf
11.6275 inf
9.79737 inf
7.90767 inf
6.07461 inf
4.2475 inf
11.6304 inf
0.593289 inf
2.50087 inf
13.4605 inf
7.91065 inf
2.50385 inf
11.6334 inf
6.07759 inf
4.25048 inf
0.596269 inf
7.91363 inf
9.80035 inf
13.4635 inf
6.08057 inf
11.6364 inf
4.25346 inf
0.59925 inf
4.25644 inf
0.60223 inf
7.91661 inf
2.50683 inf
4.25942 inf
9.80333 inf
13.4665 inf
6.08355 inf
2.50981 inf
7.91959 inf
0.605211 inf
11.6394 inf
6.08653 inf
4.2624 inf
13.4695 inf
0.608192 inf
2.51279 inf
4.26538 inf
6.08951 inf
7.92258 inf
11.6424 inf
2.51577 inf
4.26836 inf
13.4724 inf
6.09249 inf
9.80631 inf
4.27134 inf
0.611172 inf
2.51875 inf
4.27433 inf
7.92556 inf
4.27731 inf
0.614153 inf
13.4754 inf
4.28029 inf
7.92854 inf
0.617133 inf
0.620114 inf
6.09547 inf
4.28327 inf
2.52173 inf
7.93152 inf
13.4784 inf
9.80929 inf
11.6453 inf
0.623095 inf
7.9345 inf
6.09845 inf
2.52472 inf
13.4814 inf
2.5277 inf
0.626075 inf
7.93748 inf
4.28625 inf
6.10143 inf
11.6483 inf
4.28923 inf
13.4844 inf
9.81227 inf
0.629056 inf
4.29221 inf
7.94046 inf
11.6513 inf
13.4873 inf
0.632036 inf
2.53068 inf
7.94344 inf
0.635017 inf
9.81525 inf
0.637998 inf
4.29519 inf
13.4903 inf
7.94642 inf
11.6543 inf
4.29817 inf
6.10441 inf
13.4933 inf
2.53366 inf
0.640978 inf
2.53664 inf
6.10739 inf
13.4963 inf
9.81823 inf
2.53962 inf
11.6573 inf
4.30115 inf
0.643959 inf
7.9494 inf
9.82121 inf
0.646939 inf
2.5426 inf
4.30413 inf
0.64992 inf
11.6602 inf
6.11037 inf
9.82419 inf
4.30711 inf
13.4993 inf
0.652901 inf
7.95238 inf
2.54558 inf
0.655881 inf
9.82718 inf
6.11335 inf
11.6632 inf
4.31009 inf
0.658862 inf
9.83016 inf
0.661842 inf
7.95536 inf
11.6662 inf
2.54856 inf
9.83314 inf
7.95834 inf
2.55154 inf
0.664823 inf
11.6692 inf
2.55452 inf
7.96132 inf
9.83612 inf
6.11633 inf
13.5023 inf
0.667804 inf
9.8391 inf
7.9643 inf
0.670784 inf
11.6722 inf
0.673765 inf
4.31307 inf
2.5575 inf
0.676745 inf
9.84208 inf
2.56048 inf
11.6752 inf
0.679726 inf
13.5052 inf
6.11931 inf
0.682706 inf
4.31605 inf
11.6781 inf
6.12229 inf
13.5082 inf
7.96728 inf
2.56346 inf
0.685687 inf
4.31903 inf
6.12528 inf
11.6811 inf
7.97026 inf
6.12826 inf
2.56644 inf
11.6841 inf
7.97325 inf
2.56942 inf
9.84506 inf
13.5112 inf
2.5724 inf
7.97623 inf
11.6871 inf
6.13124 inf
2.57538 inf
9.84804 inf
0.688668 inf
4.32201 inf
13.5142 inf
6.13422 inf
9.85102 inf
7.97921 inf
2.57837 inf
11.69 inf
4.325 inf
13.5172 inf
7.98219 inf
6.1372 inf
4.32798 inf
0.691648 inf
11.693 inf
7.98517 inf
6.14018 inf
0.694629 inf
2.58135 inf
0.697609 inf
7.98815 inf
2.58433 inf
0.70059 inf
4.33096 inf
9.854 inf
2.58731 inf
7.99113 inf
11.696 inf
2.59029 inf
6.14316 inf
9.85698 inf
7.99411 inf
2.59327 inf
13.5201 inf
2.59625 inf
11.699 inf
4.33394 inf
0.703571 inf
6.14614 inf
4.33692 inf
13.5231 inf
2.59923 inf
11.702 inf
6.14912 inf
0.706551 inf
4.3399 inf
6.1521 inf
0.709532 inf
13.5261 inf
0.712512 inf
11.705 inf
2.60221 inf
7.99709 inf
9.85996 inf
11.7079 inf
0.715493 inf
6.15508 inf
13.5291 inf
2.60519 inf
4.34288 inf
2.60817 inf
0.718474 inf
2.61115 inf
11.7109 inf
8.00007 inf
6.15806 inf
4.34586 inf
9.86294 inf
0.721454 inf
13.5321 inf
2.61413 inf
8.00305 inf
9.86592 inf
13.535 inf
4.34884 inf
11.7139 inf
8.00603 inf
0.724435 inf
2.61711 inf
6.16104 inf
13.538 inf
9.8689 inf
11.7169 inf
2.62009 inf
6.16402 inf
13.541 inf
2.62308 inf
8.00901 inf
0.727415 inf
6.167 inf
11.7198 inf
6.16998 inf
4.35182 inf
0.730396 inf
6.17296 inf
2.62606 inf
4.3548 inf
9.87188 inf
6.17594 inf
2.62904 inf
11.7228 inf
4.35778 inf
6.17893 inf
0.733377 inf
13.544 inf
9.87486 inf
6.18191 inf
4.36076 inf
8.01199 inf
6.18489 inf
4.36374 inf
9.87785 inf
0.736357 inf
8.01497 inf
6.18787 inf
4.36672 inf
0.739338 inf
9.88083 inf
2.63202 inf
6.19085 inf
11.7258 inf
13.547 inf
0.742318 inf
4.3697 inf
2.635 inf
9.88381 inf
2.63798 inf
13.5499 inf
0.745299 inf
8.01795 inf
2.64096 inf
6.19383 inf
11.7288 inf
0.74828 inf
6.19681 inf
9.88679 inf
4.37268 inf
8.02093 inf
13.5529 inf
0.75126 inf
4.37566 inf
8.02392 inf
0.754241 inf
2.64394 inf
6.19979 inf
4.37865 inf
8.02689 inf
9.88977 inf
11.7318 inf
4.38163 inf
13.5559 inf
2.64692 inf
8.02988 inf
0.757221 inf
6.20277 inf
8.03286 inf
13.5589 inf
2.6499 inf
11.7348 inf
0.760202 inf
8.03584 inf
2.65288 inf
9.89275 inf
6.20575 inf
13.5619 inf
4.38461 inf
8.03882 inf
2.65586 inf
9.89573 inf
0.763183 inf
2.65884 inf
11.7377 inf
2.66182 inf
4.38759 inf
9.89871 inf
2.6648 inf
4.39057 inf
0.766163 inf
13.5648 inf
6.20873 inf
4.39355 inf
8.0418 inf
2.66778 inf
9.90169 inf
2.67076 inf
11.7407 inf
6.21171 inf
9.90467 inf
8.04478 inf
6.21469 inf
11.7437 inf
2.67374 inf
6.21767 inf
8.04776 inf
9.90765 inf
2.67672 inf
11.7467 inf
13.5678 inf
0.769144 inf
4.39653 inf
9.91063 inf
2.67971 inf
6.22065 inf
4.39951 inf
11.7497 inf
0.772124 inf
9.91361 inf
4.40249 inf
6.22363 inf
2.68269 inf
11.7526 inf
13.5708 inf
0.775105 inf
4.40547 inf
0.778086 inf
6.22661 inf
11.7556 inf
0.781066 inf
4.40845 inf
0.784047 inf
2.68567 inf
13.5738 inf
11.7586 inf
2.68865 inf
9.91659 inf
8.05074 inf
4.41143 inf
11.7616 inf
9.91957 inf
8.05372 inf
0.787027 inf
0.790008 inf
13.5768 inf
0.792989 inf
6.2296 inf
4.41441 inf
8.0567 inf
6.23258 inf
4.41739 inf
0.795969 inf
2.69163 inf
9.92255 inf
11.7646 inf
2.69461 inf
13.5798 inf
8.05968 inf
2.69759 inf
0.79895 inf
6.23556 inf
11.7675 inf
8.06266 inf
0.80193 inf
9.92553 inf
2.70057 inf
8.06564 inf
0.804911 inf
11.7705 inf
2.70355 inf
6.23854 inf
9.92852 inf
2.70653 inf
0.807892 inf
11.7735 inf
0.810872 inf
4.42037 inf
2.70951 inf
11.7765 inf
2.71249 inf
9.9315 inf
8.06862 inf
2.71547 inf
0.813853 inf
13.5827 inf
11.7795 inf
2.71845 inf
8.0716 inf
9.93448 inf
4.42335 inf
2.72143 inf
0.816833 inf
8.07459 inf
11.7825 inf
2.72442 inf
9.93746 inf
4.42633 inf
2.7274 inf
8.07757 inf
9.94044 inf
6.24152 inf
4.42932 inf
11.7854 inf
8.08055 inf
2.73038 inf
9.94342 inf
0.819814 inf
2.73336 inf
4.4323 inf
8.08353 inf
0.822795 inf
6.2445 inf
0.825775 inf
2.73634 inf
4.43528 inf
8.08651 inf
13.5857 inf
4.43826 inf
2.73932 inf
8.08949 inf
4.44124 inf
2.7423 inf
0.828756 inf
2.74528 inf
11.7884 inf
9.9464 inf
13.5887 inf
6.24748 inf
4.44422 inf
9.94938 inf
6.25046 inf
11.7914 inf
2.74826 inf
8.09247 inf
0.831736 inf
13.5917 inf
0.834717 inf
8.09545 inf
6.25344 inf
9.95236 inf
2.75124 inf
11.7944 inf
0.837697 inf
9.95534 inf
0.840678 inf
8.09843 inf
6.25642 inf
13.5946 inf
6.2594 inf
4.4472 inf
0.843659 inf
6.26238 inf
2.75422 inf
4.45018 inf
9.95832 inf
6.26536 inf
4.45316 inf
0.846639 inf
11.7973 inf
9.9613 inf
6.26834 inf
13.5976 inf
2.7572 inf
4.45614 inf
6.27132 inf
0.84962 inf
4.45912 inf
8.10141 inf
9.96428 inf
6.27431 inf
0.8526 inf
11.8003 inf
2.76018 inf
6.27729 inf
9.96726 inf
2.76316 inf
0.855581 inf
13.6006 inf
2.76614 inf
8.10439 inf
0.858562 inf
6.28027 inf
9.97024 inf
2.76912 inf
11.8033 inf
6.28325 inf
2.7721 inf
9.97322 inf
8.10737 inf
4.4621 inf
13.6036 inf
0.861542 inf
2.77508 inf
0.864523 inf
6.28623 inf
8.11035 inf
0.867503 inf
2.77807 inf
0.870484 inf
6.28921 inf
11.8063 inf
2.78105 inf
9.97621 inf
4.46508 inf
8.11333 inf
13.6066 inf
0.873465 inf
2.78403 inf
8.11631 inf
0.876445 inf
2.78701 inf
11.8093 inf
0.879426 inf
2.78999 inf
8.11929 inf
6.29219 inf
4.46806 inf
0.882406 inf
4.47104 inf
0.885387 inf
4.47403 inf
0.888368 inf
8.12227 inf
6.29517 inf
4.47701 inf
9.97919 inf
8.12525 inf
4.47999 inf
0.891348 inf
2.79297 inf
0.894329 inf
6.29815 inf
0.897309 inf
9.98217 inf
0.90029 inf
8.12824 inf
6.30113 inf
0.903271 inf
2.79595 inf
11.8123 inf
13.6096 inf
9.98515 inf
6.30411 inf
13.6125 inf
9.98813 inf
0.906251 inf
6.30709 inf
0.909232 inf
8.13122 inf
0.912212 inf
2.79893 inf
13.6155 inf
4.48297 inf
9.99111 inf
6.31007 inf
0.915193 inf
11.8152 inf
0.918174 inf
2.80191 inf
4.48595 inf
2.80489 inf
6.31305 inf
2.80787 inf
11.8182 inf
0.921154 inf
9.99409 inf
0.924135 inf
13.6185 inf
11.8212 inf
2.81085 inf
6.31603 inf
8.1342 inf
2.81383 inf
0.927115 inf
4.48893 inf
13.6215 inf
2.81681 inf
0.930096 inf
0.933077 inf
6.31901 inf
0.936057 inf
9.99707 inf
0.939038 inf
8.13718 inf
2.81979 inf
4.49191 inf
11.8242 inf
2.82278 inf
6.32199 inf
13.6244 inf
8.14016 inf
6.32498 inf
11.8272 inf
0.942018 inf
4.49489 inf
0.944999 inf
8.14314 inf
6.32796 inf
11.8301 inf
0.94798 inf
4.49787 inf
8.14612 inf
13.6274 inf
6.33094 inf
10 inf
11.8331 inf
0.95096 inf
2.82576 inf
0.953941 inf
8.1491 inf
11.8361 inf
4.50085 inf
6.33392 inf
10.003 inf
4.50383 inf
0.956921 inf
13.6304 inf
4.50681 inf
0.959902 inf
10.006 inf
6.3369 inf
2.82874 inf
0.962883 inf
2.83172 inf
11.8391 inf
13.6334 inf
4.50979 inf
0.965863 inf
6.33988 inf
10.009 inf
4.51277 inf
8.15208 inf
11.8421 inf
13.6364 inf
2.8347 inf
10.012 inf
0.968844 inf
4.51575 inf
0.971824 inf
6.34286 inf
2.83768 inf
8.15506 inf
10.015 inf
6.34584 inf
13.6394 inf
8.15804 inf
6.34882 inf
2.84066 inf
11.845 inf
8.16102 inf
0.974805 inf
4.51873 inf
10.0179 inf
8.164 inf
11.848 inf
0.977786 inf
4.52171 inf
2.84364 inf
6.3518 inf
4.5247 inf
13.6423 inf
10.0209 inf
0.980766 inf
6.35478 inf
8.16698 inf
0.983747 inf
4.52768 inf
6.35776 inf
10.0239 inf
2.84662 inf
11.851 inf
0.986727 inf
8.16996 inf
2.8496 inf
10.0269 inf
6.36074 inf
0.989708 inf
2.85258 inf
4.53066 inf
13.6453 inf
11.854 inf
10.0299 inf
6.36372 inf
4.53364 inf
0.992688 inf
8.17295 inf
2.85556 inf
6.3667 inf
8.17592 inf
0.995669 inf
6.36968 inf
0.99865 inf
8.17891 inf
13.6483 inf
11.857 inf
4.53662 inf
2.85854 inf
6.37266 inf
2.86152 inf
4.5396 inf
13.6513 inf
8.18189 inf
10.0328 inf
4.54258 inf
8.18487 inf
13.6543 inf
4.54556 inf
2.8645 inf
6.37564 inf
4.54854 inf
2.86748 inf
11.8599 inf
8.18785 inf
10.0358 inf
13.6572 inf
1.00163 inf
2.87046 inf
1.00461 inf
6.37863 inf
2.87344 inf
13.6602 inf
10.0388 inf
4.55152 inf
1.00759 inf
8.19083 inf
11.8629 inf
4.5545 inf
10.0418 inf
13.6632 inf
2.87642 inf
4.55748 inf
6.38161 inf
11.8659 inf
1.01057 inf
1.01355 inf
4.56046 inf
10.0448 inf
4.56344 inf
11.8689 inf
13.6662 inf
8.19381 inf
10.0477 inf
1.01653 inf
2.87941 inf
4.56642 inf
8.19679 inf
2.88239 inf
13.6692 inf
10.0507 inf
11.8719 inf
4.5694 inf
2.88537 inf
6.38459 inf
10.0537 inf
13.6721 inf
8.19977 inf
2.88835 inf
4.57238 inf
1.01951 inf
2.89133 inf
4.57536 inf
13.6751 inf
6.38757 inf
11.8748 inf
8.20275 inf
10.0567 inf
6.39055 inf
1.02249 inf
4.57835 inf
11.8778 inf
6.39353 inf
13.6781 inf
10.0597 inf
2.89431 inf
6.39651 inf
11.8808 inf
8.20573 inf
4.58133 inf
6.39949 inf
11.8838 inf
4.58431 inf
8.20871 inf
6.40247 inf
13.6811 inf
4.58729 inf
2.89729 inf
1.02547 inf
4.59027 inf
6.40545 inf
2.90027 inf
1.02846 inf
8.21169 inf
11.8868 inf
4.59325 inf
10.0626 inf
2.90325 inf
6.40843 inf
8.21467 inf
1.03144 inf
13.6841 inf
1.03442 inf
8.21765 inf
2.90623 inf
11.8897 inf
6.41141 inf
13.687 inf
2.90921 inf
8.22063 inf
2.91219 inf
1.0374 inf
1.04038 inf
10.0656 inf
1.04336 inf
11.8927 inf
8.22362 inf
13.69 inf
6.41439 inf
1.04634 inf
4.59623 inf
1.04932 inf
10.0686 inf
8.22659 inf
11.8957 inf
13.693 inf
6.41737 inf
8.22958 inf
11.8987 inf
4.59921 inf
6.42035 inf
8.23256 inf
10.0716 inf
4.60219 inf
1.0523 inf
11.9017 inf
1.05528 inf
8.23554 inf
13.696 inf
2.91517 inf
4.60517 inf
8.23852 inf
2.91815 inf
10.0746 inf
1.05826 inf
4.60815 inf
2.92113 inf
11.9047 inf
6.42333 inf
10.0776 inf
8.2415 inf
1.06124 inf
6.42631 inf
1.06422 inf
4.61113 inf
8.24448 inf
11.9076 inf
1.0672 inf
6.4293 inf
10.0805 inf
8.24746 inf
6.43228 inf
11.9106 inf
13.699 inf
1.07018 inf
2.92412 inf
1.07316 inf
4.61411 inf
8.25044 inf
11.9136 inf
13.702 inf
4.61709 inf
10.0835 inf
2.9271 inf
4.62007 inf
6.43526 inf
8.25342 inf
4.62305 inf
10.0865 inf
2.93008 inf
1.07614 inf
4.62603 inf
8.2564 inf
2.93306 inf
6.43824 inf
11.9166 inf
10.0895 inf
4.62902 inf
11.9195 inf
13.7049 inf
4.632 inf
1.07913 inf
6.44122 inf
4.63498 inf
2.93604 inf
11.9225 inf
10.0924 inf
4.63796 inf
2.93902 inf
13.7079 inf
6.4442 inf
11.9255 inf
10.0954 inf
1.08211 inf
1.08509 inf
4.64094 inf
2.942 inf
13.7109 inf
6.44718 inf
8.25938 inf
6.45016 inf
11.9285 inf
1.08807 inf
10.0984 inf
6.45314 inf
2.94498 inf
1.09105 inf
13.7139 inf
8.26236 inf
6.45612 inf
1.09403 inf
4.64392 inf
2.94796 inf
11.9315 inf
8.26534 inf
13.7169 inf
4.6469 inf
2.95094 inf
10.1014 inf
11.9345 inf
8.26832 inf
4.64988 inf
2.95392 inf
6.4591 inf
2.9569 inf
10.1044 inf
8.2713 inf
11.9374 inf
4.65286 inf
1.09701 inf
6.46208 inf
8.27429 inf
1.09999 inf
4.65584 inf
10.1074 inf
2.95988 inf
13.7198 inf
11.9404 inf
2.96286 inf
1.10297 inf
10.1103 inf
6.46506 inf
2.96584 inf
11.9434 inf
1.10595 inf
2.96882 inf
6.46804 inf
8.27726 inf
13.7228 inf
10.1133 inf
11.9464 inf
6.47102 inf
1.10893 inf
8.28025 inf
1.11191 inf
10.1163 inf
2.9718 inf
4.65882 inf
8.28323 inf
10.1193 inf
13.7258 inf
4.6618 inf
11.9494 inf
1.11489 inf
2.97478 inf
4.66478 inf
10.1222 inf
6.47401 inf
8.28621 inf
4.66776 inf
6.47698 inf
2.97777 inf
4.67074 inf
13.7288 inf
2.98075 inf
10.1252 inf
4.67373 inf
2.98373 inf
6.47997 inf
8.28919 inf
1.11787 inf
4.67671 inf
6.48295 inf
11.9523 inf
4.67969 inf
2.98671 inf
13.7318 inf
10.1282 inf
2.98969 inf
1.12085 inf
6.48593 inf
2.99267 inf
11.9553 inf
4.68267 inf
2.99565 inf
6.48891 inf
1.12383 inf
8.29217 inf
6.49189 inf
13.7347 inf
11.9583 inf
4.68565 inf
1.12681 inf
10.1312 inf
2.99863 inf
11.9613 inf
8.29515 inf
6.49487 inf
10.1342 inf
3.00161 inf
11.9643 inf
3.00459 inf
6.49785 inf
8.29813 inf
11.9672 inf
6.50083 inf
10.1372 inf
13.7377 inf
1.1298 inf
3.00757 inf
11.9702 inf
4.68863 inf
3.01055 inf
10.1401 inf
1.13278 inf
8.30111 inf
4.69161 inf
1.13576 inf
10.1431 inf
3.01353 inf
13.7407 inf
4.69459 inf
8.30409 inf
11.9732 inf
1.13874 inf
6.50381 inf
8.30707 inf
1.14172 inf
4.69757 inf
3.01651 inf
11.9762 inf
10.1461 inf
1.1447 inf
13.7437 inf
11.9792 inf
10.1491 inf
4.70055 inf
1.14768 inf
6.50679 inf
11.9822 inf
8.31005 inf
13.7467 inf
4.70353 inf
10.1521 inf
11.9851 inf
4.70651 inf
6.50977 inf
8.31303 inf
10.155 inf
6.51275 inf
11.9881 inf
1.15066 inf
3.01949 inf
4.70949 inf
10.158 inf
1.15364 inf
8.31601 inf
13.7496 inf
1.15662 inf
6.51573 inf
11.9911 inf
8.31899 inf
4.71247 inf
6.51871 inf
1.1596 inf
4.71545 inf
11.9941 inf
6.52169 inf
1.16258 inf
1.16556 inf
13.7526 inf
3.02247 inf
6.52468 inf
11.997 inf
4.71843 inf
8.32197 inf
3.02546 inf
10.161 inf
4.72141 inf
3.02844 inf
12 inf
13.7556 inf
4.7244 inf
1.16854 inf
10.164 inf
8.32495 inf
4.72738 inf
3.03142 inf
10.167 inf
13.7586 inf
12.003 inf
4.73036 inf
1.17152 inf
4.73334 inf
1.1745 inf
10.1699 inf
3.0344 inf
1.17748 inf
6.52766 inf
4.73632 inf
3.03738 inf
10.1729 inf
8.32794 inf
13.7616 inf
12.006 inf
3.04036 inf
1.18047 inf
3.04334 inf
13.7645 inf
1.18345 inf
4.7393 inf
3.04632 inf
12.009 inf
6.53064 inf
3.0493 inf
8.33092 inf
1.18643 inf
1.18941 inf
10.1759 inf
1.19239 inf
13.7675 inf
3.05228 inf
6.53362 inf
12.012 inf
8.3339 inf
3.05526 inf
6.5366 inf
4.74228 inf
1.19537 inf
12.0149 inf
6.53958 inf
8.33688 inf
3.05824 inf
6.54256 inf
3.06122 inf
8.33986 inf
12.0179 inf
4.74526 inf
6.54554 inf
13.7705 inf
10.1789 inf
4.74824 inf
8.34284 inf
6.54852 inf
12.0209 inf
3.0642 inf
4.75122 inf
10.1819 inf
13.7735 inf
6.5515 inf
3.06718 inf
12.0239 inf
1.19835 inf
8.34582 inf
1.20133 inf
13.7765 inf
3.07016 inf
1.20431 inf
12.0269 inf
4.7542 inf
1.20729 inf
6.55448 inf
10.1849 inf
12.0298 inf
8.3488 inf
3.07314 inf
13.7795 inf
3.07613 inf
12.0328 inf
1.21027 inf
3.07911 inf
13.7824 inf
8.35178 inf
12.0358 inf
6.55746 inf
13.7854 inf
4.75718 inf
6.56044 inf
3.08209 inf
1.21325 inf
4.76016 inf
3.08507 inf
13.7884 inf
8.35476 inf
4.76314 inf
3.08805 inf
6.56342 inf
1.21623 inf
4.76612 inf
12.0388 inf
1.21921 inf
6.5664 inf
10.1878 inf
4.7691 inf
8.35774 inf
6.56938 inf
1.22219 inf
3.09103 inf
4.77208 inf
6.57236 inf
13.7914 inf
1.22517 inf
12.0418 inf
10.1908 inf
13.7943 inf
3.09401 inf
6.57535 inf
10.1938 inf
3.09699 inf
13.7973 inf
4.77506 inf
1.22816 inf
4.77805 inf
1.23114 inf
6.57833 inf
3.09997 inf
1.23412 inf
12.0447 inf
4.78103 inf
3.10295 inf
1.2371 inf
6.58131 inf
8.36072 inf
3.10593 inf
12.0477 inf
6.58429 inf
13.8003 inf
1.24008 inf
6.58727 inf
10.1968 inf
4.78401 inf
3.10891 inf
6.59025 inf
12.0507 inf
1.24306 inf
8.3637 inf
3.11189 inf
4.78699 inf
1.24604 inf
10.1997 inf
4.78997 inf
6.59323 inf
8.36668 inf
1.24902 inf
4.79295 inf
10.2027 inf
13.8033 inf
4.79593 inf
3.11487 inf
4.79891 inf
10.2057 inf
13.8063 inf
6.59621 inf
12.0537 inf
1.252 inf
4.80189 inf
8.36966 inf
6.59919 inf
13.8093 inf
10.2087 inf
8.37265 inf
1.25498 inf
6.60217 inf
3.11785 inf
4.80487 inf
1.25796 inf
3.12083 inf
1.26094 inf
6.60515 inf
8.37562 inf
10.2117 inf
13.8122 inf
1.26392 inf
12.0567 inf
1.2669 inf
4.80785 inf
1.26988 inf
6.60813 inf
3.12382 inf
10.2147 inf
8.37861 inf
13.8152 inf
3.12679 inf
12.0596 inf
4.81083 inf
1.27286 inf
13.8182 inf
1.27584 inf
3.12978 inf
12.0626 inf
8.38159 inf
3.13276 inf
4.81381 inf
6.61111 inf
10.2176 inf
1.27883 inf
13.8212 inf
8.38457 inf
1.28181 inf
12.0656 inf
4.81679 inf
8.38755 inf
13.8241 inf
4.81977 inf
12.0686 inf
1.28479 inf
6.61409 inf
8.39053 inf
3.13574 inf
1.28777 inf
13.8271 inf
4.82275 inf
10.2206 inf
6.61707 inf
12.0716 inf
13.8301 inf
4.82573 inf
3.13872 inf
8.39351 inf
1.29075 inf
3.1417 inf
12.0745 inf
10.2236 inf
1.29373 inf
8.39649 inf
3.14468 inf
13.8331 inf
12.0775 inf
8.39947 inf
3.14766 inf
6.62005 inf
10.2266 inf
3.15064 inf
1.29671 inf
3.15362 inf
4.82872 inf
13.8361 inf
3.1566 inf
12.0805 inf
8.40245 inf
4.8317 inf
3.15958 inf
1.29969 inf
6.62303 inf
4.83468 inf
1.30267 inf
10.2296 inf
4.83766 inf
1.30565 inf
6.62601 inf
13.8391 inf
8.40543 inf
12.0835 inf
6.629 inf
10.2325 inf
4.84064 inf
1.30863 inf
3.16256 inf
1.31161 inf
8.40841 inf
12.0865 inf
10.2355 inf
4.84362 inf
8.41139 inf
6.63198 inf
4.8466 inf
10.2385 inf
1.31459 inf
3.16554 inf
4.84958 inf
1.31757 inf
13.842 inf
3.16852 inf
10.2415 inf
4.85256 inf
1.32055 inf
3.1715 inf
8.41437 inf
1.32353 inf
4.85554 inf
12.0894 inf
1.32652 inf
4.85852 inf
1.3295 inf
6.63496 inf
4.8615 inf
10.2445 inf
8.41735 inf
3.17448 inf
12.0924 inf
1.33248 inf
10.2474 inf
4.86448 inf
13.845 inf
3.17747 inf
4.86746 inf
10.2504 inf
1.33546 inf
12.0954 inf
4.87044 inf
1.33844 inf
6.63794 inf
3.18045 inf
1.34142 inf
6.64092 inf
1.3444 inf
13.848 inf
10.2534 inf
12.0984 inf
1.34738 inf
13.851 inf
1.35036 inf
3.18343 inf
1.35334 inf
6.6439 inf
3.18641 inf
1.35632 inf
13.854 inf
10.2564 inf
1.3593 inf
4.87343 inf
3.18939 inf
12.1014 inf
1.36228 inf
8.42033 inf
1.36526 inf
6.64688 inf
12.1044 inf
13.8569 inf
6.64986 inf
3.19237 inf
1.36824 inf
3.19535 inf
6.65284 inf
4.87641 inf
6.65582 inf
10.2594 inf
6.6588 inf
8.42332 inf
10.2623 inf
12.1073 inf
13.8599 inf
4.87939 inf
1.37122 inf
10.2653 inf
6.66178 inf
4.88237 inf
8.42629 inf
12.1103 inf
8.42928 inf
6.66476 inf
4.88535 inf
8.43226 inf
3.19833 inf
13.8629 inf
12.1133 inf
1.3742 inf
4.88833 inf
8.43524 inf
12.1163 inf
1.37719 inf
4.89131 inf
3.20131 inf
4.89429 inf
8.43822 inf
3.20429 inf
13.8659 inf
1.38017 inf
3.20727 inf
6.66774 inf
1.38315 inf
12.1192 inf
4.89727 inf
13.8689 inf
4.90025 inf
12.1222 inf
3.21025 inf
4.90323 inf
6.67072 inf
3.21323 inf
10.2683 inf
12.1252 inf
1.38613 inf
3.21621 inf
6.6737 inf
4.90621 inf
10.2713 inf
1.38911 inf
13.8718 inf
6.67668 inf
3.21919 inf
6.67967 inf
3.22217 inf
10.2743 inf
8.4412 inf
3.22515 inf
12.1282 inf
1.39209 inf
3.22814 inf
8.44418 inf
1.39507 inf
13.8748 inf
12.1312 inf
1.39805 inf
4.90919 inf
1.40103 inf
8.44716 inf
6.68265 inf
1.40401 inf
12.1342 inf
13.8778 inf
1.40699 inf
10.2773 inf
6.68563 inf
1.40997 inf
13.8808 inf
3.23112 inf
6.68861 inf
8.45014 inf
10.2802 inf
12.1371 inf
4.91217 inf
3.2341 inf
1.41295 inf
8.45312 inf
12.1401 inf
6.69159 inf
13.8838 inf
10.2832 inf
8.4561 inf
6.69457 inf
12.1431 inf
4.91515 inf
3.23708 inf
1.41593 inf
13.8867 inf
10.2862 inf
3.24006 inf
6.69755 inf
12.1461 inf
1.41891 inf
4.91813 inf
3.24304 inf
8.45908 inf
13.8897 inf
1.42189 inf
12.1491 inf
1.42487 inf
3.24602 inf
12.152 inf
13.8927 inf
3.249 inf
4.92111 inf
10.2892 inf
4.9241 inf
8.46206 inf
4.92708 inf
1.42786 inf
4.93006 inf
8.46504 inf
1.43084 inf
13.8957 inf
8.46802 inf
3.25198 inf
6.70053 inf
3.25496 inf
8.471 inf
4.93304 inf
13.8987 inf
8.47399 inf
10.2921 inf
1.43382 inf
3.25794 inf
6.70351 inf
1.4368 inf
12.155 inf
1.43978 inf
3.26092 inf
10.2951 inf
8.47696 inf
3.2639 inf
6.70649 inf
4.93602 inf
13.9017 inf
6.70947 inf
4.939 inf
10.2981 inf
3.26688 inf
4.94198 inf
1.44276 inf
3.26986 inf
12.158 inf
4.94496 inf
10.3011 inf
8.47995 inf
4.94794 inf
12.161 inf
6.71245 inf
1.44574 inf
3.27284 inf
10.3041 inf
4.95092 inf
13.9046 inf
10.3071 inf
4.9539 inf
1.44872 inf
4.95688 inf
12.164 inf
8.48293 inf
3.27583 inf
6.71543 inf
1.4517 inf
10.31 inf
13.9076 inf
8.48591 inf
6.71841 inf
4.95986 inf
3.27881 inf
6.72139 inf
12.1669 inf
4.96284 inf
3.28179 inf
1.45468 inf
6.72438 inf
1.45766 inf
3.28477 inf
10.313 inf
13.9106 inf
3.28775 inf
4.96582 inf
8.48889 inf
1.46064 inf
4.9688 inf
10.316 inf
1.46362 inf
12.1699 inf
8.49187 inf
13.9136 inf
1.4666 inf
10.319 inf
6.72736 inf
1.46958 inf
8.49485 inf
12.1729 inf
6.73034 inf
4.97178 inf
10.3219 inf
8.49783 inf
1.47256 inf
4.97476 inf
3.29073 inf
12.1759 inf
6.73332 inf
3.29371 inf
8.50081 inf
1.47555 inf
4.97775 inf
10.3249 inf
13.9166 inf
8.50379 inf
3.29669 inf
6.7363 inf
12.1789 inf
8.50677 inf
1.47853 inf
4.98073 inf
10.3279 inf
4.98371 inf
13.9195 inf
6.73928 inf
4.98669 inf
10.3309 inf
12.1819 inf
1.48151 inf
3.29967 inf
13.9225 inf
1.48449 inf
10.3339 inf
1.48747 inf
4.98967 inf
1.49045 inf
10.3369 inf
1.49343 inf
12.1848 inf
8.50975 inf
4.99265 inf
6.74226 inf
13.9255 inf
10.3398 inf
8.51273 inf
1.49641 inf
4.99563 inf
3.30265 inf
4.99861 inf
10.3428 inf
8.51571 inf
13.9285 inf
3.30563 inf
1.49939 inf
5.00159 inf
6.74524 inf
12.1878 inf
3.30861 inf
5.00457 inf
10.3458 inf
1.50237 inf
8.51869 inf
5.00755 inf
6.74822 inf
3.31159 inf
13.9315 inf
3.31457 inf
6.7512 inf
12.1908 inf
6.75418 inf
5.01053 inf
8.52167 inf
6.75716 inf
5.01351 inf
10.3488 inf
13.9344 inf
6.76014 inf
12.1938 inf
1.50535 inf
10.3518 inf
8.52465 inf
5.01649 inf
13.9374 inf
3.31755 inf
6.76312 inf
1.50833 inf
8.52764 inf
3.32053 inf
1.51131 inf
6.7661 inf
13.9404 inf
12.1967 inf
1.51429 inf
8.53062 inf
6.76908 inf
5.01947 inf
1.51727 inf
10.3547 inf
1.52025 inf
5.02245 inf
3.32351 inf
1.52323 inf
12.1997 inf
3.32649 inf
5.02543 inf
1.52622 inf
8.5336 inf
10.3577 inf
1.5292 inf
12.2027 inf
5.02842 inf
1.53218 inf
13.9434 inf
8.53658 inf
6.77206 inf
3.32948 inf
12.2057 inf
10.3607 inf
5.0314 inf
13.9464 inf
1.53516 inf
5.03438 inf
12.2087 inf
10.3637 inf
3.33246 inf
8.53956 inf
5.03736 inf
6.77505 inf
1.53814 inf
5.04034 inf
10.3667 inf
8.54254 inf
6.77803 inf
5.04332 inf
12.2117 inf
1.54112 inf
10.3696 inf
6.78101 inf
5.0463 inf
13.9493 inf
8.54552 inf
12.2146 inf
3.33544 inf
10.3726 inf
1.5441 inf
3.33842 inf
6.78399 inf
3.3414 inf
1.54708 inf
5.04928 inf
3.34438 inf
1.55006 inf
6.78697 inf
8.5485 inf
12.2176 inf
1.55304 inf
6.78995 inf
10.3756 inf
1.55602 inf
13.9523 inf
1.559 inf
8.55148 inf
6.79293 inf
1.56198 inf
10.3786 inf
5.05226 inf
1.56496 inf
1.56794 inf
8.55446 inf
6.79591 inf
3.34736 inf
10.3816 inf
6.79889 inf
3.35034 inf
8.55744 inf
13.9553 inf
12.2206 inf
1.57092 inf
3.35332 inf
10.3846 inf
5.05524 inf
6.80187 inf
3.3563 inf
8.56042 inf
1.57391 inf
3.35928 inf
10.3875 inf
6.80485 inf
1.57689 inf
8.5634 inf
13.9583 inf
1.57987 inf
5.05822 inf
1.58285 inf
10.3905 inf
3.36226 inf
1.58583 inf
5.0612 inf
12.2236 inf
3.36524 inf
5.06418 inf
8.56638 inf
13.9613 inf
10.3935 inf
1.58881 inf
12.2266 inf
8.56936 inf
3.36822 inf
1.59179 inf
5.06716 inf
1.59477 inf
3.3712 inf
13.9642 inf
1.59775 inf
5.07014 inf
6.80783 inf
8.57234 inf
5.07313 inf
1.60073 inf
6.81081 inf
3.37419 inf
12.2295 inf
10.3965 inf
3.37717 inf
13.9672 inf
3.38015 inf
12.2325 inf
8.57532 inf
3.38313 inf
6.81379 inf
1.60371 inf
5.07611 inf
1.60669 inf
10.3994 inf
5.07909 inf
12.2355 inf
8.57831 inf
13.9702 inf
6.81677 inf
10.4024 inf
3.38611 inf
1.60967 inf
8.58129 inf
12.2385 inf
1.61265 inf
3.38909 inf
10.4054 inf
8.58427 inf
1.61563 inf
5.08207 inf
1.61861 inf
12.2415 inf
8.58725 inf
6.81975 inf
3.39207 inf
6.82273 inf
5.08505 inf
10.4084 inf
1.62159 inf
5.08803 inf
1.62458 inf
10.4114 inf
5.09101 inf
12.2444 inf
8.59023 inf
5.09399 inf
10.4144 inf
13.9732 inf
1.62756 inf
5.09697 inf
8.59321 inf
1.63054 inf
5.09995 inf
1.63352 inf
3.39505 inf
1.6365 inf
5.10293 inf
3.39803 inf
8.59619 inf
6.82571 inf
13.9762 inf
12.2474 inf
5.10591 inf
1.63948 inf
10.4173 inf
5.10889 inf
13.9792 inf
3.40101 inf
10.4203 inf
1.64246 inf
12.2504 inf
1.64544 inf
3.40399 inf
10.4233 inf
1.64842 inf
5.11187 inf
13.9821 inf
1.6514 inf
8.59917 inf
10.4263 inf
3.40697 inf
6.8287 inf
5.11485 inf
1.65438 inf
10.4293 inf
5.11783 inf
6.83168 inf
13.9851 inf
8.60215 inf
5.12081 inf
3.40995 inf
6.83466 inf
12.2534 inf
5.1238 inf
13.9881 inf
1.65736 inf
10.4322 inf
3.41293 inf
6.83764 inf
1.66034 inf
10.4352 inf
8.60513 inf
12.2564 inf
10.4382 inf
8.60811 inf
3.41591 inf
1.66332 inf
6.84062 inf
1.6663 inf
3.41889 inf
13.9911 inf
1.66928 inf
12.2593 inf
5.12678 inf
8.61109 inf
5.12976 inf
12.2623 inf
3.42187 inf
13.994 inf
8.61407 inf
1.67226 inf
10.4412 inf
6.8436 inf
1.67525 inf
5.13274 inf
1.67823 inf
13.997 inf
5.13572 inf
12.2653 inf
8.61705 inf
1.68121 inf
5.1387 inf
1.68419 inf
14 inf
8.62003 inf
12.2683 inf
1.68717 inf
10.4442 inf
1.69015 inf
3.42485 inf
5.14168 inf
8.62302 inf
3.42784 inf
1.69313 inf
6.84658 inf
1.69611 inf
8.62599 inf
12.2713 inf
5.14466 inf
8.62898 inf
14.003 inf
12.2742 inf
8.63196 inf
6.84956 inf
14.006 inf
10.4471 inf
5.14764 inf
1.69909 inf
14.009 inf
12.2772 inf
5.15062 inf
1.70207 inf
8.63494 inf
5.1536 inf
3.43082 inf
14.0119 inf
5.15658 inf
3.4338 inf
10.4501 inf
1.70505 inf
5.15956 inf
12.2802 inf
6.85254 inf
1.70803 inf
3.43678 inf
1.71101 inf
10.4531 inf
5.16254 inf
3.43976 inf
14.0149 inf
6.85552 inf
5.16552 inf
1.71399 inf
10.4561 inf
12.2832 inf
1.71697 inf
3.44274 inf
8.63792 inf
1.71995 inf
6.8585 inf
10.4591 inf
1.72294 inf
3.44572 inf
14.0179 inf
5.1685 inf
6.86148 inf
1.72592 inf
12.2862 inf
5.17148 inf
8.6409 inf
10.462 inf
5.17446 inf
3.4487 inf
1.7289 inf
6.86446 inf
5.17744 inf
3.45168 inf
10.465 inf
8.64388 inf
12.2891 inf
3.45466 inf
1.73188 inf
5.18043 inf
1.73486 inf
8.64686 inf
1.73784 inf
5.18341 inf
3.45764 inf
14.0209 inf
6.86744 inf
10.468 inf
12.2921 inf
14.0238 inf
10.471 inf
3.46062 inf
5.18639 inf
1.74082 inf
6.87042 inf
3.4636 inf
10.474 inf
14.0268 inf
8.64984 inf
6.8734 inf
5.18937 inf
3.46658 inf
1.7438 inf
12.2951 inf
5.19235 inf
1.74678 inf
8.65282 inf
6.87638 inf
1.74976 inf
10.477 inf
5.19533 inf
3.46956 inf
10.4799 inf
12.2981 inf
1.75274 inf
10.4829 inf
6.87937 inf
8.6558 inf
5.19831 inf
6.88235 inf
3.47255 inf
14.0298 inf
1.75572 inf
8.65878 inf
12.3011 inf
10.4859 inf
3.47553 inf
6.88533 inf
1.7587 inf
14.0328 inf
10.4889 inf
1.76168 inf
3.47851 inf
5.20129 inf
6.88831 inf
8.66176 inf
5.20427 inf
1.76466 inf
12.3041 inf
1.76764 inf
5.20725 inf
6.89129 inf
10.4918 inf
5.21023 inf
3.48149 inf
8.66474 inf
1.77062 inf
3.48447 inf
10.4948 inf
12.307 inf
1.77361 inf
6.89427 inf
14.0358 inf
10.4978 inf
12.31 inf
6.89725 inf
1.77659 inf
3.48745 inf
1.77957 inf
6.90023 inf
10.5008 inf
3.49043 inf
12.313 inf
1.78255 inf
3.49341 inf
6.90321 inf
5.21321 inf
1.78553 inf
10.5038 inf
6.90619 inf
8.66772 inf
14.0388 inf
6.90917 inf
3.49639 inf
5.21619 inf
1.78851 inf
8.6707 inf
5.21917 inf
10.5068 inf
6.91215 inf
3.49937 inf
8.67369 inf
12.316 inf
3.50235 inf
10.5097 inf
1.79149 inf
14.0417 inf
10.5127 inf
1.79447 inf
5.22215 inf
12.3189 inf
10.5157 inf
6.91513 inf
1.79745 inf
3.50533 inf
12.3219 inf
14.0447 inf
5.22513 inf
10.5187 inf
1.80043 inf
12.3249 inf
14.0477 inf
1.80341 inf
10.5216 inf
6.91811 inf
1.80639 inf
12.3279 inf
3.50831 inf
1.80937 inf
6.92109 inf
14.0507 inf
1.81235 inf
3.51129 inf
6.92408 inf
8.67666 inf
6.92706 inf
10.5246 inf
8.67965 inf
6.93004 inf
1.81533 inf
3.51427 inf
8.68263 inf
6.93302 inf
12.3309 inf
1.81831 inf
3.51725 inf
8.68561 inf
5.22812 inf
6.936 inf
3.52023 inf
8.68859 inf
14.0537 inf
3.52321 inf
6.93898 inf
12.3339 inf
10.5276 inf
8.69157 inf
3.52619 inf
1.82129 inf
14.0566 inf
5.2311 inf
6.94196 inf
3.52918 inf
8.69455 inf
14.0596 inf
5.23408 inf
3.53216 inf
5.23706 inf
10.5306 inf
6.94494 inf
5.24004 inf
1.82428 inf
8.69753 inf
6.94792 inf
10.5336 inf
1.82726 inf
1.83024 inf
12.3368 inf
5.24302 inf
8.70051 inf
1.83322 inf
14.0626 inf
5.246 inf
3.53514 inf
12.3398 inf
5.24898 inf
1.8362 inf
3.53812 inf
10.5366 inf
14.0656 inf
3.5411 inf
5.25196 inf
8.70349 inf
6.9509 inf
10.5395 inf
1.83918 inf
8.70647 inf
12.3428 inf
1.84216 inf
3.54408 inf
6.95388 inf
5.25494 inf
8.70945 inf
10.5425 inf
14.0686 inf
3.54706 inf
1.84514 inf
8.71243 inf
3.55004 inf
12.3458 inf
6.95686 inf
8.71541 inf
10.5455 inf
1.84812 inf
6.95984 inf
12.3488 inf
1.8511 inf
3.55302 inf
5.25792 inf
10.5485 inf
6.96282 inf
8.71839 inf
3.556 inf
5.2609 inf
1.85408 inf
10.5515 inf
3.55898 inf
5.26388 inf
6.9658 inf
8.72137 inf
14.0715 inf
5.26686 inf
12.3517 inf
10.5544 inf
3.56196 inf
5.26984 inf
14.0745 inf
12.3547 inf
1.85706 inf
3.56494 inf
5.27283 inf
1.86004 inf
8.72435 inf
3.56792 inf
6.96878 inf
3.5709 inf
5.27581 inf
10.5574 inf
6.97176 inf
5.27879 inf
14.0775 inf
8.72734 inf
12.3577 inf
3.57389 inf
1.86302 inf
6.97475 inf
5.28177 inf
10.5604 inf
1.866 inf
1.86898 inf
10.5634 inf
8.73032 inf
14.0805 inf
3.57687 inf
6.97773 inf
14.0835 inf
12.3607 inf
1.87196 inf
8.7333 inf
14.0864 inf
12.3637 inf
8.73628 inf
10.5664 inf
6.98071 inf
1.87495 inf
5.28475 inf
1.87793 inf
14.0894 inf
8.73926 inf
12.3666 inf
1.88091 inf
5.28773 inf
6.98369 inf
1.88389 inf
3.57985 inf
8.74224 inf
1.88687 inf
14.0924 inf
1.88985 inf
3.58283 inf
1.89283 inf
8.74522 inf
3.58581 inf
14.0954 inf
1.89581 inf
12.3696 inf
1.89879 inf
5.29071 inf
1.90177 inf
14.0984 inf
3.58879 inf
5.29369 inf
6.98667 inf
10.5693 inf
14.1014 inf
8.7482 inf
3.59177 inf
1.90475 inf
8.75118 inf
14.1043 inf
10.5723 inf
5.29667 inf
1.90773 inf
12.3726 inf
3.59475 inf
5.29965 inf
8.75416 inf
14.1073 inf
3.59773 inf
6.98965 inf
12.3756 inf
10.5753 inf
8.75714 inf
5.30263 inf
14.1103 inf
3.60071 inf
8.76012 inf
1.91071 inf
5.30561 inf
3.60369 inf
12.3786 inf
1.91369 inf
8.7631 inf
3.60667 inf
6.99263 inf
10.5783 inf
1.91667 inf
3.60965 inf
12.3816 inf
5.30859 inf
1.91965 inf
3.61263 inf
10.5813 inf
8.76608 inf
5.31157 inf
12.3845 inf
3.61561 inf
1.92264 inf
6.99561 inf
5.31455 inf
10.5843 inf
1.92562 inf
3.61859 inf
1.9286 inf
5.31753 inf
12.3875 inf
1.93158 inf
3.62157 inf
10.5872 inf
6.99859 inf
3.62455 inf
5.32051 inf
8.76906 inf
14.1133 inf
10.5902 inf
1.93456 inf
12.3905 inf
7.00157 inf
8.77204 inf
14.1163 inf
12.3935 inf
7.00455 inf
1.93754 inf
8.77502 inf
10.5932 inf
1.94052 inf
12.3964 inf
10.5962 inf
14.1192 inf
5.3235 inf
1.9435 inf
12.3994 inf
10.5991 inf
5.32648 inf
7.00753 inf
14.1222 inf
5.32946 inf
8.77801 inf
7.01051 inf
10.6021 inf
5.33244 inf
1.94648 inf
12.4024 inf
14.1252 inf
3.62754 inf
5.33542 inf
1.94946 inf
3.63052 inf
12.4054 inf
10.6051 inf
8.78099 inf
12.4084 inf
3.6335 inf
10.6081 inf
8.78397 inf
5.3384 inf
1.95244 inf
7.01349 inf
1.95542 inf
5.34138 inf
8.78695 inf
1.9584 inf
14.1282 inf
1.96138 inf
5.34436 inf
10.6111 inf
12.4114 inf
7.01647 inf
3.63648 inf
10.6141 inf
8.78993 inf
7.01945 inf
14.1312 inf
12.4143 inf
5.34734 inf
7.02243 inf
8.79291 inf
3.63946 inf
10.617 inf
14.1341 inf
7.02541 inf
8.79589 inf
10.62 inf
5.35032 inf
12.4173 inf
3.64244 inf
5.3533 inf
7.0284 inf
12.4203 inf
8.79887 inf
7.03138 inf
14.1371 inf
10.623 inf
12.4233 inf
7.03436 inf
8.80185 inf
5.35628 inf
7.03734 inf
10.626 inf
5.35926 inf
12.4263 inf
14.1401 inf
7.04032 inf
3.64542 inf
8.80483 inf
7.0433 inf
12.4292 inf
5.36224 inf
8.80781 inf
3.6484 inf
7.04628 inf
10.629 inf
3.65138 inf
12.4322 inf
7.04926 inf
14.1431 inf
3.65436 inf
8.81079 inf
5.36522 inf
12.4352 inf
14.1461 inf
8.81377 inf
10.6319 inf
12.4382 inf
5.3682 inf
8.81675 inf
7.05224 inf
3.65734 inf
10.6349 inf
8.81973 inf
14.149 inf
5.37118 inf
7.05522 inf
8.82272 inf
3.66032 inf
5.37416 inf
12.4412 inf
3.6633 inf
5.37714 inf
10.6379 inf
8.82569 inf
14.152 inf
7.0582 inf
10.6409 inf
8.82868 inf
5.38013 inf
3.66628 inf
14.155 inf
10.6439 inf
12.4441 inf
7.06118 inf
3.66926 inf
8.83166 inf
5.38311 inf
14.158 inf
7.06416 inf
3.67224 inf
10.6468 inf
8.83464 inf
3.67523 inf
7.06714 inf
14.161 inf
7.07012 inf
3.67821 inf
5.38609 inf
12.4471 inf
14.1639 inf
5.38907 inf
3.68119 inf
7.0731 inf
5.39205 inf
8.83762 inf
12.4501 inf
14.1669 inf
7.07608 inf
3.68417 inf
10.6498 inf
3.68715 inf
7.07907 inf
8.8406 inf
12.4531 inf
14.1699 inf
7.08205 inf
5.39503 inf
8.84358 inf
10.6528 inf
5.39801 inf
14.1729 inf
12.4561 inf
3.69013 inf
8.84656 inf
10.6558 inf
14.1759 inf
12.459 inf
5.40099 inf
10.6588 inf
7.08503 inf
8.84954 inf
3.69311 inf
5.40397 inf
14.1789 inf
7.08801 inf
10.6617 inf
7.09099 inf
14.1818 inf
3.69609 inf
8.85252 inf
10.6647 inf
3.69907 inf
12.462 inf
14.1848 inf
3.70205 inf
7.09397 inf
3.70503 inf
8.8555 inf
10.6677 inf
14.1878 inf
3.70801 inf
8.85848 inf
5.40695 inf
7.09695 inf
8.86146 inf
12.465 inf
3.71099 inf
14.1908 inf
8.86444 inf
7.09993 inf
10.6707 inf
5.40993 inf
3.71397 inf
8.86742 inf
12.468 inf
5.41291 inf
14.1937 inf
7.10291 inf
5.41589 inf
3.71695 inf
12.471 inf
8.8704 inf
10.6737 inf
14.1967 inf
5.41887 inf
7.10589 inf
5.42185 inf
8.87339 inf
5.42483 inf
14.1997 inf
10.6767 inf
12.4739 inf
5.42782 inf
3.71993 inf
8.87636 inf
14.2027 inf
5.4308 inf
10.6796 inf
7.10887 inf
3.72291 inf
5.43378 inf
12.4769 inf
10.6826 inf
14.2057 inf
8.87935 inf
5.43676 inf
3.72589 inf
5.43974 inf
14.2087 inf
10.6856 inf
3.72888 inf
8.88233 inf
12.4799 inf
5.44272 inf
7.11185 inf
5.4457 inf
8.88531 inf
14.2116 inf
10.6886 inf
5.44868 inf
7.11483 inf
8.88829 inf
5.45166 inf
12.4829 inf
14.2146 inf
5.45464 inf
3.73186 inf
7.11781 inf
5.45762 inf
10.6915 inf
3.73484 inf
12.4859 inf
14.2176 inf
7.12079 inf
5.4606 inf
8.89127 inf
12.4888 inf
14.2206 inf
5.46358 inf
7.12378 inf
10.6945 inf
5.46656 inf
7.12676 inf
14.2235 inf
8.89425 inf
10.6975 inf
5.46954 inf
8.89723 inf
14.2265 inf
10.7005 inf
12.4918 inf
3.73782 inf
8.90021 inf
5.47253 inf
3.7408 inf
14.2295 inf
8.90319 inf
3.74378 inf
7.12974 inf
10.7035 inf
8.90617 inf
12.4948 inf
7.13272 inf
8.90915 inf
5.47551 inf
3.74676 inf
7.1357 inf
8.91213 inf
12.4978 inf
10.7065 inf
14.2325 inf
8.91511 inf
3.74974 inf
10.7094 inf
8.91809 inf
5.47849 inf
3.75272 inf
14.2355 inf
12.5008 inf
8.92107 inf
7.13868 inf
5.48147 inf
10.7124 inf
5.48445 inf
8.92405 inf
5.48743 inf
12.5038 inf
3.7557 inf
14.2385 inf
8.92704 inf
7.14166 inf
10.7154 inf
12.5067 inf
5.49041 inf
7.14464 inf
14.2414 inf
3.75868 inf
5.49339 inf
7.14762 inf
3.76166 inf
12.5097 inf
8.93002 inf
7.1506 inf
10.7184 inf
5.49637 inf
12.5127 inf
7.15358 inf
8.933 inf
10.7213 inf
3.76464 inf
14.2444 inf
7.15656 inf
12.5157 inf
3.76762 inf
5.49935 inf
3.7706 inf
7.15954 inf
3.77359 inf
12.5186 inf
3.77657 inf
5.50233 inf
7.16252 inf
10.7243 inf
8.93598 inf
3.77955 inf
10.7273 inf
8.93896 inf
14.2474 inf
12.5216 inf
14.2504 inf
3.78253 inf
5.50531 inf
8.94194 inf
10.7303 inf
5.50829 inf
14.2534 inf
3.78551 inf
5.51127 inf
12.5246 inf
10.7333 inf
3.78849 inf
7.1655 inf
8.94492 inf
3.79147 inf
14.2563 inf
7.16848 inf
5.51425 inf
12.5276 inf
3.79445 inf
10.7363 inf
7.17146 inf
14.2593 inf
8.9479 inf
12.5306 inf
10.7392 inf
7.17445 inf
5.51723 inf
8.95088 inf
3.79743 inf
5.52021 inf
12.5336 inf
3.80041 inf
8.95386 inf
5.5232 inf
7.17743 inf
14.2623 inf
10.7422 inf
5.52618 inf
3.80339 inf
12.5365 inf
7.18041 inf
8.95684 inf
3.80637 inf
3.80935 inf
7.18339 inf
5.52916 inf
12.5395 inf
8.95982 inf
7.18637 inf
14.2653 inf
5.53214 inf
12.5425 inf
10.7452 inf
5.53512 inf
14.2683 inf
8.9628 inf
3.81233 inf
7.18935 inf
5.5381 inf
12.5455 inf
3.81531 inf
10.7482 inf
5.54108 inf
8.96578 inf
7.19233 inf
14.2712 inf
5.54406 inf
3.81829 inf
12.5485 inf
8.96876 inf
7.19531 inf
10.7512 inf
3.82127 inf
12.5514 inf
5.54704 inf
10.7541 inf
14.2742 inf
8.97174 inf
5.55002 inf
3.82425 inf
10.7571 inf
12.5544 inf
8.97472 inf
5.553 inf
7.19829 inf
10.7601 inf
5.55598 inf
14.2772 inf
10.7631 inf
8.97771 inf
5.55896 inf
12.5574 inf
8.98069 inf
14.2802 inf
5.56194 inf
7.20127 inf
8.98367 inf
10.7661 inf
14.2832 inf
8.98665 inf
12.5604 inf
10.769 inf
8.98963 inf
5.56492 inf
8.99261 inf
7.20425 inf
14.2861 inf
8.99559 inf
5.5679 inf
10.772 inf
12.5634 inf
8.99857 inf
5.57088 inf
7.20723 inf
5.57386 inf
12.5663 inf
14.2891 inf
9.00155 inf
7.21021 inf
5.57684 inf
7.21319 inf
10.775 inf
12.5693 inf
14.2921 inf
9.00453 inf
5.57983 inf
12.5723 inf
7.21617 inf
14.2951 inf
9.00751 inf
12.5753 inf
7.21915 inf
10.778 inf
5.58281 inf
7.22213 inf
12.5783 inf
14.2981 inf
5.58579 inf
10.781 inf
9.01049 inf
7.22511 inf
12.5813 inf
7.2281 inf
5.58877 inf
14.3011 inf
10.784 inf
5.59175 inf
12.5842 inf
9.01347 inf
7.23108 inf
12.5872 inf
10.7869 inf
7.23406 inf
5.59473 inf
9.01645 inf
7.23704 inf
14.304 inf
5.59771 inf
7.24002 inf
12.5902 inf
5.60069 inf
9.01943 inf
10.7899 inf
7.243 inf
12.5932 inf
14.307 inf
5.60367 inf
9.02241 inf
7.24598 inf
14.31 inf
12.5961 inf
10.7929 inf
9.02539 inf
5.60665 inf
14.313 inf
12.5991 inf
9.02838 inf
7.24896 inf
10.7959 inf
5.60963 inf
14.316 inf
12.6021 inf
7.25194 inf
9.03136 inf
5.61261 inf
14.3189 inf
10.7988 inf
7.25492 inf
9.03434 inf
5.61559 inf
7.2579 inf
9.03732 inf
12.6051 inf
14.3219 inf
7.26088 inf
10.8018 inf
5.61857 inf
7.26386 inf
12.6081 inf
9.0403 inf
5.62155 inf
10.8048 inf
14.3249 inf
9.04328 inf
12.6111 inf
7.26684 inf
10.8078 inf
5.62453 inf
12.614 inf
14.3279 inf
9.04626 inf
5.62752 inf
10.8108 inf
12.617 inf
9.04924 inf
5.6305 inf
7.26982 inf
14.3309 inf
5.63348 inf
9.05222 inf
12.62 inf
7.2728 inf
5.63646 inf
9.0552 inf
10.8138 inf
5.63944 inf
12.623 inf
7.27578 inf
5.64242 inf
9.05818 inf
5.6454 inf
12.626 inf
14.3338 inf
9.06116 inf
5.64838 inf
10.8167 inf
7.27877 inf
5.65136 inf
12.6289 inf
9.06414 inf
7.28175 inf
5.65434 inf
14.3368 inf
10.8197 inf
5.65732 inf
7.28473 inf
9.06712 inf
5.6603 inf
12.6319 inf
7.28771 inf
5.66328 inf
10.8227 inf
9.0701 inf
14.3398 inf
5.66626 inf
12.6349 inf
7.29069 inf
9.07309 inf
10.8257 inf
9.07606 inf
12.6379 inf
5.66924 inf
10.8287 inf
14.3428 inf
9.07905 inf
7.29367 inf
5.67222 inf
9.08203 inf
10.8316 inf
12.6409 inf
9.08501 inf
14.3458 inf
10.8346 inf
9.08799 inf
5.67521 inf
7.29665 inf
10.8376 inf
5.67819 inf
9.09097 inf
14.3487 inf
12.6438 inf
5.68117 inf
10.8406 inf
9.09395 inf
5.68415 inf
7.29963 inf
10.8436 inf
5.68713 inf
14.3517 inf
9.09693 inf
12.6468 inf
10.8465 inf
7.30261 inf
9.09991 inf
14.3547 inf
7.30559 inf
10.8495 inf
12.6498 inf
7.30857 inf
10.8525 inf
7.31155 inf
9.10289 inf
12.6528 inf
7.31453 inf
14.3577 inf
10.8555 inf
9.10587 inf
12.6558 inf
10.8585 inf
14.3607 inf
7.31751 inf
12.6587 inf
10.8614 inf
9.10885 inf
7.32049 inf
14.3636 inf
10.8644 inf
12.6617 inf
9.11183 inf
12.6647 inf
14.3666 inf
7.32348 inf
7.32646 inf
9.11481 inf
14.3696 inf
12.6677 inf
7.32944 inf
9.11779 inf
7.33242 inf
14.3726 inf
9.12077 inf
12.6707 inf
7.3354 inf
9.12375 inf
7.33838 inf
14.3756 inf
12.6736 inf
9.12674 inf
10.8674 inf
7.34136 inf
9.12972 inf
14.3786 inf
9.1327 inf
12.6766 inf
10.8704 inf
9.13568 inf
14.3815 inf
7.34434 inf
9.13866 inf
12.6796 inf
14.3845 inf
9.14164 inf
7.34732 inf
10.8734 inf
7.3503 inf
14.3875 inf
12.6826 inf
10.8764 inf
9.14462 inf
14.3905 inf
12.6856 inf
9.1476 inf
7.35328 inf
10.8793 inf
9.15058 inf
12.6885 inf
9.15356 inf
14.3934 inf
7.35626 inf
9.15654 inf
10.8823 inf
7.35924 inf
9.15952 inf
12.6915 inf
10.8853 inf
14.3964 inf
9.1625 inf
7.36222 inf
10.8883 inf
9.16548 inf
12.6945 inf
7.3652 inf
10.8912 inf
14.3994 inf
9.16846 inf
7.36818 inf
12.6975 inf
10.8942 inf
7.37116 inf
14.4024 inf
9.17144 inf
12.7005 inf
14.4054 inf
7.37415 inf
10.8972 inf
9.17442 inf
7.37713 inf
14.4084 inf
12.7035 inf
9.17741 inf
10.9002 inf
7.38011 inf
14.4113 inf
12.7064 inf
10.9032 inf
7.38309 inf
9.18039 inf
7.38607 inf
10.9062 inf
14.4143 inf
12.7094 inf
7.38905 inf
9.18337 inf
7.39203 inf
10.9091 inf
14.4173 inf
7.39501 inf
9.18635 inf
10.9121 inf
12.7124 inf
7.39799 inf
9.18933 inf
10.9151 inf
7.40097 inf
14.4203 inf
12.7154 inf
7.40395 inf
10.9181 inf
9.19231 inf
7.40693 inf
10.921 inf
12.7183 inf
14.4232 inf
7.40991 inf
10.924 inf
9.19529 inf
14.4262 inf
10.927 inf
12.7213 inf
9.19827 inf
10.93 inf
14.4292 inf
12.7243 inf
9.20125 inf
10.933 inf
12.7273 inf
7.41289 inf
14.4322 inf
9.20423 inf
7.41587 inf
10.936 inf
14.4352 inf
7.41885 inf
12.7303 inf
9.20721 inf
7.42183 inf
10.9389 inf
7.42481 inf
9.21019 inf
12.7333 inf
10.9419 inf
14.4382 inf
7.4278 inf
10.9449 inf
7.43078 inf
14.4411 inf
9.21317 inf
10.9479 inf
7.43376 inf
12.7362 inf
9.21615 inf
7.43674 inf
10.9509 inf
14.4441 inf
7.43972 inf
12.7392 inf
9.21913 inf
7.4427 inf
10.9538 inf
14.4471 inf
7.44568 inf
9.22211 inf
10.9568 inf
7.44866 inf
12.7422 inf
14.4501 inf
7.45164 inf
9.22509 inf
7.45462 inf
10.9598 inf
9.22808 inf
7.4576 inf
12.7452 inf
14.4531 inf
7.46058 inf
9.23106 inf
7.46356 inf
10.9628 inf
12.7482 inf
14.456 inf
7.46654 inf
9.23404 inf
7.46952 inf
14.459 inf
7.4725 inf
12.7511 inf
7.47548 inf
10.9658 inf
7.47847 inf
14.462 inf
7.48145 inf
12.7541 inf
9.23702 inf
7.48443 inf
14.465 inf
12.7571 inf
10.9687 inf
7.48741 inf
14.468 inf
9.24 inf
12.7601 inf
10.9717 inf
9.24298 inf
12.7631 inf
14.4709 inf
7.49039 inf
9.24596 inf
10.9747 inf
12.766 inf
7.49337 inf
14.4739 inf
9.24894 inf
10.9777 inf
12.769 inf
9.25192 inf
7.49635 inf
14.4769 inf
9.2549 inf
7.49933 inf
12.772 inf
10.9807 inf
14.4799 inf
9.25788 inf
7.50231 inf
12.775 inf
10.9837 inf
14.4829 inf
12.778 inf
7.50529 inf
10.9866 inf
14.4858 inf
9.26086 inf
7.50827 inf
12.781 inf
10.9896 inf
7.51125 inf
14.4888 inf
9.26384 inf
12.7839 inf
7.51423 inf
10.9926 inf
9.26682 inf
14.4918 inf
7.51721 inf
12.7869 inf
7.52019 inf
9.2698 inf
14.4948 inf
7.52318 inf
12.7899 inf
7.52616 inf
14.4978 inf
10.9956 inf
9.27279 inf
7.52914 inf
10.9985 inf
14.5008 inf
7.53212 inf
9.27576 inf
12.7929 inf
11.0015 inf
9.27875 inf
7.5351 inf
14.5037 inf
9.28173 inf
7.53808 inf
11.0045 inf
7.54106 inf
9.28471 inf
12.7958 inf
14.5067 inf
7.54404 inf
11.0075 inf
9.28769 inf
7.54702 inf
12.7988 inf
14.5097 inf
7.55 inf
11.0105 inf
9.29067 inf
12.8018 inf
14.5127 inf
9.29365 inf
12.8048 inf
9.29663 inf
14.5157 inf
11.0135 inf
12.8078 inf
9.29961 inf
14.5186 inf
11.0164 inf
9.30259 inf
12.8108 inf
11.0194 inf
14.5216 inf
9.30557 inf
12.8137 inf
11.0224 inf
9.30855 inf
14.5246 inf
12.8167 inf
11.0254 inf
9.31153 inf
14.5276 inf
9.31451 inf
12.8197 inf
11.0284 inf
9.31749 inf
14.5306 inf
12.8227 inf
11.0313 inf
9.32047 inf
14.5335 inf
9.32345 inf
11.0343 inf
14.5365 inf
12.8257 inf
9.32644 inf
11.0373 inf
14.5395 inf
9.32942 inf
12.8286 inf
11.0403 inf
9.3324 inf
14.5425 inf
11.0433 inf
12.8316 inf
9.33538 inf
11.0462 inf
14.5455 inf
12.8346 inf
9.33836 inf
11.0492 inf
14.5484 inf
9.34134 inf
12.8376 inf
11.0522 inf
9.34432 inf
14.5514 inf
11.0552 inf
12.8406 inf
9.3473 inf
11.0582 inf
14.5544 inf
9.35028 inf
12.8435 inf
11.0611 inf
9.35326 inf
14.5574 inf
12.8465 inf
11.0641 inf
9.35624 inf
9.35922 inf
14.5604 inf
12.8495 inf
11.0671 inf
9.3622 inf
11.0701 inf
12.8525 inf
9.36518 inf
14.5633 inf
12.8555 inf
11.0731 inf
9.36816 inf
11.0761 inf
9.37114 inf
14.5663 inf
12.8584 inf
9.37412 inf
11.079 inf
14.5693 inf
12.8614 inf
9.37711 inf
11.082 inf
9.38009 inf
12.8644 inf
14.5723 inf
11.085 inf
9.38307 inf
12.8674 inf
9.38605 inf
14.5753 inf
12.8704 inf
11.088 inf
9.38903 inf
14.5783 inf
12.8733 inf
11.0909 inf
9.39201 inf
11.0939 inf
9.39499 inf
12.8763 inf
14.5812 inf
9.39797 inf
11.0969 inf
12.8793 inf
9.40095 inf
14.5842 inf
11.0999 inf
9.40393 inf
12.8823 inf
14.5872 inf
11.1029 inf
9.40691 inf
12.8853 inf
9.40989 inf
11.1059 inf
14.5902 inf
12.8882 inf
9.41287 inf
11.1088 inf
14.5931 inf
12.8912 inf
11.1118 inf
14.5961 inf
11.1148 inf
12.8942 inf
11.1178 inf
14.5991 inf
12.8972 inf
11.1207 inf
12.9002 inf
14.6021 inf
11.1237 inf
12.9032 inf
14.6051 inf
11.1267 inf
12.9061 inf
14.6081 inf
11.1297 inf
12.9091 inf
11.1327 inf
14.611 inf
12.9121 inf
11.1357 inf
14.614 inf
11.1386 inf
12.9151 inf
14.617 inf
11.1416 inf
12.918 inf
11.1446 inf
14.62 inf
12.921 inf
11.1476 inf
14.6229 inf
12.924 inf
11.1506 inf
12.927 inf
14.6259 inf
11.1535 inf
12.93 inf
11.1565 inf
14.6289 inf
12.933 inf
11.1595 inf
14.6319 inf
11.1625 inf
12.9359 inf
14.6349 inf
11.1655 inf
12.9389 inf
14.6379 inf
11.1684 inf
12.9419 inf
11.1714 inf
14.6408 inf
12.9449 inf
11.1744 inf
14.6438 inf
12.9479 inf
11.1774 inf
14.6468 inf
11.1804 inf
12.9508 inf
11.1834 inf
14.6498 inf
12.9538 inf
11.1863 inf
12.9568 inf
14.6528 inf
11.1893 inf
12.9598 inf
14.6557 inf
11.1923 inf
12.9628 inf
11.1953 inf
14.6587 inf
12.9657 inf
11.1982 inf
14.6617 inf
11.2012 inf
12.9687 inf
11.2042 inf
14.6647 inf
12.9717 inf
11.2072 inf
14.6677 inf
12.9747 inf
11.2102 inf
14.6706 inf
12.9777 inf
11.2132 inf
11.2161 inf
12.9807 inf
14.6736 inf
11.2191 inf
12.9836 inf
14.6766 inf
11.2221 inf
12.9866 inf
11.2251 inf
14.6796 inf
12.9896 inf
11.2281 inf
14.6826 inf
12.9926 inf
11.231 inf
14.6855 inf
11.234 inf
12.9955 inf
11.237 inf
14.6885 inf
12.9985 inf
11.24 inf
13.0015 inf
14.6915 inf
11.243 inf
13.0045 inf
14.6945 inf
11.2459 inf
13.0075 inf
14.6975 inf
11.2489 inf
13.0105 inf
11.2519 inf
14.7005 inf
13.0134 inf
11.2549 inf
14.7034 inf
11.2579 inf
13.0164 inf
14.7064 inf
11.2608 inf
13.0194 inf
11.2638 inf
14.7094 inf
13.0224 inf
11.2668 inf
14.7124 inf
13.0254 inf
11.2698 inf
13.0283 inf
11.2728 inf
14.7154 inf
11.2758 inf
13.0313 inf
14.7183 inf
13.0343 inf
14.7213 inf
13.0373 inf
14.7243 inf
13.0403 inf
14.7273 inf
13.0432 inf
14.7303 inf
13.0462 inf
14.7332 inf
13.0492 inf
14.7362 inf
13.0522 inf
14.7392 inf
13.0552 inf
14.7422 inf
13.0581 inf
13.0611 inf
14.7452 inf
13.0641 inf
14.7481 inf
13.0671 inf
14.7511 inf
13.0701 inf
14.7541 inf
13.073 inf
14.7571 inf
13.076 inf
14.7601 inf
13.079 inf
14.763 inf
13.082 inf
14.766 inf
13.085 inf
14.769 inf
13.0879 inf
14.772 inf
13.0909 inf
14.775 inf
13.0939 inf
13.0969 inf
14.778 inf
13.0999 inf
14.7809 inf
13.1029 inf
14.7839 inf
13.1058 inf
14.7869 inf
13.1088 inf
14.7899 inf
13.1118 inf
14.7928 inf
13.1148 inf
14.7958 inf
13.1177 inf
14.7988 inf
13.1207 inf
13.1237 inf
14.8018 inf
13.1267 inf
14.8048 inf
13.1297 inf
14.8078 inf
13.1327 inf
14.8107 inf
13.1356 inf
14.8137 inf
13.1386 inf
14.8167 inf
14.8197 inf
14.8226 inf
14.8256 inf
14.8286 inf
14.8316 inf
14.8346 inf
14.8376 inf
14.8405 inf
14.8435 inf
14.8465 inf
14.8495 inf
14.8525 inf
14.8554 inf
14.8584 inf
14.8614 inf
14.8644 inf
14.8674 inf
14.8703 inf
14.8733 inf
14.8763 inf
14.8793 inf
14.8823 inf
14.8852 inf
14.8882 inf
14.8912 inf
14.8942 inf
14.8972 inf
14.9002 inf
14.9031 inf
14.9061 inf
14.9091 inf
14.9121 inf
14.9151 inf
14.918 inf
14.921 inf
14.924 inf
14.927 inf
14.93 inf
14.9329 inf
14.9359 inf
14.9389 inf
14.9419 inf
14.9449 inf
14.9478 inf
14.9508 inf
14.9538 inf
14.9568 inf
14.9598 inf
14.9627 inf
14.9657 inf
14.9687 inf
14.9717 inf
14.9747 inf
14.9777 inf
14.9806 inf
14.9836 inf
14.9866 inf
14.9896 inf
14.9925 inf
14.9955 inf
14.9985 inf
