0.102453 9.86442e-07 1.87459e-06 -8.97411e-06
0.107357 1.00978e-06 1.7476e-06 -8.05442e-06
0.112262 1.03259e-06 1.63433e-06 -7.20139e-06
0.117167 1.05491e-06 1.53279e-06 -6.46974e-06
0.122072 1.07676e-06 1.44134e-06 -5.83812e-06
0.126977 1.09818e-06 1.35864e-06 -5.28961e-06
0.131882 1.11919e-06 1.28355e-06 -4.81066e-06
0.136787 1.13981e-06 1.21513e-06 -4.39031e-06
0.141692 1.16007e-06 1.15259e-06 -4.01966e-06
0.146597 1.17997e-06 1.09523e-06 -3.6914e-06
0.151502 1.19955e-06 1.04247e-06 -3.39948e-06
0.156406 1.21881e-06 9.93822e-07 -3.1389e-06
0.161311 1.23778e-06 9.48841e-07 -2.90546e-06
0.166216 1.25646e-06 9.07153e-07 -2.69562e-06
0.171121 1.27486e-06 8.68431e-07 -2.50641e-06
0.176026 1.293e-06 8.32387e-07 -2.33529e-06
0.180931 1.31089e-06 7.98769e-07 -2.18009e-06
0.185836 1.32854e-06 7.67355e-07 -2.03896e-06
0.190741 1.34596e-06 7.37948e-07 -1.9103e-06
0.195646 1.36316e-06 7.10371e-07 -1.79275e-06
0.200551 1.38014e-06 6.8447e-07 -1.68506e-06
0.205456 1.39691e-06 6.60106e-07 -1.5862e-06
0.21036 1.41349e-06 6.37154e-07 -1.49529e-06
0.215265 1.42987e-06 6.15502e-07 -1.41151e-06
0.22017 1.44607e-06 5.95049e-07 -1.33416e-06
0.225075 1.46209e-06 5.75704e-07 -1.26262e-06
0.22998 1.47794e-06 5.57385e-07 -1.19634e-06
0.234885 1.49361e-06 5.40018e-07 -1.13483e-06
0.23979 1.50913e-06 5.23533e-07 -1.07765e-06
0.244695 1.52448e-06 5.07871e-07 -1.02443e-06
0.2496 1.53969e-06 4.92975e-07 -9.74823e-07
0.254505 1.55474e-06 4.78792e-07 -9.28512e-07
0.259409 1.56965e-06 4.65277e-07 -8.85224e-07
0.264314 1.58442e-06 4.52386e-07 -8.4471e-07
0.269219 1.59906e-06 4.4008e-07 -8.06745e-07
0.274124 1.61356e-06 4.28321e-07 -7.71127e-07
0.279029 1.62793e-06 4.17077e-07 -7.37672e-07
0.283934 1.64217e-06 4.06317e-07 -7.06215e-07
0.288839 1.6563e-06 3.96011e-07 -6.76605e-07
0.293744 1.6703e-06 3.86134e-07 -6.48704e-07
0.298649 1.68419e-06 3.7666e-07 -6.22395e-07
0.303554 1.69796e-06 3.67568e-07 -5.9755e-07
0.308459 1.71163e-06 3.58835e-07 -5.74063e-07
0.313363 1.72518e-06 3.50444e-07 -5.51856e-07
0.318268 1.73863e-06 3.42374e-07 -5.30833e-07
0.323173 1.75198e-06 3.34609e-07 -5.10915e-07
0.328078 1.76522e-06 3.27133e-07 -4.92028e-07
0.332983 1.77837e-06 3.19932e-07 -4.74104e-07
0.337888 1.79142e-06 3.12991e-07 -4.57081e-07
0.342793 1.80437e-06 3.06297e-07 -4.40901e-07
0.347698 1.81724e-06 2.99839e-07 -4.25513e-07
0.352603 1.83001e-06 2.93604e-07 -4.10866e-07
0.357507 1.84269e-06 2.87583e-07 -3.96915e-07
0.362412 1.85529e-06 2.81764e-07 -3.83618e-07
0.367317 1.8678e-06 2.76139e-07 -3.70937e-07
0.372222 1.88023e-06 2.70699e-07 -3.58835e-07
0.377127 1.89258e-06 2.65435e-07 -3.47279e-07
0.382032 1.90485e-06 2.6034e-07 -3.36237e-07
0.386937 1.91704e-06 2.55406e-07 -3.25681e-07
0.391842 1.92915e-06 2.50625e-07 -3.15583e-07
0.396747 1.94119e-06 2.45992e-07 -3.05922e-07
0.401652 1.95315e-06 2.41499e-07 -2.96666e-07
0.406557 1.96504e-06 2.37142e-07 -2.87793e-07
0.411461 1.97686e-06 2.32915e-07 -2.79292e-07
0.416366 1.9886e-06 2.28811e-07 -2.71138e-07
0.421271 2.00028e-06 2.24827e-07 -2.63313e-07
0.426176 2.01189e-06 2.20956e-07 -2.55801e-07
0.431081 2.02344e-06 2.17196e-07 -2.48585e-07
0.435986 2.03492e-06 2.13541e-07 -2.41652e-07
0.440891 2.04633e-06 2.09988e-07 -2.34986e-07
0.445796 2.05768e-06 2.06532e-07 -2.28574e-07
0.450701 2.06897e-06 2.03169e-07 -2.22405e-07
0.455606 2.0802e-06 1.99897e-07 -2.16467e-07
0.46051 2.09137e-06 1.96712e-07 -2.10748e-07
0.465415 2.10248e-06 1.93611e-07 -2.05239e-07
0.47032 2.11352e-06 1.9059e-07 -1.99929e-07
0.475225 2.12452e-06 1.87647e-07 -1.94809e-07
0.48013 2.13545e-06 1.84779e-07 -1.89872e-07
0.485035 2.14633e-06 1.81983e-07 -1.85107e-07
0.48994 2.15716e-06 1.79257e-07 -1.80508e-07
0.494845 2.16793e-06 1.76599e-07 -1.76068e-07
0.49975 2.17865e-06 1.74005e-07 -1.71782e-07
0.504655 2.18931e-06 1.71474e-07 -1.67637e-07
0.50956 2.19993e-06 1.69004e-07 -1.6363e-07
0.514464 2.21049e-06 1.66593e-07 -1.59757e-07
0.519369 2.221e-06 1.64239e-07 -1.56011e-07
0.524274 2.23146e-06 1.61939e-07 -1.52388e-07
0.529179 2.24188e-06 1.59693e-07 -1.48881e-07
0.534084 2.25224e-06 1.57498e-07 -1.45486e-07
0.538989 2.26256e-06 1.55353e-07 -1.42198e-07
0.543894 2.27283e-06 1.53257e-07 -1.39014e-07
0.548799 2.28306e-06 1.51207e-07 -1.35928e-07
0.553704 2.29324e-06 1.49202e-07 -1.32937e-07
0.558609 2.30337e-06 1.47241e-07 -1.30038e-07
0.563514 2.31346e-06 1.45323e-07 -1.27227e-07
0.568418 2.32351e-06 1.43446e-07 -1.245e-07
0.573323 2.33351e-06 1.41609e-07 -1.21854e-07
0.578228 2.34347e-06 1.39811e-07 -1.19286e-07
0.583133 2.35339e-06 1.38051e-07 -1.16793e-07
0.588038 2.36327e-06 1.36327e-07 -1.14373e-07
0.592943 2.3731e-06 1.34639e-07 -1.12022e-07
0.597848 2.3829e-06 1.32986e-07 -1.09739e-07
0.602753 2.39265e-06 1.31366e-07 -1.0752e-07
0.607658 2.40237e-06 1.29778e-07 -1.05362e-07
0.612563 2.41205e-06 1.28223e-07 -1.03266e-07
0.617467 2.42168e-06 1.26698e-07 -1.01227e-07
0.622372 2.43128e-06 1.25203e-07 -9.92441e-08
0.627277 2.44085e-06 1.23737e-07 -9.73152e-08
0.632182 2.45037e-06 1.223e-07 -9.54385e-08
0.637087 2.45986e-06 1.20891e-07 -9.3612e-08
0.641992 2.46931e-06 1.19508e-07 -9.18341e-08
0.646897 2.47872e-06 1.18151e-07 -9.01031e-08
0.651802 2.4881e-06 1.1682e-07 -8.84175e-08
0.656707 2.49745e-06 1.15514e-07 -8.67756e-08
0.661612 2.50676e-06 1.14231e-07 -8.51762e-08
0.666516 2.51603e-06 1.12973e-07 -8.36177e-08
0.671421 2.52527e-06 1.11737e-07 -8.20988e-08
0.676326 2.53448e-06 1.10524e-07 -8.06183e-08
0.681231 2.54365e-06 1.09332e-07 -7.91749e-08
0.686136 2.55279e-06 1.08162e-07 -7.77674e-08
0.691041 2.5619e-06 1.07013e-07 -7.63947e-08
0.695946 2.57098e-06 1.05883e-07 -7.50567e-08
0.700851 2.58002e-06 1.04774e-07 -7.37503e-08
0.705756 2.58903e-06 1.03683e-07 -7.24745e-08
0.710661 2.59801e-06 1.02612e-07 -7.12304e-08
0.715566 2.60696e-06 1.01559e-07 -7.0016e-08
0.720471 2.61588e-06 1.00523e-07 -6.88303e-08
0.725375 2.62477e-06 9.95053e-08 -6.76726e-08
0.73028 2.63363e-06 9.85045e-08 -6.6542e-08
0.735185 2.64246e-06 9.75204e-08 -6.54376e-08
0.74009 2.65126e-06 9.65525e-08 -6.43587e-08
0.744995 2.66003e-06 9.56006e-08 -6.33046e-08
0.7499 2.66878e-06 9.46642e-08 -6.22744e-08
0.754805 2.67749e-06 9.37429e-08 -6.12676e-08
0.75971 2.68617e-06 9.28366e-08 -6.02835e-08
0.764615 2.69483e-06 9.19447e-08 -5.93213e-08
0.76952 2.70346e-06 9.1067e-08 -5.83805e-08
0.774424 2.71206e-06 9.02032e-08 -5.74604e-08
0.779329 2.72064e-06 8.9353e-08 -5.65605e-08
0.784234 2.72919e-06 8.8516e-08 -5.56803e-08
0.789139 2.73771e-06 8.7692e-08 -5.48191e-08
0.794044 2.7462e-06 8.68808e-08 -5.39764e-08
0.798949 2.75467e-06 8.60819e-08 -5.31524e-08
0.803854 2.76312e-06 8.52952e-08 -5.23453e-08
0.808759 2.77153e-06 8.45205e-08 -5.15545e-08
0.813664 2.77992e-06 8.37574e-08 -5.0781e-08
0.818569 2.78829e-06 8.30057e-08 -5.00237e-08
0.823473 2.79663e-06 8.22652e-08 -4.92821e-08
0.828378 2.80495e-06 8.15356e-08 -4.85558e-08
0.833283 2.81324e-06 8.08168e-08 -4.78444e-08
0.838188 2.82151e-06 8.01084e-08 -4.71475e-08
0.843093 2.82975e-06 7.94104e-08 -4.64648e-08
0.847998 2.83797e-06 7.87224e-08 -4.57957e-08
0.852903 2.84617e-06 7.80443e-08 -4.51401e-08
0.857808 2.85434e-06 7.73759e-08 -4.44976e-08
0.862713 2.86249e-06 7.67169e-08 -4.38678e-08
0.867618 2.87061e-06 7.60673e-08 -4.32504e-08
0.872522 2.87872e-06 7.54268e-08 -4.26451e-08
0.877427 2.8868e-06 7.47952e-08 -4.20516e-08
0.882332 2.89485e-06 7.41724e-08 -4.14696e-08
0.887237 2.90289e-06 7.35582e-08 -4.08988e-08
0.892142 2.9109e-06 7.29524e-08 -4.0339e-08
0.897047 2.91889e-06 7.23549e-08 -3.97904e-08
0.901952 2.92686e-06 7.17654e-08 -3.92516e-08
0.906857 2.93481e-06 7.1184e-08 -3.87224e-08
0.911762 2.94273e-06 7.06104e-08 -3.82037e-08
0.916667 2.95064e-06 7.00444e-08 -3.76947e-08
0.921572 2.95852e-06 6.94859e-08 -3.71951e-08
0.926477 2.96639e-06 6.89349e-08 -3.67048e-08
0.931381 2.97423e-06 6.8391e-08 -3.62234e-08
0.936286 2.98205e-06 6.78543e-08 -3.57509e-08
0.941191 2.98985e-06 6.73246e-08 -3.52869e-08
0.946096 2.99763e-06 6.68017e-08 -3.48313e-08
0.951001 3.00539e-06 6.62856e-08 -3.43839e-08
0.955906 3.01313e-06 6.57761e-08 -3.39445e-08
0.960811 3.02085e-06 6.5273e-08 -3.3513e-08
0.965716 3.02855e-06 6.47764e-08 -3.3089e-08
0.970621 3.03623e-06 6.4286e-08 -3.26726e-08
0.975526 3.0439e-06 6.38018e-08 -3.22634e-08
0.98043 3.05154e-06 6.33236e-08 -3.18614e-08
0.985335 3.05916e-06 6.28513e-08 -3.14664e-08
0.99024 3.06677e-06 6.23849e-08 -3.10782e-08
0.995145 3.07435e-06 6.19243e-08 -3.06966e-08
1.00005 3.08192e-06 6.14693e-08 -3.0322e-08
1.00496 3.08947e-06 6.10198e-08 -2.99538e-08
1.00986 3.097e-06 6.05757e-08 -2.95914e-08
1.01476 3.10451e-06 6.01371e-08 -2.92351e-08
1.01967 3.112e-06 5.97037e-08 -2.88847e-08
1.02458 3.11948e-06 5.92754e-08 -2.85364e-08
1.02948 3.12694e-06 5.88524e-08 -2.81977e-08
1.03438 3.13438e-06 5.84343e-08 -2.78684e-08
1.03929 3.1418e-06 5.80211e-08 -2.75408e-08
1.04419 3.14921e-06 5.76128e-08 -2.72185e-08
1.0491 3.15659e-06 5.72092e-08 -2.69014e-08
1.054 3.16396e-06 5.68103e-08 -2.65895e-08
1.05891 3.17132e-06 5.6416e-08 -2.62827e-08
1.06381 3.17865e-06 5.60263e-08 -2.59808e-08
1.06872 3.18597e-06 5.5641e-08 -2.56837e-08
1.07362 3.19328e-06 5.52602e-08 -2.53913e-08
1.07853 3.20056e-06 5.48836e-08 -2.51002e-08
1.08343 3.20783e-06 5.45114e-08 -2.48171e-08
1.08834 3.21508e-06 5.41433e-08 -2.45418e-08
1.09324 3.22232e-06 5.37793e-08 -2.42674e-08
1.09815 3.22954e-06 5.34194e-08 -2.39974e-08
1.10305 3.23675e-06 5.30635e-08 -2.37315e-08
1.10796 3.24393e-06 5.27115e-08 -2.34697e-08
1.11286 3.25111e-06 5.23634e-08 -2.32119e-08
1.11777 3.25826e-06 5.20191e-08 -2.29581e-08
1.12267 3.2654e-06 5.16786e-08 -2.27081e-08
1.12758 3.27253e-06 5.13417e-08 -2.2459e-08
1.13248 3.27964e-06 5.10086e-08 -2.22166e-08
1.13739 3.28673e-06 5.0679e-08 -2.19808e-08
1.14229 3.29381e-06 5.03529e-08 -2.17456e-08
1.1472 3.30088e-06 5.00304e-08 -2.15139e-08
1.1521 3.30793e-06 4.97112e-08 -2.12857e-08
1.15701 3.31496e-06 4.93954e-08 -2.10608e-08
1.16191 3.32198e-06 4.9083e-08 -2.08392e-08
1.16682 3.32898e-06 4.87738e-08 -2.06209e-08
1.17172 3.33597e-06 4.84678e-08 -2.04057e-08
1.17663 3.34295e-06 4.81651e-08 -2.01937e-08
1.18153 3.34991e-06 4.78655e-08 -1.99821e-08
1.18644 3.35686e-06 4.7569e-08 -1.97762e-08
1.19134 3.36379e-06 4.72755e-08 -1.9576e-08
1.19625 3.37071e-06 4.69851e-08 -1.93759e-08
1.20115 3.37761e-06 4.66976e-08 -1.91787e-08
1.20606 3.3845e-06 4.6413e-08 -1.89843e-08
1.21096 3.39137e-06 4.61313e-08 -1.87926e-08
1.21587 3.39823e-06 4.58524e-08 -1.86037e-08
1.22077 3.40508e-06 4.55763e-08 -1.84174e-08
1.22568 3.41192e-06 4.5303e-08 -1.82337e-08
1.23058 3.41874e-06 4.50324e-08 -1.80501e-08
1.23548 3.42554e-06 4.47646e-08 -1.78714e-08
1.24039 3.43233e-06 4.44993e-08 -1.76977e-08
1.2453 3.43911e-06 4.42366e-08 -1.7524e-08
1.2502 3.44588e-06 4.39766e-08 -1.73526e-08
1.2551 3.45263e-06 4.3719e-08 -1.71835e-08
1.26001 3.45937e-06 4.3464e-08 -1.70168e-08
1.26492 3.4661e-06 4.32114e-08 -1.68523e-08
1.26982 3.47281e-06 4.29613e-08 -1.669e-08
1.27473 3.47951e-06 4.27136e-08 -1.65299e-08
1.27963 3.4862e-06 4.24682e-08 -1.6372e-08
1.28453 3.49288e-06 4.22252e-08 -1.62139e-08
1.28944 3.49954e-06 4.19845e-08 -1.60602e-08
1.29434 3.50619e-06 4.17461e-08 -1.59106e-08
1.29925 3.51283e-06 4.15099e-08 -1.57609e-08
1.30415 3.51945e-06 4.1276e-08 -1.56131e-08
1.30906 3.52606e-06 4.10442e-08 -1.54673e-08
1.31396 3.53266e-06 4.08146e-08 -1.53233e-08
1.31887 3.53925e-06 4.05871e-08 -1.51812e-08
1.32377 3.54583e-06 4.03617e-08 -1.5041e-08
1.32868 3.55239e-06 4.01384e-08 -1.49026e-08
1.33358 3.55894e-06 3.99172e-08 -1.47639e-08
1.33849 3.56548e-06 3.9698e-08 -1.4629e-08
1.34339 3.57201e-06 3.94808e-08 -1.44979e-08
1.3483 3.57852e-06 3.92656e-08 -1.43664e-08
1.3532 3.58502e-06 3.90523e-08 -1.42365e-08
1.35811 3.59151e-06 3.88409e-08 -1.41083e-08
1.36301 3.59799e-06 3.86314e-08 -1.39817e-08
1.36792 3.60446e-06 3.84238e-08 -1.38567e-08
1.37282 3.61092e-06 3.82181e-08 -1.37333e-08
1.37773 3.61736e-06 3.80141e-08 -1.36114e-08
1.38263 3.6238e-06 3.7812e-08 -1.3491e-08
1.38754 3.63022e-06 3.76117e-08 -1.33703e-08
1.39244 3.63663e-06 3.74132e-08 -1.32528e-08
1.39735 3.64303e-06 3.72164e-08 -1.31386e-08
1.40225 3.64942e-06 3.70213e-08 -1.3024e-08
1.40716 3.65579e-06 3.68279e-08 -1.29108e-08
1.41206 3.66216e-06 3.66362e-08 -1.2799e-08
1.41697 3.66852e-06 3.64461e-08 -1.26885e-08
1.42187 3.67486e-06 3.62577e-08 -1.25794e-08
1.42678 3.68119e-06 3.60708e-08 -1.24715e-08
1.43168 3.68751e-06 3.58856e-08 -1.2365e-08
1.43659 3.69383e-06 3.5702e-08 -1.22581e-08
1.44149 3.70013e-06 3.552e-08 -1.2154e-08
1.4464 3.70642e-06 3.53394e-08 -1.20529e-08
1.4513 3.71269e-06 3.51604e-08 -1.19513e-08
1.45621 3.71896e-06 3.49829e-08 -1.18509e-08
1.46111 3.72522e-06 3.48069e-08 -1.17517e-08
1.46602 3.73147e-06 3.46324e-08 -1.16537e-08
1.47092 3.73771e-06 3.44593e-08 -1.15568e-08
1.47583 3.74393e-06 3.42877e-08 -1.1461e-08
1.48073 3.75015e-06 3.41174e-08 -1.13663e-08
1.48564 3.75635e-06 3.39486e-08 -1.12727e-08
1.49054 3.76255e-06 3.37812e-08 -1.11787e-08
1.49544 3.76874e-06 3.36151e-08 -1.10873e-08
1.50035 3.77491e-06 3.34504e-08 -1.09984e-08
1.50526 3.78108e-06 3.32871e-08 -1.0909e-08
1.51016 3.78723e-06 3.3125e-08 -1.08206e-08
1.51507 3.79338e-06 3.29643e-08 -1.07333e-08
1.51997 3.79951e-06 3.28048e-08 -1.06469e-08
1.52487 3.80564e-06 3.26467e-08 -1.05615e-08
1.52978 3.81175e-06 3.24898e-08 -1.0477e-08
1.53469 3.81786e-06 3.23342e-08 -1.03935e-08
1.53959 3.82396e-06 3.21798e-08 -1.03095e-08
1.54449 3.83004e-06 3.20266e-08 -1.02278e-08
1.5494 3.83612e-06 3.18747e-08 -1.01485e-08
1.5543 3.84219e-06 3.17239e-08 -1.00686e-08
1.55921 3.84824e-06 3.15743e-08 -9.9896e-09
1.56411 3.85429e-06 3.14259e-08 -9.91147e-09
1.56902 3.86033e-06 3.12787e-08 -9.83419e-09
1.57392 3.86636e-06 3.11326e-08 -9.75775e-09
1.57883 3.87238e-06 3.09876e-08 -9.68214e-09
1.58373 3.87839e-06 3.08437e-08 -9.60734e-09
1.58864 3.88439e-06 3.0701e-08 -9.53335e-09
1.59354 3.89038e-06 3.05594e-08 -9.45889e-09
1.59845 3.89637e-06 3.04189e-08 -9.38649e-09
1.60335 3.90234e-06 3.02794e-08 -9.31614e-09
1.60826 3.9083e-06 3.0141e-08 -9.24527e-09
1.61316 3.91426e-06 3.00036e-08 -9.17515e-09
1.61807 3.92021e-06 2.98673e-08 -9.10577e-09
1.62297 3.92614e-06 2.9732e-08 -9.03713e-09
1.62788 3.93207e-06 2.95977e-08 -8.9692e-09
1.63278 3.93799e-06 2.94644e-08 -8.90199e-09
1.63769 3.9439e-06 2.93321e-08 -8.83549e-09
1.64259 3.9498e-06 2.92009e-08 -8.76849e-09
1.6475 3.9557e-06 2.90706e-08 -8.70337e-09
1.6524 3.96158e-06 2.89412e-08 -8.64011e-09
1.65731 3.96745e-06 2.88128e-08 -8.57632e-09
1.66221 3.97332e-06 2.86854e-08 -8.51319e-09
1.66712 3.97918e-06 2.85589e-08 -8.45071e-09
1.67202 3.98503e-06 2.84333e-08 -8.38887e-09
1.67693 3.99087e-06 2.83087e-08 -8.32766e-09
1.68183 3.9967e-06 2.81849e-08 -8.26707e-09
1.68674 4.00253e-06 2.80621e-08 -8.2071e-09
1.69164 4.00834e-06 2.79401e-08 -8.14774e-09
1.69655 4.01415e-06 2.7819e-08 -8.08788e-09
1.70145 4.01995e-06 2.76988e-08 -8.02971e-09
1.70636 4.02574e-06 2.75795e-08 -7.97323e-09
1.71126 4.03152e-06 2.7461e-08 -7.91621e-09
1.71617 4.03729e-06 2.73433e-08 -7.85977e-09
1.72107 4.04306e-06 2.72265e-08 -7.80389e-09
1.72598 4.04881e-06 2.71106e-08 -7.74856e-09
1.73088 4.05456e-06 2.69954e-08 -7.69378e-09
1.73579 4.0603e-06 2.68811e-08 -7.63954e-09
1.74069 4.06604e-06 2.67675e-08 -7.58584e-09
1.7456 4.07176e-06 2.66548e-08 -7.53266e-09
1.7505 4.07748e-06 2.65428e-08 -7.47899e-09
1.75541 4.08319e-06 2.64317e-08 -7.42686e-09
1.76031 4.08889e-06 2.63213e-08 -7.37624e-09
1.76521 4.09458e-06 2.62116e-08 -7.3251e-09
1.77012 4.10026e-06 2.61028e-08 -7.27446e-09
1.77503 4.10594e-06 2.59946e-08 -7.22431e-09
1.77993 4.11161e-06 2.58873e-08 -7.17464e-09
1.78483 4.11727e-06 2.57806e-08 -7.12545e-09
1.78974 4.12292e-06 2.56747e-08 -7.07673e-09
1.79465 4.12857e-06 2.55695e-08 -7.02847e-09
1.79955 4.13421e-06 2.54651e-08 -6.97974e-09
1.80445 4.13984e-06 2.53613e-08 -6.9324e-09
1.80936 4.14546e-06 2.52583e-08 -6.88645e-09
1.81426 4.15108e-06 2.51559e-08 -6.84e-09
1.81917 4.15668e-06 2.50542e-08 -6.79399e-09
1.82407 4.16228e-06 2.49532e-08 -6.74841e-09
1.82898 4.16788e-06 2.48529e-08 -6.70325e-09
1.83388 4.17346e-06 2.47533e-08 -6.65852e-09
1.83879 4.17904e-06 2.46543e-08 -6.6142e-09
1.84369 4.18461e-06 2.4556e-08 -6.5703e-09
1.8486 4.19017e-06 2.44583e-08 -6.5268e-09
1.8535 4.19573e-06 2.43613e-08 -6.48283e-09
1.85841 4.20127e-06 2.42649e-08 -6.44014e-09
1.86331 4.20681e-06 2.41692e-08 -6.39871e-09
1.86822 4.21235e-06 2.40741e-08 -6.3568e-09
1.87312 4.21787e-06 2.39796e-08 -6.31526e-09
1.87803 4.22339e-06 2.38857e-08 -6.27411e-09
1.88293 4.2289e-06 2.37924e-08 -6.23333e-09
1.88784 4.23441e-06 2.36997e-08 -6.19292e-09
1.89274 4.23991e-06 2.36077e-08 -6.15287e-09
1.89765 4.2454e-06 2.35162e-08 -6.11319e-09
1.90255 4.25088e-06 2.34253e-08 -6.07304e-09
1.90746 4.25636e-06 2.3335e-08 -6.03408e-09
1.91236 4.26182e-06 2.32453e-08 -5.99628e-09
1.91727 4.26729e-06 2.31562e-08 -5.958e-09
1.92217 4.27274e-06 2.30676e-08 -5.92006e-09
1.92708 4.27819e-06 2.29796e-08 -5.88246e-09
1.93198 4.28363e-06 2.28921e-08 -5.8452e-09
1.93689 4.28906e-06 2.28052e-08 -5.80826e-09
1.94179 4.29449e-06 2.27189e-08 -5.77165e-09
1.9467 4.29991e-06 2.2633e-08 -5.73536e-09
1.9516 4.30533e-06 2.25478e-08 -5.69939e-09
1.95651 4.31073e-06 2.2463e-08 -5.66297e-09
1.96141 4.31613e-06 2.23788e-08 -5.62764e-09
1.96632 4.32153e-06 2.22952e-08 -5.59337e-09
1.97122 4.32691e-06 2.2212e-08 -5.55864e-09
1.97613 4.33229e-06 2.21293e-08 -5.52421e-09
1.98103 4.33767e-06 2.20472e-08 -5.49008e-09
1.98594 4.34303e-06 2.19656e-08 -5.45624e-09
1.99084 4.34839e-06 2.18845e-08 -5.4227e-09
1.99575 4.35375e-06 2.18038e-08 -5.38944e-09
2.00065 4.35909e-06 2.17237e-08 -5.35646e-09
2.00556 4.36443e-06 2.1644e-08 -5.32305e-09
2.01046 4.36977e-06 2.15649e-08 -5.29065e-09
2.01537 4.37509e-06 2.14862e-08 -5.25923e-09
2.02027 4.38041e-06 2.1408e-08 -5.22737e-09
2.02517 4.38573e-06 2.13303e-08 -5.19577e-09
2.03008 4.39104e-06 2.1253e-08 -5.16445e-09
2.03498 4.39634e-06 2.11762e-08 -5.13338e-09
2.03989 4.40163e-06 2.10999e-08 -5.10258e-09
2.0448 4.40692e-06 2.1024e-08 -5.07203e-09
2.0497 4.4122e-06 2.09486e-08 -5.04174e-09
2.05461 4.41748e-06 2.08736e-08 -5.01171e-09
2.05951 4.42275e-06 2.07991e-08 -4.98124e-09
2.06441 4.42801e-06 2.0725e-08 -4.95171e-09
2.06932 4.43327e-06 2.06514e-08 -4.92309e-09
2.07422 4.43852e-06 2.05782e-08 -4.89404e-09
2.07913 4.44377e-06 2.05054e-08 -4.86522e-09
2.08403 4.449e-06 2.04331e-08 -4.83665e-09
2.08894 4.45424e-06 2.03611e-08 -4.8083e-09
2.09384 4.45946e-06 2.02896e-08 -4.78019e-09
2.09875 4.46468e-06 2.02185e-08 -4.75231e-09
2.10365 4.4699e-06 2.01479e-08 -4.72466e-09
2.10856 4.47511e-06 2.00776e-08 -4.69659e-09
2.11346 4.48031e-06 2.00078e-08 -4.66939e-09
2.11837 4.4855e-06 1.99383e-08 -4.64304e-09
2.12327 4.49069e-06 1.98693e-08 -4.61627e-09
2.12818 4.49588e-06 1.98006e-08 -4.58972e-09
2.13308 4.50106e-06 1.97324e-08 -4.56338e-09
2.13799 4.50623e-06 1.96645e-08 -4.53725e-09
2.14289 4.51139e-06 1.9597e-08 -4.51133e-09
2.1478 4.51655e-06 1.95299e-08 -4.48562e-09
2.1527 4.52171e-06 1.94632e-08 -4.46011e-09
2.15761 4.52686e-06 1.93969e-08 -4.43481e-09
2.16251 4.532e-06 1.93309e-08 -4.40911e-09
2.16742 4.53714e-06 1.92653e-08 -4.3842e-09
2.17232 4.54227e-06 1.92001e-08 -4.36009e-09
2.17723 4.54739e-06 1.91353e-08 -4.33558e-09
2.18213 4.55251e-06 1.90708e-08 -4.31125e-09
2.18704 4.55762e-06 1.90067e-08 -4.28712e-09
2.19194 4.56273e-06 1.89429e-08 -4.26318e-09
2.19685 4.56783e-06 1.88795e-08 -4.23942e-09
2.20175 4.57293e-06 1.88165e-08 -4.21585e-09
2.20666 4.57802e-06 1.87538e-08 -4.19246e-09
2.21156 4.58311e-06 1.86914e-08 -4.16869e-09
2.21647 4.58819e-06 1.86294e-08 -4.14566e-09
2.22137 4.59326e-06 1.85677e-08 -4.12338e-09
2.22628 4.59833e-06 1.85064e-08 -4.1007e-09
2.23118 4.60339e-06 1.84454e-08 -4.0782e-09
2.23609 4.60845e-06 1.83848e-08 -4.05588e-09
2.24099 4.6135e-06 1.83244e-08 -4.03372e-09
2.2459 4.61855e-06 1.82644e-08 -4.01173e-09
2.2508 4.62359e-06 1.82048e-08 -3.98991e-09
2.25571 4.62862e-06 1.81454e-08 -3.96825e-09
2.26061 4.63365e-06 1.80864e-08 -3.94676e-09
2.26552 4.63868e-06 1.80277e-08 -3.92491e-09
2.27042 4.64369e-06 1.79693e-08 -3.90374e-09
2.27533 4.64871e-06 1.79112e-08 -3.88327e-09
2.28023 4.65372e-06 1.78535e-08 -3.86242e-09
2.28513 4.65872e-06 1.7796e-08 -3.84172e-09
2.29004 4.66371e-06 1.77389e-08 -3.82119e-09
2.29494 4.66871e-06 1.7682e-08 -3.8008e-09
2.29985 4.67369e-06 1.76255e-08 -3.78057e-09
2.30476 4.67867e-06 1.75693e-08 -3.76048e-09
2.30966 4.68365e-06 1.75133e-08 -3.74055e-09
2.31456 4.68862e-06 1.74577e-08 -3.72026e-09
2.31947 4.69359e-06 1.74023e-08 -3.70062e-09
2.32437 4.69855e-06 1.73473e-08 -3.68163e-09
2.32928 4.7035e-06 1.72925e-08 -3.66228e-09
2.33418 4.70845e-06 1.7238e-08 -3.64307e-09
2.33909 4.7134e-06 1.71838e-08 -3.624e-09
2.34399 4.71833e-06 1.71299e-08 -3.60508e-09
2.3489 4.72327e-06 1.70763e-08 -3.58628e-09
2.3538 4.7282e-06 1.7023e-08 -3.56763e-09
2.35871 4.73312e-06 1.69699e-08 -3.54911e-09
2.36361 4.73804e-06 1.69171e-08 -3.53073e-09
2.36852 4.74295e-06 1.68646e-08 -3.512e-09
2.37342 4.74786e-06 1.68123e-08 -3.49388e-09
2.37833 4.75277e-06 1.67603e-08 -3.47637e-09
2.38323 4.75766e-06 1.67086e-08 -3.45851e-09
2.38814 4.76256e-06 1.66572e-08 -3.44078e-09
2.39304 4.76745e-06 1.6606e-08 -3.42318e-09
2.39795 4.77233e-06 1.65551e-08 -3.4057e-09
2.40285 4.77721e-06 1.65044e-08 -3.38834e-09
2.40776 4.78208e-06 1.6454e-08 -3.37111e-09
2.41266 4.78695e-06 1.64038e-08 -3.35401e-09
2.41757 4.79181e-06 1.63539e-08 -3.33657e-09
2.42247 4.79667e-06 1.63043e-08 -3.3197e-09
2.42738 4.80152e-06 1.62549e-08 -3.30341e-09
2.43228 4.80637e-06 1.62058e-08 -3.28678e-09
2.43719 4.81122e-06 1.61569e-08 -3.27027e-09
2.44209 4.81606e-06 1.61082e-08 -3.25387e-09
2.447 4.82089e-06 1.60598e-08 -3.23759e-09
2.4519 4.82572e-06 1.60116e-08 -3.22142e-09
2.45681 4.83054e-06 1.59637e-08 -3.20537e-09
2.46171 4.83536e-06 1.5916e-08 -3.18942e-09
2.46662 4.84018e-06 1.58686e-08 -3.17359e-09
2.47152 4.84499e-06 1.58214e-08 -3.15744e-09
2.47643 4.84979e-06 1.57744e-08 -3.14183e-09
2.48133 4.85459e-06 1.57276e-08 -3.12675e-09
2.48624 4.85939e-06 1.56811e-08 -3.11135e-09
2.49114 4.86418e-06 1.56348e-08 -3.09606e-09
2.49605 4.86897e-06 1.55888e-08 -3.08087e-09
2.50095 4.87375e-06 1.55429e-08 -3.06579e-09
2.50586 4.87852e-06 1.54973e-08 -3.05081e-09
2.51076 4.8833e-06 1.54519e-08 -3.03593e-09
2.51567 4.88806e-06 1.54067e-08 -3.02115e-09
2.52057 4.89283e-06 1.53618e-08 -3.00607e-09
2.52548 4.89759e-06 1.53171e-08 -2.9915e-09
2.53038 4.90234e-06 1.52726e-08 -2.97743e-09
2.53529 4.90709e-06 1.52283e-08 -2.96305e-09
2.54019 4.91183e-06 1.51842e-08 -2.94876e-09
2.54509 4.91657e-06 1.51403e-08 -2.93457e-09
2.55 4.92131e-06 1.50966e-08 -2.92048e-09
2.55491 4.92604e-06 1.50532e-08 -2.90649e-09
2.55981 4.93077e-06 1.50099e-08 -2.89258e-09
2.56472 4.93549e-06 1.49669e-08 -2.87877e-09
2.56962 4.9402e-06 1.49241e-08 -2.86505e-09
2.57452 4.94492e-06 1.48814e-08 -2.85104e-09
2.57943 4.94962e-06 1.4839e-08 -2.83751e-09
2.58433 4.95433e-06 1.47968e-08 -2.82445e-09
2.58924 4.95903e-06 1.47548e-08 -2.81109e-09
2.59414 4.96372e-06 1.47129e-08 -2.79782e-09
2.59905 4.96841e-06 1.46713e-08 -2.78464e-09
2.60395 4.9731e-06 1.46299e-08 -2.77154e-09
2.60886 4.97778e-06 1.45886e-08 -2.75854e-09
2.61376 4.98246e-06 1.45476e-08 -2.74561e-09
2.61867 4.98713e-06 1.45067e-08 -2.73277e-09
2.62357 4.9918e-06 1.44661e-08 -2.71965e-09
2.62848 4.99646e-06 1.44256e-08 -2.70698e-09
2.63338 5.00112e-06 1.43853e-08 -2.69476e-09
2.63829 5.00578e-06 1.43452e-08 -2.68225e-09
2.64319 5.01043e-06 1.43053e-08 -2.66983e-09
2.6481 5.01508e-06 1.42656e-08 -2.65748e-09
2.653 5.01972e-06 1.4226e-08 -2.64521e-09
2.65791 5.02436e-06 1.41867e-08 -2.63303e-09
2.66281 5.02899e-06 1.41475e-08 -2.62092e-09
2.66772 5.03362e-06 1.41085e-08 -2.60889e-09
2.67262 5.03824e-06 1.40697e-08 -2.59693e-09
2.67753 5.04287e-06 1.4031e-08 -2.58471e-09
2.68243 5.04748e-06 1.39926e-08 -2.57291e-09
2.68734 5.0521e-06 1.39543e-08 -2.56153e-09
2.69224 5.0567e-06 1.39162e-08 -2.54988e-09
2.69715 5.06131e-06 1.38782e-08 -2.5383e-09
2.70205 5.06591e-06 1.38404e-08 -2.5268e-09
2.70696 5.0705e-06 1.38028e-08 -2.51537e-09
2.71186 5.0751e-06 1.37654e-08 -2.50401e-09
2.71677 5.07968e-06 1.37281e-08 -2.49272e-09
2.72167 5.08427e-06 1.36911e-08 -2.48151e-09
2.72658 5.08885e-06 1.36541e-08 -2.47003e-09
2.73148 5.09342e-06 1.36174e-08 -2.45895e-09
2.73639 5.09799e-06 1.35808e-08 -2.44828e-09
2.74129 5.10256e-06 1.35443e-08 -2.43735e-09
2.7462 5.10712e-06 1.35081e-08 -2.42648e-09
2.7511 5.11168e-06 1.3472e-08 -2.41568e-09
2.75601 5.11624e-06 1.3436e-08 -2.40494e-09
2.76091 5.12079e-06 1.34002e-08 -2.39427e-09
2.76582 5.12533e-06 1.33646e-08 -2.38367e-09
2.77072 5.12988e-06 1.33291e-08 -2.37314e-09
2.77563 5.13441e-06 1.32938e-08 -2.36267e-09
2.78053 5.13895e-06 1.32586e-08 -2.35194e-09
2.78544 5.14348e-06 1.32236e-08 -2.3416e-09
2.79034 5.14801e-06 1.31888e-08 -2.33164e-09
2.79524 5.15253e-06 1.31541e-08 -2.32143e-09
2.80015 5.15705e-06 1.31195e-08 -2.31127e-09
2.80505 5.16156e-06 1.30851e-08 -2.30118e-09
2.80996 5.16607e-06 1.30509e-08 -2.29115e-09
2.81487 5.17058e-06 1.30168e-08 -2.28119e-09
2.81977 5.17508e-06 1.29828e-08 -2.27128e-09
2.82468 5.17958e-06 1.2949e-08 -2.26143e-09
2.82958 5.18408e-06 1.29154e-08 -2.25134e-09
2.83448 5.18857e-06 1.28819e-08 -2.24161e-09
2.83939 5.19306e-06 1.28485e-08 -2.23225e-09
2.84429 5.19754e-06 1.28153e-08 -2.22264e-09
2.8492 5.20202e-06 1.27822e-08 -2.21308e-09
2.8541 5.20649e-06 1.27493e-08 -2.20359e-09
2.85901 5.21097e-06 1.27165e-08 -2.19415e-09
2.86391 5.21543e-06 1.26838e-08 -2.18477e-09
2.86882 5.2199e-06 1.26513e-08 -2.17544e-09
2.87372 5.22436e-06 1.26189e-08 -2.16617e-09
2.87863 5.22882e-06 1.25867e-08 -2.15695e-09
2.88353 5.23327e-06 1.25546e-08 -2.1475e-09
2.88844 5.23772e-06 1.25226e-08 -2.13839e-09
2.89334 5.24216e-06 1.24908e-08 -2.12963e-09
2.89825 5.2466e-06 1.24591e-08 -2.12063e-09
2.90315 5.25104e-06 1.24276e-08 -2.11169e-09
2.90806 5.25548e-06 1.23961e-08 -2.1028e-09
2.91296 5.25991e-06 1.23648e-08 -2.09395e-09
2.91787 5.26433e-06 1.23337e-08 -2.08517e-09
2.92277 5.26875e-06 1.23026e-08 -2.07643e-09
2.92768 5.27317e-06 1.22717e-08 -2.06774e-09
2.93258 5.27759e-06 1.22409e-08 -2.05883e-09
2.93749 5.282e-06 1.22103e-08 -2.05024e-09
2.94239 5.28641e-06 1.21798e-08 -2.04199e-09
2.9473 5.29081e-06 1.21494e-08 -2.0335e-09
2.9522 5.29521e-06 1.21191e-08 -2.02507e-09
2.95711 5.29961e-06 1.2089e-08 -2.01668e-09
2.96201 5.304e-06 1.2059e-08 -2.00834e-09
2.96692 5.30839e-06 1.20291e-08 -2.00005e-09
2.97182 5.31278e-06 1.19993e-08 -1.99181e-09
2.97673 5.31716e-06 1.19697e-08 -1.98361e-09
2.98163 5.32154e-06 1.19401e-08 -1.97547e-09
2.98654 5.32592e-06 1.19107e-08 -1.9671e-09
2.99144 5.33029e-06 1.18815e-08 -1.95904e-09
2.99635 5.33466e-06 1.18523e-08 -1.9513e-09
3.00125 5.33902e-06 1.18233e-08 -1.94334e-09
3.00616 5.34338e-06 1.17943e-08 -1.93542e-09
3.01106 5.34774e-06 1.17655e-08 -1.92755e-09
3.01597 5.35209e-06 1.17368e-08 -1.91972e-09
3.02087 5.35644e-06 1.17083e-08 -1.91194e-09
3.02578 5.36079e-06 1.16798e-08 -1.9042e-09
3.03068 5.36513e-06 1.16515e-08 -1.8965e-09
3.03559 5.36947e-06 1.16232e-08 -1.8886e-09
3.04049 5.37381e-06 1.15951e-08 -1.88099e-09
3.0454 5.37814e-06 1.15671e-08 -1.87368e-09
3.0503 5.38247e-06 1.15392e-08 -1.86616e-09
3.0552 5.3868e-06 1.15114e-08 -1.85868e-09
3.06011 5.39112e-06 1.14838e-08 -1.85124e-09
3.06501 5.39544e-06 1.14562e-08 -1.84384e-09
3.06992 5.39975e-06 1.14288e-08 -1.83648e-09
3.07483 5.40407e-06 1.14014e-08 -1.82917e-09
3.07973 5.40837e-06 1.13742e-08 -1.82189e-09
3.08464 5.41268e-06 1.13471e-08 -1.81466e-09
3.08954 5.41698e-06 1.13201e-08 -1.80722e-09
3.09444 5.42128e-06 1.12932e-08 -1.80007e-09
3.09935 5.42557e-06 1.12664e-08 -1.7932e-09
3.10425 5.42987e-06 1.12397e-08 -1.78612e-09
3.10916 5.43415e-06 1.12131e-08 -1.77909e-09
3.11406 5.43844e-06 1.11866e-08 -1.77209e-09
3.11897 5.44272e-06 1.11603e-08 -1.76513e-09
3.12387 5.447e-06 1.1134e-08 -1.75821e-09
3.12878 5.45127e-06 1.11078e-08 -1.75133e-09
3.13368 5.45554e-06 1.10817e-08 -1.74448e-09
3.13859 5.45981e-06 1.10558e-08 -1.73744e-09
3.14349 5.46408e-06 1.10299e-08 -1.73067e-09
3.1484 5.46834e-06 1.10041e-08 -1.72417e-09
3.1533 5.4726e-06 1.09785e-08 -1.71747e-09
3.15821 5.47685e-06 1.09529e-08 -1.71081e-09
3.16311 5.4811e-06 1.09274e-08 -1.70419e-09
3.16802 5.48535e-06 1.09021e-08 -1.6976e-09
3.17292 5.48959e-06 1.08768e-08 -1.69105e-09
3.17783 5.49384e-06 1.08516e-08 -1.68453e-09
3.18273 5.49807e-06 1.08266e-08 -1.67805e-09
3.18764 5.50231e-06 1.08016e-08 -1.6716e-09
3.19254 5.50654e-06 1.07767e-08 -1.66496e-09
3.19745 5.51077e-06 1.07519e-08 -1.65858e-09
3.20235 5.51499e-06 1.07272e-08 -1.65246e-09
3.20726 5.51922e-06 1.07026e-08 -1.64615e-09
3.21216 5.52343e-06 1.06781e-08 -1.63987e-09
3.21707 5.52765e-06 1.06537e-08 -1.63363e-09
3.22197 5.53186e-06 1.06294e-08 -1.62742e-09
3.22688 5.53607e-06 1.06052e-08 -1.62124e-09
3.23178 5.54028e-06 1.0581e-08 -1.6151e-09
3.23669 5.54448e-06 1.0557e-08 -1.60899e-09
3.24159 5.54868e-06 1.0533e-08 -1.60269e-09
3.2465 5.55288e-06 1.05092e-08 -1.59664e-09
3.2514 5.55707e-06 1.04854e-08 -1.59085e-09
3.25631 5.56126e-06 1.04617e-08 -1.58486e-09
3.26121 5.56545e-06 1.04381e-08 -1.57891e-09
3.26612 5.56963e-06 1.04146e-08 -1.57299e-09
3.27102 5.57381e-06 1.03912e-08 -1.5671e-09
3.27593 5.57799e-06 1.03679e-08 -1.56124e-09
3.28083 5.58216e-06 1.03446e-08 -1.55541e-09
3.28574 5.58633e-06 1.03215e-08 -1.54961e-09
3.29064 5.5905e-06 1.02984e-08 -1.54384e-09
3.29555 5.59467e-06 1.02754e-08 -1.5379e-09
3.30045 5.59883e-06 1.02525e-08 -1.53219e-09
3.30536 5.60299e-06 1.02297e-08 -1.52672e-09
3.31026 5.60714e-06 1.0207e-08 -1.52107e-09
3.31516 5.61129e-06 1.01843e-08 -1.51545e-09
3.32007 5.61544e-06 1.01618e-08 -1.50986e-09
3.32497 5.61959e-06 1.01393e-08 -1.5043e-09
3.32988 5.62373e-06 1.01169e-08 -1.49876e-09
3.33479 5.62787e-06 1.00946e-08 -1.49326e-09
3.33969 5.63201e-06 1.00724e-08 -1.48778e-09
3.34459 5.63615e-06 1.00502e-08 -1.48213e-09
3.3495 5.64028e-06 1.00281e-08 -1.47671e-09
3.3544 5.64441e-06 1.00062e-08 -1.47152e-09
3.35931 5.64853e-06 9.98425e-09 -1.46615e-09
3.36421 5.65265e-06 9.96243e-09 -1.46081e-09
3.36912 5.65677e-06 9.94068e-09 -1.4555e-09
3.37402 5.66089e-06 9.91901e-09 -1.45022e-09
3.37893 5.665e-06 9.89742e-09 -1.44496e-09
3.38383 5.66911e-06 9.87591e-09 -1.43973e-09
3.38874 5.67322e-06 9.85447e-09 -1.43453e-09
3.39364 5.67732e-06 9.83311e-09 -1.42935e-09
3.39855 5.68142e-06 9.81183e-09 -1.424e-09
3.40345 5.68552e-06 9.79064e-09 -1.41888e-09
3.40836 5.68962e-06 9.76951e-09 -1.41397e-09
3.41326 5.69371e-06 9.74846e-09 -1.4089e-09
3.41817 5.6978e-06 9.72748e-09 -1.40385e-09
3.42307 5.70189e-06 9.70658e-09 -1.39883e-09
3.42798 5.70597e-06 9.68576e-09 -1.39383e-09
3.43288 5.71005e-06 9.665e-09 -1.38885e-09
3.43779 5.71413e-06 9.64433e-09 -1.38391e-09
3.44269 5.7182e-06 9.62372e-09 -1.37898e-09
3.4476 5.72228e-06 9.60319e-09 -1.37408e-09
3.4525 5.72634e-06 9.58273e-09 -1.36902e-09
3.45741 5.73041e-06 9.56235e-09 -1.36417e-09
3.46231 5.73447e-06 9.54204e-09 -1.35953e-09
3.46722 5.73853e-06 9.5218e-09 -1.35473e-09
3.47212 5.74259e-06 9.50163e-09 -1.34995e-09
3.47703 5.74665e-06 9.48153e-09 -1.34519e-09
3.48193 5.7507e-06 9.4615e-09 -1.34046e-09
3.48684 5.75475e-06 9.44154e-09 -1.33575e-09
3.49174 5.75879e-06 9.42166e-09 -1.33106e-09
3.49665 5.76284e-06 9.40184e-09 -1.3264e-09
3.50155 5.76688e-06 9.38209e-09 -1.32158e-09
3.50646 5.77092e-06 9.36242e-09 -1.31696e-09
3.51136 5.77495e-06 9.34281e-09 -1.31255e-09
3.51627 5.77898e-06 9.32326e-09 -1.30798e-09
3.52117 5.78301e-06 9.30379e-09 -1.30343e-09
3.52608 5.78704e-06 9.28438e-09 -1.2989e-09
3.53098 5.79106e-06 9.26504e-09 -1.29439e-09
3.53589 5.79508e-06 9.24577e-09 -1.28991e-09
3.54079 5.7991e-06 9.22657e-09 -1.28544e-09
3.5457 5.80312e-06 9.20743e-09 -1.281e-09
3.5506 5.80713e-06 9.18835e-09 -1.27658e-09
3.55551 5.81114e-06 9.16935e-09 -1.27201e-09
3.56041 5.81514e-06 9.15041e-09 -1.26764e-09
3.56532 5.81915e-06 9.13153e-09 -1.26345e-09
3.57022 5.82315e-06 9.11272e-09 -1.25912e-09
3.57512 5.82715e-06 9.09397e-09 -1.2548e-09
3.58003 5.83114e-06 9.07529e-09 -1.25051e-09
3.58494 5.83514e-06 9.05667e-09 -1.24624e-09
3.58984 5.83913e-06 9.03812e-09 -1.24198e-09
3.59475 5.84312e-06 9.01962e-09 -1.23775e-09
3.59965 5.8471e-06 9.00119e-09 -1.23354e-09
3.60455 5.85108e-06 8.98283e-09 -1.22918e-09
3.60946 5.85506e-06 8.96453e-09 -1.22501e-09
3.61436 5.85904e-06 8.94628e-09 -1.22102e-09
3.61927 5.86301e-06 8.9281e-09 -1.21689e-09
3.62417 5.86699e-06 8.90999e-09 -1.21278e-09
3.62908 5.87095e-06 8.89193e-09 -1.20868e-09
3.63398 5.87492e-06 8.87393e-09 -1.20461e-09
3.63889 5.87888e-06 8.85599e-09 -1.20055e-09
3.64379 5.88284e-06 8.83812e-09 -1.19652e-09
3.6487 5.8868e-06 8.8203e-09 -1.1925e-09
3.6536 5.89076e-06 8.80255e-09 -1.1885e-09
3.65851 5.89471e-06 8.78485e-09 -1.18436e-09
3.66341 5.89866e-06 8.76722e-09 -1.1804e-09
3.66832 5.90261e-06 8.74964e-09 -1.17662e-09
3.67322 5.90655e-06 8.73212e-09 -1.1727e-09
3.67813 5.9105e-06 8.71466e-09 -1.16879e-09
3.68303 5.91444e-06 8.69725e-09 -1.1649e-09
3.68794 5.91837e-06 8.67991e-09 -1.16103e-09
3.69284 5.92231e-06 8.66262e-09 -1.15718e-09
3.69775 5.92624e-06 8.64539e-09 -1.15335e-09
3.70265 5.93017e-06 8.62822e-09 -1.14953e-09
3.70756 5.93409e-06 8.6111e-09 -1.14558e-09
3.71246 5.93802e-06 8.59404e-09 -1.1418e-09
3.71737 5.94194e-06 8.57704e-09 -1.13819e-09
3.72227 5.94586e-06 8.56009e-09 -1.13445e-09
3.72718 5.94977e-06 8.5432e-09 -1.13072e-09
3.73208 5.95369e-06 8.52636e-09 -1.12701e-09
3.73699 5.9576e-06 8.50958e-09 -1.12331e-09
3.74189 5.96151e-06 8.49285e-09 -1.11963e-09
3.7468 5.96541e-06 8.47618e-09 -1.11597e-09
3.7517 5.96932e-06 8.45956e-09 -1.11233e-09
3.75661 5.97322e-06 8.443e-09 -1.1087e-09
3.76151 5.97712e-06 8.42649e-09 -1.10494e-09
3.76642 5.98101e-06 8.41004e-09 -1.10135e-09
3.77132 5.9849e-06 8.39364e-09 -1.09792e-09
3.77623 5.9888e-06 8.37729e-09 -1.09436e-09
3.78113 5.99268e-06 8.36099e-09 -1.09081e-09
3.78604 5.99657e-06 8.34475e-09 -1.08728e-09
3.79094 6.00045e-06 8.32856e-09 -1.08377e-09
3.79585 6.00433e-06 8.31242e-09 -1.08027e-09
3.80075 6.00821e-06 8.29634e-09 -1.07679e-09
3.80566 6.01209e-06 8.2803e-09 -1.07332e-09
3.81056 6.01596e-06 8.26432e-09 -1.06973e-09
3.81547 6.01983e-06 8.24839e-09 -1.06629e-09
3.82037 6.0237e-06 8.23251e-09 -1.06302e-09
3.82527 6.02756e-06 8.21668e-09 -1.05961e-09
3.83018 6.03143e-06 8.2009e-09 -1.05622e-09
3.83508 6.03529e-06 8.18518e-09 -1.05285e-09
3.83999 6.03915e-06 8.1695e-09 -1.04949e-09
3.8449 6.043e-06 8.15387e-09 -1.04615e-09
3.8498 6.04685e-06 8.13829e-09 -1.04282e-09
3.85471 6.05071e-06 8.12276e-09 -1.0395e-09
3.85961 6.05455e-06 8.10728e-09 -1.0362e-09
3.86451 6.0584e-06 8.09185e-09 -1.03278e-09
3.86942 6.06224e-06 8.07648e-09 -1.02951e-09
3.87432 6.06608e-06 8.06114e-09 -1.02639e-09
3.87923 6.06992e-06 8.04586e-09 -1.02315e-09
3.88413 6.07376e-06 8.03062e-09 -1.01993e-09
3.88904 6.07759e-06 8.01543e-09 -1.01671e-09
3.89394 6.08142e-06 8.00029e-09 -1.01351e-09
3.89885 6.08525e-06 7.9852e-09 -1.01033e-09
3.90375 6.08908e-06 7.97016e-09 -1.00716e-09
3.90866 6.0929e-06 7.95516e-09 -1.004e-09
3.91356 6.09673e-06 7.94021e-09 -1.00072e-09
3.91847 6.10055e-06 7.92531e-09 -9.97594e-10
3.92337 6.10436e-06 7.91045e-09 -9.94615e-10
3.92828 6.10818e-06 7.89564e-09 -9.91513e-10
3.93318 6.11199e-06 7.88087e-09 -9.88424e-10
3.93809 6.1158e-06 7.86615e-09 -9.85349e-10
3.94299 6.11961e-06 7.85148e-09 -9.82288e-10
3.9479 6.12341e-06 7.83685e-09 -9.7924e-10
3.9528 6.12721e-06 7.82227e-09 -9.76205e-10
3.95771 6.13101e-06 7.80773e-09 -9.73183e-10
3.96261 6.13481e-06 7.79324e-09 -9.70174e-10
3.96752 6.13861e-06 7.77879e-09 -9.67047e-10
3.97242 6.1424e-06 7.76439e-09 -9.64065e-10
3.97733 6.14619e-06 7.75003e-09 -9.61226e-10
3.98223 6.14998e-06 7.73572e-09 -9.58269e-10
3.98714 6.15377e-06 7.72145e-09 -9.55324e-10
3.99204 6.15755e-06 7.70722e-09 -9.52393e-10
3.99695 6.16133e-06 7.69304e-09 -9.49473e-10
4.00185 6.16511e-06 7.6789e-09 -9.46567e-10
4.00676 6.16889e-06 7.6648e-09 -9.43672e-10
4.01166 6.17266e-06 7.65075e-09 -9.4079e-10
4.01657 6.17644e-06 7.63674e-09 -9.37794e-10
4.02147 6.18021e-06 7.62278e-09 -9.34937e-10
4.02638 6.18397e-06 7.60885e-09 -9.32219e-10
4.03128 6.18774e-06 7.59497e-09 -9.29386e-10
4.03619 6.1915e-06 7.58113e-09 -9.26565e-10
4.04109 6.19526e-06 7.56733e-09 -9.23756e-10
4.046 6.19902e-06 7.55357e-09 -9.20959e-10
4.0509 6.20278e-06 7.53986e-09 -9.18173e-10
4.05581 6.20653e-06 7.52618e-09 -9.154e-10
4.06071 6.21028e-06 7.51255e-09 -9.12638e-10
4.06562 6.21403e-06 7.49896e-09 -9.09888e-10
4.07052 6.21778e-06 7.48541e-09 -9.07026e-10
4.07543 6.22153e-06 7.4719e-09 -9.043e-10
4.08033 6.22527e-06 7.45843e-09 -9.01707e-10
4.08523 6.22901e-06 7.445e-09 -8.99003e-10
4.09014 6.23275e-06 7.43162e-09 -8.9631e-10
4.09504 6.23648e-06 7.41827e-09 -8.93629e-10
4.09995 6.24022e-06 7.40496e-09 -8.90958e-10
4.10485 6.24395e-06 7.39169e-09 -8.88299e-10
4.10976 6.24768e-06 7.37846e-09 -8.85651e-10
4.11466 6.25141e-06 7.36527e-09 -8.83014e-10
4.11957 6.25513e-06 7.35212e-09 -8.80268e-10
4.12447 6.25885e-06 7.33901e-09 -8.77654e-10
4.12938 6.26257e-06 7.32594e-09 -8.75169e-10
4.13428 6.26629e-06 7.31291e-09 -8.72575e-10
4.13919 6.27001e-06 7.29991e-09 -8.69993e-10
4.14409 6.27372e-06 7.28696e-09 -8.67421e-10
4.149 6.27743e-06 7.27404e-09 -8.64859e-10
4.1539 6.28114e-06 7.26116e-09 -8.62308e-10
4.15881 6.28485e-06 7.24831e-09 -8.59768e-10
4.16371 6.28856e-06 7.23551e-09 -8.57238e-10
4.16862 6.29226e-06 7.22274e-09 -8.54719e-10
4.17352 6.29596e-06 7.21001e-09 -8.52094e-10
4.17843 6.29966e-06 7.19733e-09 -8.49596e-10
4.18333 6.30335e-06 7.18467e-09 -8.47223e-10
4.18824 6.30705e-06 7.17205e-09 -8.44744e-10
4.19314 6.31074e-06 7.15947e-09 -8.42276e-10
4.19805 6.31443e-06 7.14693e-09 -8.39818e-10
4.20295 6.31812e-06 7.13442e-09 -8.3737e-10
4.20786 6.3218e-06 7.12195e-09 -8.34932e-10
4.21276 6.32549e-06 7.10952e-09 -8.32504e-10
4.21767 6.32917e-06 7.09712e-09 -8.30085e-10
4.22257 6.33285e-06 7.08475e-09 -8.27565e-10
4.22748 6.33652e-06 7.07243e-09 -8.25166e-10
4.23238 6.3402e-06 7.06014e-09 -8.2289e-10
4.23729 6.34387e-06 7.04788e-09 -8.2051e-10
4.24219 6.34754e-06 7.03566e-09 -8.1814e-10
4.2471 6.35121e-06 7.02348e-09 -8.1578e-10
4.252 6.35488e-06 7.01133e-09 -8.1343e-10
4.25691 6.35854e-06 6.99921e-09 -8.11089e-10
4.26181 6.3622e-06 6.98713e-09 -8.08757e-10
4.26672 6.36586e-06 6.97509e-09 -8.06434e-10
4.27162 6.36952e-06 6.96308e-09 -8.04121e-10
4.27653 6.37318e-06 6.9511e-09 -8.01709e-10
4.28143 6.37683e-06 6.93916e-09 -7.99415e-10
4.28634 6.38048e-06 6.92726e-09 -7.97238e-10
4.29124 6.38413e-06 6.91538e-09 -7.94962e-10
4.29615 6.38778e-06 6.90354e-09 -7.92695e-10
4.30105 6.39143e-06 6.89174e-09 -7.90437e-10
4.30596 6.39507e-06 6.87996e-09 -7.88188e-10
4.31086 6.39871e-06 6.86822e-09 -7.85948e-10
4.31577 6.40235e-06 6.85652e-09 -7.83716e-10
4.32067 6.40599e-06 6.84485e-09 -7.81494e-10
4.32558 6.40962e-06 6.83321e-09 -7.79175e-10
4.33048 6.41325e-06 6.8216e-09 -7.7697e-10
4.33538 6.41689e-06 6.81003e-09 -7.7488e-10
4.34029 6.42051e-06 6.79849e-09 -7.72693e-10
4.3452 6.42414e-06 6.78698e-09 -7.70514e-10
4.3501 6.42777e-06 6.77551e-09 -7.68344e-10
4.35501 6.43139e-06 6.76406e-09 -7.66182e-10
4.35991 6.43501e-06 6.75265e-09 -7.64029e-10
4.36482 6.43863e-06 6.74127e-09 -7.61884e-10
4.36972 6.44225e-06 6.72992e-09 -7.59748e-10
4.37462 6.44586e-06 6.71861e-09 -7.5762e-10
4.37953 6.44947e-06 6.70732e-09 -7.55398e-10
4.38443 6.45308e-06 6.69607e-09 -7.53287e-10
4.38934 6.45669e-06 6.68485e-09 -7.51287e-10
4.39424 6.4603e-06 6.67366e-09 -7.49192e-10
4.39915 6.4639e-06 6.6625e-09 -7.47106e-10
4.40405 6.46751e-06 6.65138e-09 -7.45027e-10
4.40896 6.47111e-06 6.64028e-09 -7.42957e-10
4.41386 6.4747e-06 6.62921e-09 -7.40894e-10
4.41877 6.4783e-06 6.61818e-09 -7.3884e-10
4.42367 6.4819e-06 6.60718e-09 -7.36794e-10
4.42858 6.48549e-06 6.5962e-09 -7.34655e-10
4.43348 6.48908e-06 6.58526e-09 -7.32625e-10
4.43839 6.49267e-06 6.57435e-09 -7.30702e-10
4.44329 6.49625e-06 6.56346e-09 -7.28687e-10
4.4482 6.49984e-06 6.55261e-09 -7.2668e-10
4.4531 6.50342e-06 6.54179e-09 -7.24681e-10
4.45801 6.507e-06 6.53099e-09 -7.22689e-10
4.46291 6.51058e-06 6.52023e-09 -7.20705e-10
4.46782 6.51416e-06 6.5095e-09 -7.18729e-10
4.47272 6.51773e-06 6.49879e-09 -7.1676e-10
4.47763 6.5213e-06 6.48811e-09 -7.14798e-10
4.48253 6.52487e-06 6.47747e-09 -7.12748e-10
4.48744 6.52844e-06 6.46685e-09 -7.10802e-10
4.49234 6.53201e-06 6.45626e-09 -7.0896e-10
4.49725 6.53558e-06 6.44571e-09 -7.07028e-10
4.50215 6.53914e-06 6.43517e-09 -7.05104e-10
4.50706 6.5427e-06 6.42467e-09 -7.03187e-10
4.51196 6.54626e-06 6.4142e-09 -7.01278e-10
4.51687 6.54982e-06 6.40375e-09 -6.99375e-10
4.52177 6.55337e-06 6.39334e-09 -6.9748e-10
4.52668 6.55692e-06 6.38295e-09 -6.95592e-10
4.53158 6.56048e-06 6.37259e-09 -6.93618e-10
4.53649 6.56403e-06 6.36226e-09 -6.91744e-10
4.54139 6.56757e-06 6.35195e-09 -6.89972e-10
4.5463 6.57112e-06 6.34168e-09 -6.88112e-10
4.5512 6.57466e-06 6.33143e-09 -6.8626e-10
4.55611 6.5782e-06 6.3212e-09 -6.84414e-10
4.56101 6.58174e-06 6.31101e-09 -6.82576e-10
4.56592 6.58528e-06 6.30084e-09 -6.80744e-10
4.57082 6.58882e-06 6.2907e-09 -6.78919e-10
4.57573 6.59235e-06 6.28059e-09 -6.77101e-10
4.58063 6.59589e-06 6.27051e-09 -6.7529e-10
4.58554 6.59942e-06 6.26045e-09 -6.73394e-10
4.59044 6.60294e-06 6.25042e-09 -6.71597e-10
4.59535 6.60647e-06 6.24041e-09 -6.69897e-10
4.60025 6.61e-06 6.23044e-09 -6.68113e-10
4.60515 6.61352e-06 6.22048e-09 -6.66335e-10
4.61006 6.61704e-06 6.21056e-09 -6.64564e-10
4.61496 6.62056e-06 6.20066e-09 -6.628e-10
4.61987 6.62408e-06 6.19079e-09 -6.61042e-10
4.62477 6.62759e-06 6.18094e-09 -6.59291e-10
4.62968 6.63111e-06 6.17112e-09 -6.57546e-10
4.63459 6.63462e-06 6.16133e-09 -6.55719e-10
4.63949 6.63813e-06 6.15156e-09 -6.53987e-10
4.64439 6.64164e-06 6.14182e-09 -6.5235e-10
4.6493 6.64514e-06 6.1321e-09 -6.50631e-10
4.6542 6.64865e-06 6.12241e-09 -6.48918e-10
4.65911 6.65215e-06 6.11274e-09 -6.47212e-10
4.66401 6.65565e-06 6.1031e-09 -6.45511e-10
4.66892 6.65915e-06 6.09349e-09 -6.43817e-10
4.67382 6.66264e-06 6.0839e-09 -6.4213e-10
4.67873 6.66614e-06 6.07433e-09 -6.40448e-10
4.68363 6.66963e-06 6.06479e-09 -6.38772e-10
4.68854 6.67312e-06 6.05528e-09 -6.37017e-10
4.69344 6.67661e-06 6.04579e-09 -6.35354e-10
4.69835 6.6801e-06 6.03633e-09 -6.33783e-10
4.70325 6.68359e-06 6.02689e-09 -6.32132e-10
4.70816 6.68707e-06 6.01747e-09 -6.30487e-10
4.71306 6.69055e-06 6.00808e-09 -6.28848e-10
4.71797 6.69403e-06 5.99871e-09 -6.27214e-10
4.72287 6.69751e-06 5.98937e-09 -6.25587e-10
4.72778 6.70099e-06 5.98005e-09 -6.23966e-10
4.73268 6.70447e-06 5.97076e-09 -6.2235e-10
4.73759 6.70794e-06 5.96149e-09 -6.20657e-10
4.74249 6.71141e-06 5.95224e-09 -6.19053e-10
4.7474 6.71488e-06 5.94302e-09 -6.17539e-10
4.7523 6.71835e-06 5.93382e-09 -6.15947e-10
4.75721 6.72181e-06 5.92465e-09 -6.14361e-10
4.76211 6.72528e-06 5.9155e-09 -6.1278e-10
4.76702 6.72874e-06 5.90637e-09 -6.11205e-10
4.77192 6.7322e-06 5.89726e-09 -6.09635e-10
4.77683 6.73566e-06 5.88818e-09 -6.08072e-10
4.78173 6.73912e-06 5.87912e-09 -6.06513e-10
4.78664 6.74257e-06 5.87009e-09 -6.04961e-10
4.79154 6.74603e-06 5.86108e-09 -6.03332e-10
4.79645 6.74948e-06 5.85209e-09 -6.01791e-10
4.80135 6.75293e-06 5.84313e-09 -6.00337e-10
4.80626 6.75638e-06 5.83418e-09 -5.98806e-10
4.81116 6.75982e-06 5.82527e-09 -5.97281e-10
4.81607 6.76327e-06 5.81637e-09 -5.95761e-10
4.82097 6.76671e-06 5.80749e-09 -5.94247e-10
4.82588 6.77015e-06 5.79864e-09 -5.92738e-10
4.83078 6.77359e-06 5.78981e-09 -5.91235e-10
4.83569 6.77703e-06 5.78101e-09 -5.89737e-10
4.84059 6.78047e-06 5.77222e-09 -5.88164e-10
4.84549 6.7839e-06 5.76346e-09 -5.86677e-10
4.8504 6.78733e-06 5.75472e-09 -5.85275e-10
4.85531 6.79077e-06 5.746e-09 -5.83797e-10
4.86021 6.79419e-06 5.73731e-09 -5.82326e-10
4.86512 6.79762e-06 5.72863e-09 -5.80859e-10
4.87002 6.80105e-06 5.71998e-09 -5.79397e-10
4.87493 6.80447e-06 5.71135e-09 -5.77941e-10
4.87983 6.80789e-06 5.70274e-09 -5.7649e-10
4.88474 6.81131e-06 5.69415e-09 -5.75044e-10
4.88964 6.81473e-06 5.68559e-09 -5.73603e-10
4.89454 6.81815e-06 5.67704e-09 -5.72089e-10
4.89945 6.82157e-06 5.66852e-09 -5.70658e-10
4.90435 6.82498e-06 5.66002e-09 -5.6931e-10
4.90926 6.82839e-06 5.65154e-09 -5.67889e-10
4.91416 6.8318e-06 5.64308e-09 -5.66473e-10
4.91907 6.83521e-06 5.63464e-09 -5.65062e-10
4.92397 6.83862e-06 5.62622e-09 -5.63656e-10
4.92888 6.84202e-06 5.61783e-09 -5.62255e-10
4.93378 6.84543e-06 5.60945e-09 -5.60858e-10
4.93869 6.84883e-06 5.6011e-09 -5.59467e-10
4.94359 6.85223e-06 5.59276e-09 -5.58004e-10
4.9485 6.85563e-06 5.58445e-09 -5.56623e-10
4.9534 6.85902e-06 5.57616e-09 -5.55321e-10
4.95831 6.86242e-06 5.56789e-09 -5.53949e-10
4.96321 6.86581e-06 5.55963e-09 -5.52581e-10
4.96812 6.8692e-06 5.5514e-09 -5.51218e-10
4.97302 6.87259e-06 5.54319e-09 -5.4986e-10
4.97793 6.87598e-06 5.535e-09 -5.48507e-10
4.98283 6.87937e-06 5.52683e-09 -5.47158e-10
4.98774 6.88275e-06 5.51868e-09 -5.45814e-10
4.99264 6.88614e-06 5.51055e-09 -5.44474e-10
4.99755 6.88952e-06 5.50244e-09 -5.43065e-10
5.00245 6.8929e-06 5.49435e-09 -5.41585e-10
