0.10447761194  0.000185868 
0.11940298507  0.000447657 
0.13432835821  0.000770907 
0.14925373134  0.000997581 
0.16417910448  0.00121299 
0.17910447761  0.00141866 
0.19402985075  0.0016158 
0.20895522388  0.00180538 
0.22388059701  0.00198823 
0.23880597015  0.002165 
0.25373134328  0.00233626 
0.26865671642  0.0025025 
0.28358208955  0.00266414 
0.29850746269  0.00282153 
0.31343283582  0.002975 
0.32835820896  0.00312482 
0.34328358209  0.00327124 
0.35820895522  0.00341449 
0.37313432836  0.00355475 
0.38805970149  0.00369222 
0.40298507463  0.00382705 
0.41791044776  0.00395939 
0.4328358209  0.00408936 
0.44776119403  0.0042171 
0.46268656716  0.00434271 
0.4776119403  0.00450707 
0.49253731343  0.00462811 
0.50746268657  0.00474733 
0.5223880597  0.00486482 
0.53731343284  0.00498065 
0.55223880597  0.00509489 
0.5671641791  0.0052076 
0.58208955224  0.00531884 
0.59701492537  0.00542867 
0.61194029851  0.00553713 
0.62686567164  0.00564429 
0.64179104478  0.00575018 
0.65671641791  0.00585486 
0.67164179104  0.00595835 
0.68656716418  0.0060607 
0.70149253731  0.00616195 
0.71641791045  0.00626213 
0.73134328358  0.00636127 
0.74626865672  0.00645941 
0.76119402985  0.00655658 
0.77611940299  0.0066528 
0.79104477612  0.0067481 
0.80597014925  0.00684251 
0.82089552239  0.00693605 
0.83582089552  0.00705946 
0.85074626866  0.00715107 
0.86567164179  0.00724188 
0.88059701493  0.00733192 
0.89552238806  0.0074212 
0.91044776119  0.00750975 
0.92537313433  0.00759758 
0.94029850746  0.00768471 
0.9552238806  0.00777116 
0.97014925373  0.00785693 
0.98507462687  0.00794206 
1  0.00802655 
1.0149253731  0.00811041 
1.0298507463  0.00819366 
1.0447761194  0.00827632 
1.0597014925  0.00835839 
1.0746268657  0.00843989 
1.0895522388  0.00852083 
1.1044776119  0.00860122 
1.1194029851  0.00868107 
1.1343283582  0.0087604 
1.1492537313  0.0088392 
1.1641791045  0.0089175 
1.1791044776  0.00902113 
1.1940298507  0.00909828 
1.2089552239  0.00917496 
1.223880597  0.00925117 
1.2388059701  0.00932692 
1.2537313433  0.00940222 
1.2686567164  0.00947708 
1.2835820896  0.00955151 
1.2985074627  0.0096255 
1.3134328358  0.00969908 
1.328358209  0.00977224 
1.3432835821  0.00984499 
1.3582089552  0.00991735 
1.3731343284  0.00998931 
1.3880597015  0.0100609 
1.4029850746  0.0101321 
1.4179104478  0.0102029 
1.4328358209  0.0102734 
1.447761194  0.0103434 
1.4626865672  0.0104132 
1.4776119403  0.0104826 
1.4925373134  0.0105516 
1.5074626866  0.0106203 
1.5223880597  0.0107114 
1.5373134328  0.0107793 
1.552238806  0.0108469 
1.5671641791  0.0109141 
1.5820895522  0.0109811 
1.5970149254  0.0110477 
1.6119402985  0.011114 
1.6268656716  0.0111801 
1.6417910448  0.0112458 
1.6567164179  0.0113112 
1.671641791  0.0113764 
1.6865671642  0.0114412 
1.7014925373  0.0115058 
1.7164179104  0.0115701 
1.7313432836  0.0116341 
1.7462686567  0.0116979 
1.7611940299  0.0117613 
1.776119403  0.0118245 
1.7910447761  0.0118875 
1.8059701493  0.0119502 
1.8208955224  0.0120126 
1.8358208955  0.0120748 
1.8507462687  0.0121367 
1.8656716418  0.0122189 
1.8805970149  0.0122803 
1.8955223881  0.0123414 
1.9104477612  0.0124023 
1.9253731343  0.0124629 
1.9402985075  0.0125233 
1.9552238806  0.0125835 
1.9701492537  0.0126434 
1.9850746269  0.0127032 
2  0.0127627 
2.0149253731  0.012822 
2.0298507463  0.012881 
2.0447761194  0.0129399 
2.0597014925  0.0129986 
2.0746268657  0.013057 
2.0895522388  0.0131152 
2.1044776119  0.0131732 
2.1194029851  0.0132311 
2.1343283582  0.0132887 
2.1492537313  0.0133461 
2.1641791045  0.0134033 
2.1791044776  0.0134604 
2.1940298507  0.0135172 
2.2089552239  0.0135738 
2.223880597  0.0136491 
2.2388059701  0.0137053 
2.2537313433  0.0137613 
2.2686567164  0.0138171 
2.2835820896  0.0138728 
2.2985074627  0.0139283 
2.3134328358  0.0139836 
2.328358209  0.0140387 
2.3432835821  0.0140936 
2.3582089552  0.0141484 
2.3731343284  0.014203 
2.3880597015  0.0142574 
2.4029850746  0.0143117 
2.4179104478  0.0143658 
2.4328358209  0.0144198 
2.447761194  0.0144735 
2.4626865672  0.0145271 
2.4776119403  0.0145806 
2.4925373134  0.0146339 
2.5074626866  0.014687 
2.5223880597  0.01474 
2.5373134328  0.0147928 
2.552238806  0.0148455 
2.5671641791  0.0149155 
2.5820895522  0.0149678 
2.5970149254  0.0150199 
2.6119402985  0.015072 
2.6268656716  0.0151238 
2.6417910448  0.0151756 
2.6567164179  0.0152271 
2.671641791  0.0152786 
2.6865671642  0.0153299 
2.7014925373  0.015381 
2.7164179104  0.0154321 
2.7313432836  0.0154829 
2.7462686567  0.0155337 
2.7611940299  0.0155843 
2.776119403  0.0156348 
2.7910447761  0.0156851 
2.8059701493  0.0157353 
2.8208955224  0.0157854 
2.8358208955  0.0158353 
2.8507462687  0.0158851 
2.8656716418  0.0159348 
2.8805970149  0.0159844 
2.8955223881  0.0160338 
2.9104477612  0.0160995 
2.9253731343  0.0161486 
2.9402985075  0.0161976 
2.9552238806  0.0162465 
2.9701492537  0.0162953 
2.9850746269  0.0163439 
3  0.0163925 
3.0149253731  0.0164409 
3.0298507463  0.0164892 
3.0447761194  0.0165373 
3.0597014925  0.0165854 
3.0746268657  0.0166333 
3.0895522388  0.0166812 
3.1044776119  0.0167289 
3.1194029851  0.0167765 
3.1343283582  0.016824 
3.1492537313  0.0168713 
3.1641791045  0.0169186 
3.1791044776  0.0169657 
3.1940298507  0.0170128 
3.2089552239  0.0170597 
3.223880597  0.0171065 
3.2388059701  0.0171533 
3.2537313433  0.0171999 
3.2686567164  0.0172619 
3.2835820896  0.0173082 
3.2985074627  0.0173545 
3.3134328358  0.0174007 
3.328358209  0.0174467 
3.3432835821  0.0174927 
3.3582089552  0.0175385 
3.3731343284  0.0175843 
3.3880597015  0.0176299 
3.4029850746  0.0176755 
3.4179104478  0.017721 
3.4328358209  0.0177663 
3.447761194  0.0178116 
3.4626865672  0.0178567 
3.4776119403  0.0179018 
3.4925373134  0.0179468 
3.5074626866  0.0179917 
3.5223880597  0.0180364 
3.5373134328  0.0180811 
3.552238806  0.0181257 
3.5671641791  0.0181702 
3.5820895522  0.0182147 
3.5970149254  0.018259 
3.6119402985  0.0183179 
3.6268656716  0.018362 
3.6417910448  0.0184061 
3.6567164179  0.01845 
3.671641791  0.0184938 
3.6865671642  0.0185376 
3.7014925373  0.0185813 
3.7164179104  0.0186248 
3.7313432836  0.0186683 
3.7462686567  0.0187117 
3.7611940299  0.0187551 
3.776119403  0.0187983 
3.7910447761  0.0188415 
3.8059701493  0.0188845 
3.8208955224  0.0189275 
3.8358208955  0.0189704 
3.8507462687  0.0190133 
3.8656716418  0.019056 
3.8805970149  0.0190987 
3.8955223881  0.0191412 
3.9104477612  0.0191837 
3.9253731343  0.0192261 
3.9402985075  0.0192685 
3.9552238806  0.0193248 
3.9701492537  0.019367 
3.9850746269  0.019409 
4  0.019451 
4.0149253731  0.019493 
4.0298507463  0.0195348 
4.0447761194  0.0195766 
4.0597014925  0.0196183 
4.0746268657  0.0196599 
4.0895522388  0.0197014 
4.1044776119  0.0197429 
4.1194029851  0.0197843 
4.1343283582  0.0198256 
4.1492537313  0.0198668 
4.1641791045  0.019908 
4.1791044776  0.0199491 
4.1940298507  0.0199901 
4.2089552239  0.0200311 
4.223880597  0.020072 
4.2388059701  0.0201128 
4.2537313433  0.0201535 
4.2686567164  0.0201942 
4.2835820896  0.0202348 
4.2985074627  0.0202888 
4.3134328358  0.0203292 
4.328358209  0.0203696 
4.3432835821  0.0204099 
4.3582089552  0.0204501 
4.3731343284  0.0204903 
4.3880597015  0.0205304 
4.4029850746  0.0205704 
4.4179104478  0.0206104 
4.4328358209  0.0206503 
4.447761194  0.0206901 
4.4626865672  0.0207299 
4.4776119403  0.0207696 
4.4925373134  0.0208092 
4.5074626866  0.0208488 
4.5223880597  0.0208883 
4.5373134328  0.0209277 
4.552238806  0.0209671 
4.5671641791  0.0210064 
4.5820895522  0.0210456 
4.5970149254  0.0210848 
4.6119402985  0.0211239 
4.6268656716  0.021163 
4.6417910448  0.021202 
4.6567164179  0.0212539 
4.671641791  0.0212927 
4.6865671642  0.0213315 
4.7014925373  0.0213703 
4.7164179104  0.0214089 
4.7313432836  0.0214475 
4.7462686567  0.0214861 
4.7611940299  0.0215246 
4.776119403  0.021563 
4.7910447761  0.0216014 
4.8059701493  0.0216397 
4.8208955224  0.0216779 
4.8358208955  0.0217161 
4.8507462687  0.0217543 
4.8656716418  0.0217923 
4.8805970149  0.0218304 
4.8955223881  0.0218683 
4.9104477612  0.0219062 
4.9253731343  0.0219441 
4.9402985075  0.0219819 
4.9552238806  0.0220196 
4.9701492537  0.0220573 
4.9850746269  0.0220949 
5  0.0221325 
