# Initial Particle Data
# Generated by init_tool_module (Date: Jun 23 2025 02:59:25)
#--------------------------------------------------------------------------
# Index Radius_AU       RepMass_Pop1_Msun    RepMass_Pop2_Msun    MaxPartSize_cm  MicroSize_cm   
#--------------------------------------------------------------------------
0     1.024525e-01    8.38475863132e-07    1.47966328788e-07    1.700959e+01    1.000000e-04   
1     1.073574e-01    8.58312213014e-07    1.5146686112e-07     1.741200e+01    1.000000e-04   
2     1.122623e-01    8.77700368556e-07    1.54888300333e-07    1.780531e+01    1.000000e-04   
3     1.171672e-01    8.96669403357e-07    1.58235777063e-07    1.819012e+01    1.000000e-04   
4     1.220721e-01    9.1524537741e-07     1.61513890131e-07    1.856696e+01    1.000000e-04   
5     1.269770e-01    9.33451757095e-07    1.64726780664e-07    1.893630e+01    1.000000e-04   
6     1.318819e-01    9.51309762789e-07    1.67878193433e-07    1.929857e+01    1.000000e-04   
7     1.367868e-01    9.68838658772e-07    1.70971528019e-07    1.965417e+01    1.000000e-04   
8     1.416917e-01    9.86055996729e-07    1.74009881776e-07    2.000345e+01    1.000000e-04   
9     1.465966e-01    1.00297782161e-06    1.76996086166e-07    2.034673e+01    1.000000e-04   
10    1.515015e-01    1.01961884672e-06    1.79932737657e-07    2.068431e+01    1.000000e-04   
11    1.564064e-01    1.03599260352e-06    1.8282222415e-07     2.101648e+01    1.000000e-04   
12    1.613113e-01    1.05211157037e-06    1.85666747712e-07    2.134347e+01    1.000000e-04   
13    1.662162e-01    1.06798728384e-06    1.88468344208e-07    2.166553e+01    1.000000e-04   
14    1.711211e-01    1.08363043535e-06    1.91228900355e-07    2.198287e+01    1.000000e-04   
15    1.760260e-01    1.09905095531e-06    1.93950168584e-07    2.229570e+01    1.000000e-04   
16    1.809309e-01    1.11425808694e-06    1.96633780049e-07    2.260420e+01    1.000000e-04   
17    1.858358e-01    1.12926045103e-06    1.99281256065e-07    2.290854e+01    1.000000e-04   
18    1.907407e-01    1.14406610308e-06    2.01894018191e-07    2.320889e+01    1.000000e-04   
19    1.956456e-01    1.15868258388e-06    2.04473397155e-07    2.350541e+01    1.000000e-04   
20    2.005506e-01    1.17311696439e-06    2.07020640774e-07    2.379823e+01    1.000000e-04   
21    2.054555e-01    1.18737588576e-06    2.09536921016e-07    2.408749e+01    1.000000e-04   
22    2.103604e-01    1.20146559503e-06    2.12023340299e-07    2.437332e+01    1.000000e-04   
23    2.152653e-01    1.2153919771e-06     2.14480937135e-07    2.465583e+01    1.000000e-04   
24    2.201702e-01    1.22916058347e-06    2.169106912e-07      2.493514e+01    1.000000e-04   
25    2.250751e-01    1.24277665809e-06    2.19313527899e-07    2.521137e+01    1.000000e-04   
26    2.299800e-01    1.25624516073e-06    2.21690322481e-07    2.548459e+01    1.000000e-04   
27    2.348849e-01    1.26957078803e-06    2.24041903769e-07    2.575492e+01    1.000000e-04   
28    2.397898e-01    1.28275799267e-06    2.2636905753e-07     2.602244e+01    1.000000e-04   
29    2.446947e-01    1.29581100077e-06    2.28672529548e-07    2.628724e+01    1.000000e-04   
30    2.495996e-01    1.30873382766e-06    2.30953028411e-07    2.654939e+01    1.000000e-04   
31    2.545045e-01    1.32153029236e-06    2.33211228063e-07    2.680899e+01    1.000000e-04   
32    2.594094e-01    1.33420403072e-06    2.35447770126e-07    2.706609e+01    1.000000e-04   
33    2.643143e-01    1.3467585075e-06     2.3766326603e-07     2.732077e+01    1.000000e-04   
34    2.692192e-01    1.35919702747e-06    2.39858298965e-07    2.757311e+01    1.000000e-04   
35    2.741241e-01    1.3715227455e-06     2.42033425677e-07    2.782315e+01    1.000000e-04   
36    2.790290e-01    1.38373867598e-06    2.44189178113e-07    2.807097e+01    1.000000e-04   
37    2.839339e-01    1.39584770134e-06    2.46326064943e-07    2.831661e+01    1.000000e-04   
38    2.888388e-01    1.4078525801e-06     2.48444572959e-07    2.856015e+01    1.000000e-04   
39    2.937437e-01    1.41975595412e-06    2.50545168374e-07    2.880162e+01    1.000000e-04   
40    2.986486e-01    1.43156035542e-06    2.52628298015e-07    2.904109e+01    1.000000e-04   
41    3.035536e-01    1.44326821248e-06    2.54694390438e-07    2.927860e+01    1.000000e-04   
42    3.084585e-01    1.45488185607e-06    2.56743856953e-07    2.951420e+01    1.000000e-04   
43    3.133634e-01    1.46640352464e-06    2.58777092583e-07    2.974793e+01    1.000000e-04   
44    3.182683e-01    1.47783536939e-06    2.60794476951e-07    2.997984e+01    1.000000e-04   
45    3.231732e-01    1.48917945896e-06    2.6279637511e-07     3.020997e+01    1.000000e-04   
46    3.280781e-01    1.50043778376e-06    2.6478313831e-07     3.043836e+01    1.000000e-04   
47    3.329830e-01    1.5116122601e-06     2.66755104723e-07    3.066505e+01    1.000000e-04   
48    3.378879e-01    1.52270473396e-06    2.68712600111e-07    3.089008e+01    1.000000e-04   
49    3.427928e-01    1.53371698458e-06    2.70655938455e-07    3.111347e+01    1.000000e-04   
50    3.476977e-01    1.54465072775e-06    2.72585422544e-07    3.133528e+01    1.000000e-04   
51    3.526026e-01    1.55550761898e-06    2.74501344525e-07    3.155553e+01    1.000000e-04   
52    3.575075e-01    1.56628925638e-06    2.7640398642e-07     3.177425e+01    1.000000e-04   
53    3.624124e-01    1.57699718345e-06    2.78293620609e-07    3.199147e+01    1.000000e-04   
54    3.673173e-01    1.58763289162e-06    2.80170510286e-07    3.220723e+01    1.000000e-04   
55    3.722222e-01    1.59819782271e-06    2.8203490989e-07     3.242155e+01    1.000000e-04   
56    3.771271e-01    1.60869337118e-06    2.83887065502e-07    3.263447e+01    1.000000e-04   
57    3.820320e-01    1.61912088629e-06    2.85727215228e-07    3.284600e+01    1.000000e-04   
58    3.869369e-01    1.62948167415e-06    2.87555589555e-07    3.305619e+01    1.000000e-04   
59    3.918418e-01    1.63977699957e-06    2.89372411689e-07    3.326504e+01    1.000000e-04   
60    3.967467e-01    1.65000808794e-06    2.91177897873e-07    3.347259e+01    1.000000e-04   
61    4.016517e-01    1.66017612687e-06    2.92972257683e-07    3.367886e+01    1.000000e-04   
62    4.065566e-01    1.67028226782e-06    2.94755694321e-07    3.388388e+01    1.000000e-04   
63    4.114615e-01    1.68032762762e-06    2.96528404874e-07    3.408766e+01    1.000000e-04   
64    4.163664e-01    1.69031328993e-06    2.98290580575e-07    3.429024e+01    1.000000e-04   
65    4.212713e-01    1.70024030656e-06    3.0004240704e-07     3.449162e+01    1.000000e-04   
66    4.261762e-01    1.71010969882e-06    3.01784064498e-07    3.469183e+01    1.000000e-04   
67    4.310811e-01    1.71992245871e-06    3.03515728007e-07    3.489090e+01    1.000000e-04   
68    4.359860e-01    1.72967955006e-06    3.05237567658e-07    3.508883e+01    1.000000e-04   
69    4.408909e-01    1.73938190972e-06    3.06949748774e-07    3.528566e+01    1.000000e-04   
70    4.457958e-01    1.74903044851e-06    3.0865243209e-07     3.548139e+01    1.000000e-04   
71    4.507007e-01    1.75862605228e-06    3.10345773933e-07    3.567605e+01    1.000000e-04   
72    4.556056e-01    1.76816958285e-06    3.12029926386e-07    3.586965e+01    1.000000e-04   
73    4.605105e-01    1.7776618789e-06     3.13705037452e-07    3.606222e+01    1.000000e-04   
74    4.654154e-01    1.78710375682e-06    3.15371251203e-07    3.625376e+01    1.000000e-04   
75    4.703203e-01    1.79649601157e-06    3.17028707924e-07    3.644429e+01    1.000000e-04   
76    4.752252e-01    1.80583941743e-06    3.18677544252e-07    3.663384e+01    1.000000e-04   
77    4.801301e-01    1.81513472875e-06    3.20317893308e-07    3.682240e+01    1.000000e-04   
78    4.850350e-01    1.82438268065e-06    3.2194988482e-07     3.701001e+01    1.000000e-04   
79    4.899399e-01    1.83358398973e-06    3.23573645247e-07    3.719667e+01    1.000000e-04   
80    4.948448e-01    1.8427393547e-06     3.25189297888e-07    3.738240e+01    1.000000e-04   
81    4.997497e-01    1.85184945698e-06    3.26796962996e-07    3.756721e+01    1.000000e-04   
82    5.046547e-01    1.86091496132e-06    3.2839675788e-07     3.775112e+01    1.000000e-04   
83    5.095596e-01    1.86993651636e-06    3.29988797005e-07    3.793413e+01    1.000000e-04   
84    5.144645e-01    1.87891475516e-06    3.31573192088e-07    3.811627e+01    1.000000e-04   
85    5.193694e-01    1.88785029574e-06    3.33150052189e-07    3.829754e+01    1.000000e-04   
86    5.242743e-01    1.89674374154e-06    3.34719483802e-07    3.847795e+01    1.000000e-04   
87    5.291792e-01    1.90559568194e-06    3.36281590931e-07    3.865752e+01    1.000000e-04   
88    5.340841e-01    1.91440669268e-06    3.37836475179e-07    3.883627e+01    1.000000e-04   
89    5.389890e-01    1.92317733632e-06    3.39384235821e-07    3.901419e+01    1.000000e-04   
90    5.438939e-01    1.93190816265e-06    3.40924969879e-07    3.919131e+01    1.000000e-04   
91    5.487988e-01    1.94059970907e-06    3.42458772189e-07    3.936763e+01    1.000000e-04   
92    5.537037e-01    1.94925250104e-06    3.43985735477e-07    3.954316e+01    1.000000e-04   
93    5.586086e-01    1.95786705237e-06    3.45505950418e-07    3.971792e+01    1.000000e-04   
94    5.635135e-01    1.96644386564e-06    3.47019505701e-07    3.989191e+01    1.000000e-04   
95    5.684184e-01    1.9749834325e-06     3.48526488089e-07    4.006515e+01    1.000000e-04   
96    5.733233e-01    1.98348623404e-06    3.50026982477e-07    4.023764e+01    1.000000e-04   
97    5.782282e-01    1.99195274105e-06    3.5152107195e-07     4.040939e+01    1.000000e-04   
98    5.831331e-01    2.00038341438e-06    3.53008837832e-07    4.058042e+01    1.000000e-04   
99    5.880380e-01    2.0087787052e-06     3.54490359742e-07    4.075073e+01    1.000000e-04   
100   5.929429e-01    2.0171390553e-06     3.55965715642e-07    4.092033e+01    1.000000e-04   
101   5.978478e-01    2.02546489735e-06    3.57434981885e-07    4.108923e+01    1.000000e-04   
102   6.027528e-01    2.03375665514e-06    3.58898233261e-07    4.125744e+01    1.000000e-04   
103   6.076577e-01    2.0420147439e-06     3.60355543041e-07    4.142496e+01    1.000000e-04   
104   6.125626e-01    2.05023957045e-06    3.61806983021e-07    4.159182e+01    1.000000e-04   
105   6.174675e-01    2.05843153352e-06    3.63252623563e-07    4.175800e+01    1.000000e-04   
106   6.223724e-01    2.06659102392e-06    3.64692533633e-07    4.192353e+01    1.000000e-04   
107   6.272773e-01    2.07471842478e-06    3.66126780843e-07    4.208840e+01    1.000000e-04   
108   6.321822e-01    2.08281411174e-06    3.67555431484e-07    4.225263e+01    1.000000e-04   
109   6.370871e-01    2.09087845319e-06    3.68978550563e-07    4.241623e+01    1.000000e-04   
110   6.419920e-01    2.09891181043e-06    3.70396201841e-07    4.257920e+01    1.000000e-04   
111   6.468969e-01    2.10691453788e-06    3.71808447861e-07    4.274154e+01    1.000000e-04   
112   6.518018e-01    2.11488698324e-06    3.73215349984e-07    4.290327e+01    1.000000e-04   
113   6.567067e-01    2.1228294877e-06     3.74616968417e-07    4.306440e+01    1.000000e-04   
114   6.616116e-01    2.13074238607e-06    3.76013362247e-07    4.322492e+01    1.000000e-04   
115   6.665165e-01    2.13862600698e-06    3.77404589467e-07    4.338485e+01    1.000000e-04   
116   6.714214e-01    2.14648067303e-06    3.78790707005e-07    4.354419e+01    1.000000e-04   
117   6.763263e-01    2.15430670092e-06    3.80171770751e-07    4.370296e+01    1.000000e-04   
118   6.812312e-01    2.16210440164e-06    3.81547835584e-07    4.386114e+01    1.000000e-04   
119   6.861361e-01    2.16987408058e-06    3.82918955396e-07    4.401876e+01    1.000000e-04   
120   6.910410e-01    2.17761603767e-06    3.84285183118e-07    4.417582e+01    1.000000e-04   
121   6.959459e-01    2.18533056755e-06    3.85646570744e-07    4.433232e+01    1.000000e-04   
122   7.008509e-01    2.19301795967e-06    3.87003169353e-07    4.448826e+01    1.000000e-04   
123   7.057558e-01    2.20067849841e-06    3.88355029131e-07    4.464367e+01    1.000000e-04   
124   7.106607e-01    2.20831246325e-06    3.89702199396e-07    4.479853e+01    1.000000e-04   
125   7.155656e-01    2.21592012881e-06    3.91044728614e-07    4.495286e+01    1.000000e-04   
126   7.204705e-01    2.22350176506e-06    3.92382664423e-07    4.510667e+01    1.000000e-04   
127   7.253754e-01    2.23105763735e-06    3.9371605365e-07     4.525995e+01    1.000000e-04   
128   7.302803e-01    2.23858800657e-06    3.95044942335e-07    4.541271e+01    1.000000e-04   
129   7.351852e-01    2.24609312921e-06    3.96369375743e-07    4.556496e+01    1.000000e-04   
130   7.400901e-01    2.25357325753e-06    3.97689398387e-07    4.571671e+01    1.000000e-04   
131   7.449950e-01    2.26102863958e-06    3.99005054044e-07    4.586795e+01    1.000000e-04   
132   7.498999e-01    2.26845951936e-06    4.00316385769e-07    4.601870e+01    1.000000e-04   
133   7.548048e-01    2.27586613686e-06    4.01623435917e-07    4.616895e+01    1.000000e-04   
134   7.597097e-01    2.28324872821e-06    4.02926246154e-07    4.631871e+01    1.000000e-04   
135   7.646146e-01    2.2906075257e-06     4.04224857477e-07    4.646800e+01    1.000000e-04   
136   7.695195e-01    2.29794275794e-06    4.05519310225e-07    4.661680e+01    1.000000e-04   
137   7.744244e-01    2.30525464986e-06    4.06809644094e-07    4.676513e+01    1.000000e-04   
138   7.793293e-01    2.31254342287e-06    4.08095898154e-07    4.691300e+01    1.000000e-04   
139   7.842342e-01    2.31980929488e-06    4.09378110862e-07    4.706039e+01    1.000000e-04   
140   7.891391e-01    2.32705248041e-06    4.10656320072e-07    4.720733e+01    1.000000e-04   
141   7.940440e-01    2.33427319064e-06    4.11930563054e-07    4.735381e+01    1.000000e-04   
142   7.989489e-01    2.3414716335e-06     4.132008765e-07      4.749984e+01    1.000000e-04   
143   8.038539e-01    2.34864801374e-06    4.14467296542e-07    4.764543e+01    1.000000e-04   
144   8.087588e-01    2.35580253298e-06    4.15729858761e-07    4.779056e+01    1.000000e-04   
145   8.136637e-01    2.3629353898e-06     4.16988598199e-07    4.793526e+01    1.000000e-04   
146   8.185686e-01    2.37004677977e-06    4.18243549372e-07    4.807953e+01    1.000000e-04   
147   8.234735e-01    2.37713689557e-06    4.19494746276e-07    4.822336e+01    1.000000e-04   
148   8.283784e-01    2.38420592697e-06    4.20742222407e-07    4.836676e+01    1.000000e-04   
149   8.332833e-01    2.39125406098e-06    4.21986010762e-07    4.850975e+01    1.000000e-04   
150   8.381882e-01    2.39828148184e-06    4.23226143854e-07    4.865231e+01    1.000000e-04   
151   8.430931e-01    2.40528837108e-06    4.24462653721e-07    4.879445e+01    1.000000e-04   
152   8.479980e-01    2.41227490764e-06    4.25695571936e-07    4.893618e+01    1.000000e-04   
153   8.529029e-01    2.41924126783e-06    4.26924929618e-07    4.907750e+01    1.000000e-04   
154   8.578078e-01    2.42618762546e-06    4.28150757434e-07    4.921842e+01    1.000000e-04   
155   8.627127e-01    2.43311415184e-06    4.29373085619e-07    4.935893e+01    1.000000e-04   
156   8.676176e-01    2.44002101586e-06    4.30591943976e-07    4.949905e+01    1.000000e-04   
157   8.725225e-01    2.44690838402e-06    4.31807361886e-07    4.963877e+01    1.000000e-04   
158   8.774274e-01    2.45377642049e-06    4.33019368322e-07    4.977809e+01    1.000000e-04   
159   8.823323e-01    2.46062528714e-06    4.34227991848e-07    4.991703e+01    1.000000e-04   
160   8.872372e-01    2.4674551436e-06     4.35433260635e-07    5.005558e+01    1.000000e-04   
161   8.921421e-01    2.47426614729e-06    4.36635202463e-07    5.019375e+01    1.000000e-04   
162   8.970470e-01    2.48105845348e-06    4.37833844731e-07    5.033155e+01    1.000000e-04   
163   9.019520e-01    2.48783221531e-06    4.39029214466e-07    5.046896e+01    1.000000e-04   
164   9.068569e-01    2.49458758385e-06    4.40221338326e-07    5.060600e+01    1.000000e-04   
165   9.117618e-01    2.50132470812e-06    4.41410242609e-07    5.074267e+01    1.000000e-04   
166   9.166667e-01    2.50804373514e-06    4.4259595326e-07     5.087898e+01    1.000000e-04   
167   9.215716e-01    2.51474480998e-06    4.43778495879e-07    5.101492e+01    1.000000e-04   
168   9.264765e-01    2.52142807577e-06    4.44957895724e-07    5.115050e+01    1.000000e-04   
169   9.313814e-01    2.52809367375e-06    4.4613417772e-07     5.128572e+01    1.000000e-04   
170   9.362863e-01    2.53474174329e-06    4.47307366464e-07    5.142058e+01    1.000000e-04   
171   9.411912e-01    2.54137242197e-06    4.4847748623e-07     5.155509e+01    1.000000e-04   
172   9.460961e-01    2.54798584555e-06    4.49644560979e-07    5.168926e+01    1.000000e-04   
173   9.510010e-01    2.55458214804e-06    4.50808614359e-07    5.182307e+01    1.000000e-04   
174   9.559059e-01    2.56116146172e-06    4.51969669716e-07    5.195654e+01    1.000000e-04   
175   9.608108e-01    2.5677239172e-06     4.53127750094e-07    5.208967e+01    1.000000e-04   
176   9.657157e-01    2.5742696434e-06     4.54282878247e-07    5.222246e+01    1.000000e-04   
177   9.706206e-01    2.58079876761e-06    4.55435076636e-07    5.235491e+01    1.000000e-04   
178   9.755255e-01    2.58731141551e-06    4.56584367443e-07    5.248703e+01    1.000000e-04   
179   9.804304e-01    2.59380771122e-06    4.57730772568e-07    5.261881e+01    1.000000e-04   
180   9.853353e-01    2.60028777729e-06    4.5887431364e-07     5.275027e+01    1.000000e-04   
181   9.902402e-01    2.60675173476e-06    4.60015012017e-07    5.288140e+01    1.000000e-04   
182   9.951451e-01    2.61319970317e-06    4.61152888795e-07    5.301221e+01    1.000000e-04   
183   1.000050e+00    2.61963180058e-06    4.62287964808e-07    5.314269e+01    1.000000e-04   
184   1.004955e+00    2.62604814361e-06    4.63420260637e-07    5.327285e+01    1.000000e-04   
185   1.009860e+00    2.63244884746e-06    4.64549796611e-07    5.340270e+01    1.000000e-04   
186   1.014765e+00    2.63883402594e-06    4.65676592813e-07    5.353223e+01    1.000000e-04   
187   1.019670e+00    2.64520379147e-06    4.66800669083e-07    5.366145e+01    1.000000e-04   
188   1.024575e+00    2.65155825513e-06    4.67922045024e-07    5.379036e+01    1.000000e-04   
189   1.029479e+00    2.65789752668e-06    4.69040740002e-07    5.391896e+01    1.000000e-04   
190   1.034384e+00    2.66422171455e-06    4.70156773156e-07    5.404725e+01    1.000000e-04   
191   1.039289e+00    2.67053092591e-06    4.71270163395e-07    5.417525e+01    1.000000e-04   
192   1.044194e+00    2.67682526665e-06    4.72380929409e-07    5.430293e+01    1.000000e-04   
193   1.049099e+00    2.68310484144e-06    4.73489089665e-07    5.443032e+01    1.000000e-04   
194   1.054004e+00    2.68936975369e-06    4.74594662417e-07    5.455742e+01    1.000000e-04   
195   1.058909e+00    2.69562010566e-06    4.75697665705e-07    5.468421e+01    1.000000e-04   
196   1.063814e+00    2.70185599838e-06    4.76798117362e-07    5.481072e+01    1.000000e-04   
197   1.068719e+00    2.70807753175e-06    4.77896035014e-07    5.493693e+01    1.000000e-04   
198   1.073624e+00    2.71428480449e-06    4.78991436087e-07    5.506285e+01    1.000000e-04   
199   1.078529e+00    2.72047791424e-06    4.80084337807e-07    5.518849e+01    1.000000e-04   
200   1.083433e+00    2.72665695749e-06    4.81174757204e-07    5.531384e+01    1.000000e-04   
201   1.088338e+00    2.73282202965e-06    4.82262711116e-07    5.543890e+01    1.000000e-04   
202   1.093243e+00    2.73897322508e-06    4.83348216191e-07    5.556369e+01    1.000000e-04   
203   1.098148e+00    2.74511063706e-06    4.84431288892e-07    5.568819e+01    1.000000e-04   
204   1.103053e+00    2.75123435782e-06    4.85511945497e-07    5.581242e+01    1.000000e-04   
205   1.107958e+00    2.75734447858e-06    4.86590202103e-07    5.593637e+01    1.000000e-04   
206   1.112863e+00    2.76344108957e-06    4.8766607463e-07     5.606005e+01    1.000000e-04   
207   1.117768e+00    2.76952428e-06       4.88739578823e-07    5.618346e+01    1.000000e-04   
208   1.122673e+00    2.7755941381e-06     4.89810730253e-07    5.630659e+01    1.000000e-04   
209   1.127578e+00    2.78165075115e-06    4.90879544321e-07    5.642946e+01    1.000000e-04   
210   1.132482e+00    2.78769420549e-06    4.91946036264e-07    5.655206e+01    1.000000e-04   
211   1.137387e+00    2.79372458652e-06    4.9301022115e-07     5.667439e+01    1.000000e-04   
212   1.142292e+00    2.79974197869e-06    4.94072113887e-07    5.679646e+01    1.000000e-04   
213   1.147197e+00    2.8057464656e-06     4.95131729223e-07    5.691827e+01    1.000000e-04   
214   1.152102e+00    2.81173812991e-06    4.96189081748e-07    5.703982e+01    1.000000e-04   
215   1.157007e+00    2.81771705342e-06    4.97244185897e-07    5.716111e+01    1.000000e-04   
216   1.161912e+00    2.82368331707e-06    4.98297055953e-07    5.728214e+01    1.000000e-04   
217   1.166817e+00    2.82963700093e-06    4.99347706046e-07    5.740292e+01    1.000000e-04   
218   1.171722e+00    2.83557818425e-06    5.00396150161e-07    5.752345e+01    1.000000e-04   
219   1.176627e+00    2.84150694543e-06    5.01442402135e-07    5.764372e+01    1.000000e-04   
220   1.181532e+00    2.84742336207e-06    5.0248647566e-07     5.776374e+01    1.000000e-04   
221   1.186436e+00    2.85332751097e-06    5.03528384288e-07    5.788352e+01    1.000000e-04   
222   1.191341e+00    2.85921946811e-06    5.0456814143e-07     5.800304e+01    1.000000e-04   
223   1.196246e+00    2.86509930871e-06    5.0560576036e-07     5.812232e+01    1.000000e-04   
224   1.201151e+00    2.87096710721e-06    5.06641254214e-07    5.824136e+01    1.000000e-04   
225   1.206056e+00    2.87682293731e-06    5.07674635997e-07    5.836015e+01    1.000000e-04   
226   1.210961e+00    2.88266687195e-06    5.08705918579e-07    5.847870e+01    1.000000e-04   
227   1.215866e+00    2.88849898331e-06    5.09735114701e-07    5.859701e+01    1.000000e-04   
228   1.220771e+00    2.89431934287e-06    5.10762236977e-07    5.871509e+01    1.000000e-04   
229   1.225676e+00    2.90012802139e-06    5.11787297893e-07    5.883293e+01    1.000000e-04   
230   1.230581e+00    2.90592508892e-06    5.1281030981e-07     5.895053e+01    1.000000e-04   
231   1.235485e+00    2.91171061481e-06    5.13831284966e-07    5.906789e+01    1.000000e-04   
232   1.240390e+00    2.91748466771e-06    5.14850235479e-07    5.918503e+01    1.000000e-04   
233   1.245295e+00    2.92324731562e-06    5.15867173345e-07    5.930193e+01    1.000000e-04   
234   1.250200e+00    2.92899862585e-06    5.16882110444e-07    5.941860e+01    1.000000e-04   
235   1.255105e+00    2.93473866506e-06    5.1789505854e-07     5.953505e+01    1.000000e-04   
236   1.260010e+00    2.94046749925e-06    5.18906029279e-07    5.965126e+01    1.000000e-04   
237   1.264915e+00    2.94618519379e-06    5.19915034198e-07    5.976726e+01    1.000000e-04   
238   1.269820e+00    2.95189181341e-06    5.20922084719e-07    5.988302e+01    1.000000e-04   
239   1.274725e+00    2.95758742221e-06    5.21927192155e-07    5.999857e+01    1.000000e-04   
240   1.279630e+00    2.96327208369e-06    5.2293036771e-07     6.011389e+01    1.000000e-04   
241   1.284535e+00    2.96894586073e-06    5.23931622481e-07    6.022899e+01    1.000000e-04   
242   1.289439e+00    2.9746088156e-06     5.2493096746e-07     6.034387e+01    1.000000e-04   
243   1.294344e+00    2.98026101002e-06    5.25928413532e-07    6.045853e+01    1.000000e-04   
244   1.299249e+00    2.98590250507e-06    5.26923971483e-07    6.057297e+01    1.000000e-04   
245   1.304154e+00    2.99153336129e-06    5.27917651993e-07    6.068720e+01    1.000000e-04   
246   1.309059e+00    2.99715363865e-06    5.28909465645e-07    6.080122e+01    1.000000e-04   
247   1.313964e+00    3.00276339655e-06    5.2989942292e-07     6.091502e+01    1.000000e-04   
248   1.318869e+00    3.00836269382e-06    5.30887534204e-07    6.102861e+01    1.000000e-04   
249   1.323774e+00    3.01395158879e-06    5.31873809786e-07    6.114199e+01    1.000000e-04   
250   1.328679e+00    3.01953013919e-06    5.32858259858e-07    6.125515e+01    1.000000e-04   
251   1.333584e+00    3.02509840228e-06    5.33840894519e-07    6.136811e+01    1.000000e-04   
252   1.338488e+00    3.03065643474e-06    5.34821723777e-07    6.148087e+01    1.000000e-04   
253   1.343393e+00    3.03620429276e-06    5.35800757546e-07    6.159341e+01    1.000000e-04   
254   1.348298e+00    3.04174203201e-06    5.36778005649e-07    6.170575e+01    1.000000e-04   
255   1.353203e+00    3.04726970767e-06    5.37753477824e-07    6.181789e+01    1.000000e-04   
256   1.358108e+00    3.05278737439e-06    5.38727183716e-07    6.192982e+01    1.000000e-04   
257   1.363013e+00    3.05829508635e-06    5.39699132885e-07    6.204155e+01    1.000000e-04   
258   1.367918e+00    3.06379289723e-06    5.40669334806e-07    6.215308e+01    1.000000e-04   
259   1.372823e+00    3.06928086025e-06    5.41637798867e-07    6.226441e+01    1.000000e-04   
260   1.377728e+00    3.07475902813e-06    5.42604534375e-07    6.237555e+01    1.000000e-04   
261   1.382633e+00    3.08022745313e-06    5.43569550552e-07    6.248648e+01    1.000000e-04   
262   1.387538e+00    3.08568618705e-06    5.44532856538e-07    6.259722e+01    1.000000e-04   
263   1.392442e+00    3.09113528124e-06    5.45494461395e-07    6.270776e+01    1.000000e-04   
264   1.397347e+00    3.09657478658e-06    5.46454374102e-07    6.281811e+01    1.000000e-04   
265   1.402252e+00    3.10200475351e-06    5.47412603561e-07    6.292826e+01    1.000000e-04   
266   1.407157e+00    3.10742523205e-06    5.48369158597e-07    6.303822e+01    1.000000e-04   
267   1.412062e+00    3.11283627175e-06    5.49324047956e-07    6.314799e+01    1.000000e-04   
268   1.416967e+00    3.11823792175e-06    5.5027728031e-07     6.325757e+01    1.000000e-04   
269   1.421872e+00    3.12363023078e-06    5.51228864255e-07    6.336696e+01    1.000000e-04   
270   1.426777e+00    3.12901324711e-06    5.52178808313e-07    6.347616e+01    1.000000e-04   
271   1.431682e+00    3.13438701863e-06    5.53127120934e-07    6.358518e+01    1.000000e-04   
272   1.436587e+00    3.1397515928e-06     5.54073810494e-07    6.369401e+01    1.000000e-04   
273   1.441491e+00    3.14510701669e-06    5.55018885298e-07    6.380265e+01    1.000000e-04   
274   1.446396e+00    3.15045333696e-06    5.55962353582e-07    6.391110e+01    1.000000e-04   
275   1.451301e+00    3.15579059989e-06    5.5690422351e-07     6.401938e+01    1.000000e-04   
276   1.456206e+00    3.16111885134e-06    5.57844503178e-07    6.412747e+01    1.000000e-04   
277   1.461111e+00    3.16643813681e-06    5.58783200614e-07    6.423538e+01    1.000000e-04   
278   1.466016e+00    3.17174850141e-06    5.59720323779e-07    6.434311e+01    1.000000e-04   
279   1.470921e+00    3.17704998987e-06    5.60655880566e-07    6.445065e+01    1.000000e-04   
280   1.475826e+00    3.18234264656e-06    5.61589878805e-07    6.455802e+01    1.000000e-04   
281   1.480731e+00    3.18762651546e-06    5.62522326258e-07    6.466521e+01    1.000000e-04   
282   1.485636e+00    3.1929016402e-06     5.63453230624e-07    6.477222e+01    1.000000e-04   
283   1.490541e+00    3.19816806406e-06    5.6438259954e-07     6.487906e+01    1.000000e-04   
284   1.495445e+00    3.20342582994e-06    5.65310440578e-07    6.498572e+01    1.000000e-04   
285   1.500350e+00    3.20867498041e-06    5.66236761248e-07    6.509221e+01    1.000000e-04   
286   1.505255e+00    3.21391555767e-06    5.67161569001e-07    6.519852e+01    1.000000e-04   
287   1.510160e+00    3.2191476036e-06     5.68084871224e-07    6.530466e+01    1.000000e-04   
288   1.515065e+00    3.22437115974e-06    5.69006675248e-07    6.541063e+01    1.000000e-04   
289   1.519970e+00    3.22958626726e-06    5.69926988341e-07    6.551642e+01    1.000000e-04   
290   1.524875e+00    3.23479296705e-06    5.70845817714e-07    6.562205e+01    1.000000e-04   
291   1.529780e+00    3.23999129962e-06    5.71763170521e-07    6.572750e+01    1.000000e-04   
292   1.534685e+00    3.24518130519e-06    5.72679053857e-07    6.583279e+01    1.000000e-04   
293   1.539590e+00    3.25036302365e-06    5.73593474762e-07    6.593790e+01    1.000000e-04   
294   1.544494e+00    3.25553649457e-06    5.74506440218e-07    6.604286e+01    1.000000e-04   
295   1.549399e+00    3.2607017572e-06     5.75417957153e-07    6.614764e+01    1.000000e-04   
296   1.554304e+00    3.2658588505e-06     5.76328032441e-07    6.625226e+01    1.000000e-04   
297   1.559209e+00    3.2710078131e-06     5.77236672899e-07    6.635671e+01    1.000000e-04   
298   1.564114e+00    3.27614868333e-06    5.78143885293e-07    6.646100e+01    1.000000e-04   
299   1.569019e+00    3.28128149924e-06    5.79049676336e-07    6.656513e+01    1.000000e-04   
300   1.573924e+00    3.28640629856e-06    5.79954052686e-07    6.666909e+01    1.000000e-04   
301   1.578829e+00    3.29152311873e-06    5.80857020953e-07    6.677289e+01    1.000000e-04   
302   1.583734e+00    3.29663199692e-06    5.81758587691e-07    6.687653e+01    1.000000e-04   
303   1.588639e+00    3.30173296998e-06    5.82658759408e-07    6.698001e+01    1.000000e-04   
304   1.593544e+00    3.3068260745e-06     5.83557542559e-07    6.708333e+01    1.000000e-04   
305   1.598448e+00    3.31191134678e-06    5.8445494355e-07     6.718649e+01    1.000000e-04   
306   1.603353e+00    3.31698882285e-06    5.85350968738e-07    6.728950e+01    1.000000e-04   
307   1.608258e+00    3.32205853845e-06    5.86245624432e-07    6.739234e+01    1.000000e-04   
308   1.613163e+00    3.32712052905e-06    5.87138916891e-07    6.749503e+01    1.000000e-04   
309   1.618068e+00    3.33217482986e-06    5.88030852329e-07    6.759757e+01    1.000000e-04   
310   1.622973e+00    3.33722147583e-06    5.88921436911e-07    6.769994e+01    1.000000e-04   
311   1.627878e+00    3.34226050162e-06    5.89810676756e-07    6.780217e+01    1.000000e-04   
312   1.632783e+00    3.34729194165e-06    5.90698577938e-07    6.790424e+01    1.000000e-04   
313   1.637688e+00    3.35231583008e-06    5.91585146484e-07    6.800615e+01    1.000000e-04   
314   1.642593e+00    3.3573322008e-06     5.92470388377e-07    6.810792e+01    1.000000e-04   
315   1.647497e+00    3.36234108747e-06    5.93354309554e-07    6.820953e+01    1.000000e-04   
316   1.652402e+00    3.36734252348e-06    5.94236915909e-07    6.831099e+01    1.000000e-04   
317   1.657307e+00    3.37233654198e-06    5.95118213291e-07    6.841230e+01    1.000000e-04   
318   1.662212e+00    3.37732317588e-06    5.95998207509e-07    6.851346e+01    1.000000e-04   
319   1.667117e+00    3.38230245784e-06    5.96876904325e-07    6.861447e+01    1.000000e-04   
320   1.672022e+00    3.38727442028e-06    5.97754309461e-07    6.871533e+01    1.000000e-04   
321   1.676927e+00    3.39223909538e-06    5.98630428596e-07    6.881605e+01    1.000000e-04   
322   1.681832e+00    3.3971965151e-06     5.9950526737e-07     6.891662e+01    1.000000e-04   
323   1.686737e+00    3.40214671114e-06    6.00378831378e-07    6.901704e+01    1.000000e-04   
324   1.691642e+00    3.407089715e-06      6.01251126177e-07    6.911731e+01    1.000000e-04   
325   1.696547e+00    3.41202555794e-06    6.02122157284e-07    6.921744e+01    1.000000e-04   
326   1.701451e+00    3.41695427098e-06    6.02991930173e-07    6.931743e+01    1.000000e-04   
327   1.706356e+00    3.42187588494e-06    6.03860450284e-07    6.941727e+01    1.000000e-04   
328   1.711261e+00    3.4267904304e-06     6.04727723012e-07    6.951697e+01    1.000000e-04   
329   1.716166e+00    3.43169793773e-06    6.05593753718e-07    6.961652e+01    1.000000e-04   
330   1.721071e+00    3.43659843709e-06    6.06458547722e-07    6.971594e+01    1.000000e-04   
331   1.725976e+00    3.4414919584e-06     6.07322110307e-07    6.981521e+01    1.000000e-04   
332   1.730881e+00    3.4463785314e-06     6.08184446718e-07    6.991434e+01    1.000000e-04   
333   1.735786e+00    3.4512581856e-06     6.09045562165e-07    7.001333e+01    1.000000e-04   
334   1.740691e+00    3.4561309503e-06     6.09905461818e-07    7.011218e+01    1.000000e-04   
335   1.745596e+00    3.4609968546e-06     6.10764150812e-07    7.021089e+01    1.000000e-04   
336   1.750501e+00    3.4658559274e-06     6.11621634248e-07    7.030946e+01    1.000000e-04   
337   1.755405e+00    3.4707081974e-06     6.12477917188e-07    7.040790e+01    1.000000e-04   
338   1.760310e+00    3.47555369307e-06    6.1333300466e-07     7.050619e+01    1.000000e-04   
339   1.765215e+00    3.48039244273e-06    6.14186901658e-07    7.060435e+01    1.000000e-04   
340   1.770120e+00    3.48522447446e-06    6.15039613139e-07    7.070238e+01    1.000000e-04   
341   1.775025e+00    3.49004981616e-06    6.15891144029e-07    7.080027e+01    1.000000e-04   
342   1.779930e+00    3.49486849556e-06    6.16741499216e-07    7.089802e+01    1.000000e-04   
343   1.784835e+00    3.49968054016e-06    6.17590683558e-07    7.099564e+01    1.000000e-04   
344   1.789740e+00    3.50448597731e-06    6.18438701878e-07    7.109312e+01    1.000000e-04   
345   1.794645e+00    3.50928483414e-06    6.19285558966e-07    7.119048e+01    1.000000e-04   
346   1.799550e+00    3.51407713761e-06    6.20131259578e-07    7.128769e+01    1.000000e-04   
347   1.804454e+00    3.5188629145e-06     6.20975808441e-07    7.138478e+01    1.000000e-04   
348   1.809359e+00    3.52364219139e-06    6.21819210246e-07    7.148173e+01    1.000000e-04   
349   1.814264e+00    3.52841499471e-06    6.22661469655e-07    7.157856e+01    1.000000e-04   
350   1.819169e+00    3.53318135069e-06    6.23502591299e-07    7.167525e+01    1.000000e-04   
351   1.824074e+00    3.53794128539e-06    6.24342579774e-07    7.177181e+01    1.000000e-04   
352   1.828979e+00    3.54269482468e-06    6.25181439649e-07    7.186824e+01    1.000000e-04   
353   1.833884e+00    3.54744199427e-06    6.2601917546e-07     7.196454e+01    1.000000e-04   
354   1.838789e+00    3.55218281972e-06    6.26855791715e-07    7.206072e+01    1.000000e-04   
355   1.843694e+00    3.55691732637e-06    6.27691292889e-07    7.215676e+01    1.000000e-04   
356   1.848599e+00    3.56164553944e-06    6.2852568343e-07     7.225268e+01    1.000000e-04   
357   1.853504e+00    3.56636748395e-06    6.29358967755e-07    7.234847e+01    1.000000e-04   
358   1.858408e+00    3.57108318476e-06    6.30191150253e-07    7.244414e+01    1.000000e-04   
359   1.863313e+00    3.57579266659e-06    6.31022235281e-07    7.253967e+01    1.000000e-04   
360   1.868218e+00    3.58049595397e-06    6.31852227172e-07    7.263509e+01    1.000000e-04   
361   1.873123e+00    3.58519307128e-06    6.32681130226e-07    7.273037e+01    1.000000e-04   
362   1.878028e+00    3.58988404274e-06    6.33508948719e-07    7.282554e+01    1.000000e-04   
363   1.882933e+00    3.59456889241e-06    6.34335686896e-07    7.292057e+01    1.000000e-04   
364   1.887838e+00    3.59924764419e-06    6.35161348975e-07    7.301549e+01    1.000000e-04   
365   1.892743e+00    3.60392032184e-06    6.35985939149e-07    7.311028e+01    1.000000e-04   
366   1.897648e+00    3.60858694895e-06    6.3680946158e-07     7.320495e+01    1.000000e-04   
367   1.902553e+00    3.61324754896e-06    6.37631920405e-07    7.329950e+01    1.000000e-04   
368   1.907457e+00    3.61790214517e-06    6.38453319736e-07    7.339392e+01    1.000000e-04   
369   1.912362e+00    3.62255076072e-06    6.39273663657e-07    7.348822e+01    1.000000e-04   
370   1.917267e+00    3.6271934186e-06     6.40092956224e-07    7.358241e+01    1.000000e-04   
371   1.922172e+00    3.63183014167e-06    6.4091120147e-07     7.367647e+01    1.000000e-04   
372   1.927077e+00    3.63646095261e-06    6.41728403402e-07    7.377041e+01    1.000000e-04   
373   1.931982e+00    3.641085874e-06      6.42544565999e-07    7.386423e+01    1.000000e-04   
374   1.936887e+00    3.64570492824e-06    6.43359693218e-07    7.395794e+01    1.000000e-04   
375   1.941792e+00    3.6503181376e-06     6.44173788989e-07    7.405152e+01    1.000000e-04   
376   1.946697e+00    3.65492552423e-06    6.44986857217e-07    7.414499e+01    1.000000e-04   
377   1.951602e+00    3.65952711011e-06    6.45798901784e-07    7.423834e+01    1.000000e-04   
378   1.956507e+00    3.6641229171e-06     6.46609926546e-07    7.433157e+01    1.000000e-04   
379   1.961411e+00    3.66871296691e-06    6.47419935336e-07    7.442469e+01    1.000000e-04   
380   1.966316e+00    3.67329728112e-06    6.48228931963e-07    7.451768e+01    1.000000e-04   
381   1.971221e+00    3.67787588119e-06    6.4903692021e-07     7.461057e+01    1.000000e-04   
382   1.976126e+00    3.68244878843e-06    6.4984390384e-07     7.470333e+01    1.000000e-04   
383   1.981031e+00    3.68701602402e-06    6.50649886591e-07    7.479599e+01    1.000000e-04   
384   1.985936e+00    3.69157760901e-06    6.51454872177e-07    7.488852e+01    1.000000e-04   
385   1.990841e+00    3.69613356432e-06    6.52258864291e-07    7.498095e+01    1.000000e-04   
386   1.995746e+00    3.70068391074e-06    6.53061866601e-07    7.507326e+01    1.000000e-04   
387   2.000651e+00    3.70522866894e-06    6.53863882755e-07    7.516545e+01    1.000000e-04   
388   2.005556e+00    3.70976785947e-06    6.54664916376e-07    7.525754e+01    1.000000e-04   
389   2.010460e+00    3.71430150272e-06    6.55464971068e-07    7.534951e+01    1.000000e-04   
390   2.015365e+00    3.71882961898e-06    6.56264050409e-07    7.544137e+01    1.000000e-04   
391   2.020270e+00    3.72335222843e-06    6.57062157959e-07    7.553311e+01    1.000000e-04   
392   2.025175e+00    3.72786935111e-06    6.57859297255e-07    7.562475e+01    1.000000e-04   
393   2.030080e+00    3.73238100693e-06    6.58655471811e-07    7.571628e+01    1.000000e-04   
394   2.034985e+00    3.7368872157e-06     6.59450685123e-07    7.580769e+01    1.000000e-04   
395   2.039890e+00    3.74138799709e-06    6.60244940664e-07    7.589899e+01    1.000000e-04   
396   2.044795e+00    3.74588337068e-06    6.61038241885e-07    7.599019e+01    1.000000e-04   
397   2.049700e+00    3.75037335591e-06    6.61830592219e-07    7.608127e+01    1.000000e-04   
398   2.054605e+00    3.7548579721e-06     6.62621995077e-07    7.617225e+01    1.000000e-04   
399   2.059510e+00    3.75933723848e-06    6.63412453849e-07    7.626312e+01    1.000000e-04   
400   2.064414e+00    3.76381117414e-06    6.64201971907e-07    7.635388e+01    1.000000e-04   
401   2.069319e+00    3.76827979807e-06    6.649905526e-07      7.644453e+01    1.000000e-04   
402   2.074224e+00    3.77274312914e-06    6.6577819926e-07     7.653507e+01    1.000000e-04   
403   2.079129e+00    3.77720118612e-06    6.66564915198e-07    7.662551e+01    1.000000e-04   
404   2.084034e+00    3.78165398766e-06    6.67350703705e-07    7.671584e+01    1.000000e-04   
405   2.088939e+00    3.7861015523e-06     6.68135568053e-07    7.680607e+01    1.000000e-04   
406   2.093844e+00    3.79054389848e-06    6.68919511496e-07    7.689619e+01    1.000000e-04   
407   2.098749e+00    3.79498104452e-06    6.69702537268e-07    7.698620e+01    1.000000e-04   
408   2.103654e+00    3.79941300864e-06    6.70484648583e-07    7.707611e+01    1.000000e-04   
409   2.108559e+00    3.80383980895e-06    6.71265848638e-07    7.716591e+01    1.000000e-04   
410   2.113463e+00    3.80826146346e-06    6.72046140611e-07    7.725561e+01    1.000000e-04   
411   2.118368e+00    3.81267799008e-06    6.72825527662e-07    7.734521e+01    1.000000e-04   
412   2.123273e+00    3.8170894066e-06     6.7360401293e-07     7.743470e+01    1.000000e-04   
413   2.128178e+00    3.82149573073e-06    6.7438159954e-07     7.752409e+01    1.000000e-04   
414   2.133083e+00    3.82589698005e-06    6.75158290596e-07    7.761337e+01    1.000000e-04   
415   2.137988e+00    3.83029317205e-06    6.75934089186e-07    7.770255e+01    1.000000e-04   
416   2.142893e+00    3.83468432414e-06    6.76708998378e-07    7.779163e+01    1.000000e-04   
417   2.147798e+00    3.83907045361e-06    6.77483021225e-07    7.788061e+01    1.000000e-04   
418   2.152703e+00    3.84345157765e-06    6.78256160762e-07    7.796949e+01    1.000000e-04   
419   2.157608e+00    3.84782771336e-06    6.79028420004e-07    7.805826e+01    1.000000e-04   
420   2.162513e+00    3.85219887774e-06    6.79799801954e-07    7.814694e+01    1.000000e-04   
421   2.167417e+00    3.85656508769e-06    6.80570309593e-07    7.823551e+01    1.000000e-04   
422   2.172322e+00    3.86092636003e-06    6.81339945887e-07    7.832399e+01    1.000000e-04   
423   2.177227e+00    3.86528271146e-06    6.82108713787e-07    7.841236e+01    1.000000e-04   
424   2.182132e+00    3.86963415861e-06    6.82876616225e-07    7.850064e+01    1.000000e-04   
425   2.187037e+00    3.873980718e-06      6.83643656117e-07    7.858881e+01    1.000000e-04   
426   2.191942e+00    3.87832240606e-06    6.84409836364e-07    7.867689e+01    1.000000e-04   
427   2.196847e+00    3.88265923915e-06    6.85175159849e-07    7.876487e+01    1.000000e-04   
428   2.201752e+00    3.8869912335e-06     6.8593962944e-07     7.885275e+01    1.000000e-04   
429   2.206657e+00    3.89131840527e-06    6.8670324799e-07     7.894053e+01    1.000000e-04   
430   2.211562e+00    3.89564077055e-06    6.87466018333e-07    7.902822e+01    1.000000e-04   
431   2.216466e+00    3.89995834531e-06    6.8822794329e-07     7.911580e+01    1.000000e-04   
432   2.221371e+00    3.90427114544e-06    6.88989025665e-07    7.920329e+01    1.000000e-04   
433   2.226276e+00    3.90857918674e-06    6.89749268249e-07    7.929069e+01    1.000000e-04   
434   2.231181e+00    3.91288248495e-06    6.90508673814e-07    7.937799e+01    1.000000e-04   
435   2.236086e+00    3.91718105568e-06    6.91267245119e-07    7.946519e+01    1.000000e-04   
436   2.240991e+00    3.92147491448e-06    6.92024984908e-07    7.955230e+01    1.000000e-04   
437   2.245896e+00    3.92576407682e-06    6.9278189591e-07     7.963931e+01    1.000000e-04   
438   2.250801e+00    3.93004855807e-06    6.93537980836e-07    7.972622e+01    1.000000e-04   
439   2.255706e+00    3.93432837353e-06    6.94293242388e-07    7.981304e+01    1.000000e-04   
440   2.260611e+00    3.9386035384e-06     6.95047683248e-07    7.989977e+01    1.000000e-04   
441   2.265516e+00    3.94287406782e-06    6.95801306086e-07    7.998641e+01    1.000000e-04   
442   2.270420e+00    3.94713997682e-06    6.96554113557e-07    8.007294e+01    1.000000e-04   
443   2.275325e+00    3.95140128038e-06    6.97306108302e-07    8.015939e+01    1.000000e-04   
444   2.280230e+00    3.95565799337e-06    6.98057292948e-07    8.024574e+01    1.000000e-04   
445   2.285135e+00    3.95991013061e-06    6.98807670107e-07    8.033200e+01    1.000000e-04   
446   2.290040e+00    3.96415770681e-06    6.99557242378e-07    8.041817e+01    1.000000e-04   
447   2.294945e+00    3.96840073662e-06    7.00306012344e-07    8.050425e+01    1.000000e-04   
448   2.299850e+00    3.97263923461e-06    7.01053982578e-07    8.059023e+01    1.000000e-04   
449   2.304755e+00    3.97687321527e-06    7.01801155635e-07    8.067612e+01    1.000000e-04   
450   2.309660e+00    3.98110269301e-06    7.0254753406e-07     8.076192e+01    1.000000e-04   
451   2.314565e+00    3.98532768216e-06    7.03293120382e-07    8.084763e+01    1.000000e-04   
452   2.319469e+00    3.989548197e-06      7.04037917117e-07    8.093325e+01    1.000000e-04   
453   2.324374e+00    3.9937642517e-06     7.0478192677e-07     8.101878e+01    1.000000e-04   
454   2.329279e+00    3.99797586037e-06    7.05525151829e-07    8.110422e+01    1.000000e-04   
455   2.334184e+00    4.00218303705e-06    7.06267594773e-07    8.118957e+01    1.000000e-04   
456   2.339089e+00    4.0063857957e-06     7.07009258065e-07    8.127482e+01    1.000000e-04   
457   2.343994e+00    4.01058415021e-06    7.07750144155e-07    8.135999e+01    1.000000e-04   
458   2.348899e+00    4.0147781144e-06     7.08490255483e-07    8.144507e+01    1.000000e-04   
459   2.353804e+00    4.01896770202e-06    7.09229594473e-07    8.153007e+01    1.000000e-04   
460   2.358709e+00    4.02315292672e-06    7.09968163539e-07    8.161497e+01    1.000000e-04   
461   2.363614e+00    4.02733380213e-06    7.10705965081e-07    8.169978e+01    1.000000e-04   
462   2.368519e+00    4.03151034176e-06    7.11443001487e-07    8.178451e+01    1.000000e-04   
463   2.373423e+00    4.03568255908e-06    7.12179275132e-07    8.186915e+01    1.000000e-04   
464   2.378328e+00    4.03985046748e-06    7.12914788379e-07    8.195370e+01    1.000000e-04   
465   2.383233e+00    4.04401408029e-06    7.1364954358e-07     8.203816e+01    1.000000e-04   
466   2.388138e+00    4.04817341075e-06    7.14383543074e-07    8.212254e+01    1.000000e-04   
467   2.393043e+00    4.05232847206e-06    7.15116789187e-07    8.220683e+01    1.000000e-04   
468   2.397948e+00    4.05647927733e-06    7.15849284235e-07    8.229104e+01    1.000000e-04   
469   2.402853e+00    4.06062583962e-06    7.16581030521e-07    8.237516e+01    1.000000e-04   
470   2.407758e+00    4.06476817191e-06    7.17312030336e-07    8.245919e+01    1.000000e-04   
471   2.412663e+00    4.06890628711e-06    7.18042285961e-07    8.254314e+01    1.000000e-04   
472   2.417568e+00    4.07304019809e-06    7.18771799663e-07    8.262700e+01    1.000000e-04   
473   2.422472e+00    4.07716991763e-06    7.19500573699e-07    8.271077e+01    1.000000e-04   
474   2.427377e+00    4.08129545845e-06    7.20228610314e-07    8.279447e+01    1.000000e-04   
475   2.432282e+00    4.08541683321e-06    7.20955911744e-07    8.287807e+01    1.000000e-04   
476   2.437187e+00    4.08953405452e-06    7.21682480209e-07    8.296160e+01    1.000000e-04   
477   2.442092e+00    4.09364713489e-06    7.22408317922e-07    8.304504e+01    1.000000e-04   
478   2.446997e+00    4.09775608681e-06    7.23133427084e-07    8.312839e+01    1.000000e-04   
479   2.451902e+00    4.10186092267e-06    7.23857809883e-07    8.321166e+01    1.000000e-04   
480   2.456807e+00    4.10596165482e-06    7.24581468498e-07    8.329485e+01    1.000000e-04   
481   2.461712e+00    4.11005829555e-06    7.25304405097e-07    8.337796e+01    1.000000e-04   
482   2.466617e+00    4.11415085708e-06    7.26026621837e-07    8.346098e+01    1.000000e-04   
483   2.471522e+00    4.11823935156e-06    7.26748120863e-07    8.354392e+01    1.000000e-04   
484   2.476426e+00    4.1223237911e-06     7.27468904312e-07    8.362678e+01    1.000000e-04   
485   2.481331e+00    4.12640418775e-06    7.28188974308e-07    8.370956e+01    1.000000e-04   
486   2.486236e+00    4.13048055347e-06    7.28908332965e-07    8.379225e+01    1.000000e-04   
487   2.491141e+00    4.1345529002e-06     7.29626982388e-07    8.387486e+01    1.000000e-04   
488   2.496046e+00    4.1386212398e-06     7.3034492467e-07     8.395740e+01    1.000000e-04   
489   2.500951e+00    4.14268558407e-06    7.31062161895e-07    8.403985e+01    1.000000e-04   
490   2.505856e+00    4.14674594476e-06    7.31778696135e-07    8.412222e+01    1.000000e-04   
491   2.510761e+00    4.15080233357e-06    7.32494529453e-07    8.420450e+01    1.000000e-04   
492   2.515666e+00    4.15485476212e-06    7.33209663904e-07    8.428671e+01    1.000000e-04   
493   2.520571e+00    4.15890324199e-06    7.33924101528e-07    8.436884e+01    1.000000e-04   
494   2.525475e+00    4.16294778471e-06    7.34637844361e-07    8.445089e+01    1.000000e-04   
495   2.530380e+00    4.16698840173e-06    7.35350894423e-07    8.453286e+01    1.000000e-04   
496   2.535285e+00    4.17102510447e-06    7.3606325373e-07     8.461475e+01    1.000000e-04   
497   2.540190e+00    4.17505790428e-06    7.36774924285e-07    8.469656e+01    1.000000e-04   
498   2.545095e+00    4.17908681246e-06    7.3748590808e-07     8.477829e+01    1.000000e-04   
499   2.550000e+00    4.18311184024e-06    7.38196207102e-07    8.485995e+01    1.000000e-04   
500   2.554905e+00    4.18713299884e-06    7.38905823324e-07    8.494152e+01    1.000000e-04   
501   2.559810e+00    4.19115029937e-06    7.39614758712e-07    8.502302e+01    1.000000e-04   
502   2.564715e+00    4.19516375292e-06    7.40323015222e-07    8.510443e+01    1.000000e-04   
503   2.569620e+00    4.19917337053e-06    7.410305948e-07      8.518577e+01    1.000000e-04   
504   2.574525e+00    4.20317916318e-06    7.41737499384e-07    8.526704e+01    1.000000e-04   
505   2.579429e+00    4.20718114178e-06    7.42443730902e-07    8.534822e+01    1.000000e-04   
506   2.584334e+00    4.21117931721e-06    7.43149291272e-07    8.542933e+01    1.000000e-04   
507   2.589239e+00    4.21517370029e-06    7.43854182404e-07    8.551036e+01    1.000000e-04   
508   2.594144e+00    4.2191643018e-06     7.445584062e-07      8.559132e+01    1.000000e-04   
509   2.599049e+00    4.22315113245e-06    7.4526196455e-07     8.567220e+01    1.000000e-04   
510   2.603954e+00    4.22713420292e-06    7.45964859339e-07    8.575300e+01    1.000000e-04   
511   2.608859e+00    4.23111352382e-06    7.46667092439e-07    8.583372e+01    1.000000e-04   
512   2.613764e+00    4.23508910572e-06    7.47368665715e-07    8.591437e+01    1.000000e-04   
513   2.618669e+00    4.23906095914e-06    7.48069581026e-07    8.599495e+01    1.000000e-04   
514   2.623574e+00    4.24302909456e-06    7.48769840217e-07    8.607545e+01    1.000000e-04   
515   2.628478e+00    4.24699352239e-06    7.49469445128e-07    8.615587e+01    1.000000e-04   
516   2.633383e+00    4.25095425301e-06    7.5016839759e-07     8.623622e+01    1.000000e-04   
517   2.638288e+00    4.25491129674e-06    7.50866699425e-07    8.631649e+01    1.000000e-04   
518   2.643193e+00    4.25886466386e-06    7.51564352447e-07    8.639669e+01    1.000000e-04   
519   2.648098e+00    4.2628143646e-06     7.52261358459e-07    8.647682e+01    1.000000e-04   
520   2.653003e+00    4.26676040914e-06    7.5295771926e-07     8.655687e+01    1.000000e-04   
521   2.657908e+00    4.27070280762e-06    7.53653436638e-07    8.663684e+01    1.000000e-04   
522   2.662813e+00    4.27464157011e-06    7.54348512373e-07    8.671675e+01    1.000000e-04   
523   2.667718e+00    4.27857670667e-06    7.55042948236e-07    8.679658e+01    1.000000e-04   
524   2.672623e+00    4.28250822729e-06    7.55736745993e-07    8.687633e+01    1.000000e-04   
525   2.677528e+00    4.28643614192e-06    7.56429907398e-07    8.695602e+01    1.000000e-04   
526   2.682432e+00    4.29036046047e-06    7.571224342e-07      8.703563e+01    1.000000e-04   
527   2.687337e+00    4.29428119278e-06    7.57814328138e-07    8.711516e+01    1.000000e-04   
528   2.692242e+00    4.29819834869e-06    7.58505590945e-07    8.719463e+01    1.000000e-04   
529   2.697147e+00    4.30211193794e-06    7.59196224343e-07    8.727402e+01    1.000000e-04   
530   2.702052e+00    4.30602197028e-06    7.5988623005e-07     8.735334e+01    1.000000e-04   
531   2.706957e+00    4.30992845538e-06    7.60575609773e-07    8.743259e+01    1.000000e-04   
532   2.711862e+00    4.31383140288e-06    7.61264365214e-07    8.751176e+01    1.000000e-04   
533   2.716767e+00    4.31773082237e-06    7.61952498065e-07    8.759087e+01    1.000000e-04   
534   2.721672e+00    4.3216267234e-06     7.62640010011e-07    8.766990e+01    1.000000e-04   
535   2.726577e+00    4.32551911547e-06    7.63326902731e-07    8.774887e+01    1.000000e-04   
536   2.731481e+00    4.32940800806e-06    7.64013177894e-07    8.782776e+01    1.000000e-04   
537   2.736386e+00    4.33329341059e-06    7.64698837162e-07    8.790658e+01    1.000000e-04   
538   2.741291e+00    4.33717533242e-06    7.65383882193e-07    8.798533e+01    1.000000e-04   
539   2.746196e+00    4.34105378291e-06    7.66068314632e-07    8.806401e+01    1.000000e-04   
540   2.751101e+00    4.34492877135e-06    7.6675213612e-07     8.814262e+01    1.000000e-04   
541   2.756006e+00    4.34880030699e-06    7.67435348292e-07    8.822115e+01    1.000000e-04   
542   2.760911e+00    4.35266839904e-06    7.68117952772e-07    8.829962e+01    1.000000e-04   
543   2.765816e+00    4.35653305668e-06    7.68799951179e-07    8.837802e+01    1.000000e-04   
544   2.770721e+00    4.36039428904e-06    7.69481345125e-07    8.845635e+01    1.000000e-04   
545   2.775626e+00    4.36425210521e-06    7.70162136214e-07    8.853461e+01    1.000000e-04   
546   2.780531e+00    4.36810651425e-06    7.70842326044e-07    8.861281e+01    1.000000e-04   
547   2.785435e+00    4.37195752516e-06    7.71521916204e-07    8.869093e+01    1.000000e-04   
548   2.790340e+00    4.37580514691e-06    7.72200908278e-07    8.876898e+01    1.000000e-04   
549   2.795245e+00    4.37964938844e-06    7.72879303843e-07    8.884697e+01    1.000000e-04   
550   2.800150e+00    4.38349025865e-06    7.73557104467e-07    8.892489e+01    1.000000e-04   
551   2.805055e+00    4.38732776637e-06    7.74234311713e-07    8.900274e+01    1.000000e-04   
552   2.809960e+00    4.39116192044e-06    7.74910927137e-07    8.908052e+01    1.000000e-04   
553   2.814865e+00    4.39499272963e-06    7.75586952288e-07    8.915823e+01    1.000000e-04   
554   2.819770e+00    4.39882020267e-06    7.76262388707e-07    8.923587e+01    1.000000e-04   
555   2.824675e+00    4.40264434828e-06    7.76937237931e-07    8.931345e+01    1.000000e-04   
556   2.829580e+00    4.4064651751e-06     7.77611501488e-07    8.939096e+01    1.000000e-04   
557   2.834484e+00    4.41028269177e-06    7.782851809e-07      8.946841e+01    1.000000e-04   
558   2.839389e+00    4.41409690687e-06    7.78958277683e-07    8.954578e+01    1.000000e-04   
559   2.844294e+00    4.41790782896e-06    7.79630793347e-07    8.962309e+01    1.000000e-04   
560   2.849199e+00    4.42171546656e-06    7.80302729392e-07    8.970034e+01    1.000000e-04   
561   2.854104e+00    4.42551982813e-06    7.80974087316e-07    8.977751e+01    1.000000e-04   
562   2.859009e+00    4.42932092211e-06    7.81644868608e-07    8.985462e+01    1.000000e-04   
563   2.863914e+00    4.43311875693e-06    7.82315074752e-07    8.993167e+01    1.000000e-04   
564   2.868819e+00    4.43691334094e-06    7.82984707224e-07    9.000864e+01    1.000000e-04   
565   2.873724e+00    4.44070468247e-06    7.83653767495e-07    9.008556e+01    1.000000e-04   
566   2.878629e+00    4.44449278984e-06    7.8432225703e-07     9.016240e+01    1.000000e-04   
567   2.883534e+00    4.44827767128e-06    7.84990177286e-07    9.023918e+01    1.000000e-04   
568   2.888438e+00    4.45205933505e-06    7.85657529715e-07    9.031590e+01    1.000000e-04   
569   2.893343e+00    4.45583778932e-06    7.86324315763e-07    9.039255e+01    1.000000e-04   
570   2.898248e+00    4.45961304226e-06    7.8699053687e-07     9.046914e+01    1.000000e-04   
571   2.903153e+00    4.46338510199e-06    7.87656194469e-07    9.054566e+01    1.000000e-04   
572   2.908058e+00    4.4671539766e-06     7.88321289988e-07    9.062212e+01    1.000000e-04   
573   2.912963e+00    4.47091967414e-06    7.88985824847e-07    9.069851e+01    1.000000e-04   
574   2.917868e+00    4.47468220263e-06    7.89649800464e-07    9.077484e+01    1.000000e-04   
575   2.922773e+00    4.47844157006e-06    7.90313218247e-07    9.085110e+01    1.000000e-04   
576   2.927678e+00    4.48219778439e-06    7.90976079599e-07    9.092730e+01    1.000000e-04   
577   2.932583e+00    4.48595085354e-06    7.91638385919e-07    9.100343e+01    1.000000e-04   
578   2.937487e+00    4.48970078539e-06    7.92300138598e-07    9.107951e+01    1.000000e-04   
579   2.942392e+00    4.4934475878e-06     7.92961339023e-07    9.115552e+01    1.000000e-04   
580   2.947297e+00    4.49719126859e-06    7.93621988574e-07    9.123146e+01    1.000000e-04   
581   2.952202e+00    4.50093183554e-06    7.94282088625e-07    9.130734e+01    1.000000e-04   
582   2.957107e+00    4.50466929643e-06    7.94941640546e-07    9.138316e+01    1.000000e-04   
583   2.962012e+00    4.50840365896e-06    7.95600645699e-07    9.145892e+01    1.000000e-04   
584   2.966917e+00    4.51213493084e-06    7.96259105442e-07    9.153461e+01    1.000000e-04   
585   2.971822e+00    4.51586311972e-06    7.96917021127e-07    9.161024e+01    1.000000e-04   
586   2.976727e+00    4.51958823323e-06    7.975743941e-07      9.168581e+01    1.000000e-04   
587   2.981632e+00    4.52331027898e-06    7.98231225702e-07    9.176132e+01    1.000000e-04   
588   2.986537e+00    4.52702926453e-06    7.98887517269e-07    9.183676e+01    1.000000e-04   
589   2.991441e+00    4.53074519741e-06    7.99543270131e-07    9.191215e+01    1.000000e-04   
590   2.996346e+00    4.53445808513e-06    8.00198485611e-07    9.198747e+01    1.000000e-04   
591   3.001251e+00    4.53816793516e-06    8.00853165029e-07    9.206273e+01    1.000000e-04   
592   3.006156e+00    4.54187475495e-06    8.01507309698e-07    9.213792e+01    1.000000e-04   
593   3.011061e+00    4.54557855192e-06    8.02160920927e-07    9.221306e+01    1.000000e-04   
594   3.015966e+00    4.54927933343e-06    8.02814000018e-07    9.228814e+01    1.000000e-04   
595   3.020871e+00    4.55297710686e-06    8.03466548269e-07    9.236315e+01    1.000000e-04   
596   3.025776e+00    4.55667187951e-06    8.04118566972e-07    9.243810e+01    1.000000e-04   
597   3.030681e+00    4.56036365869e-06    8.04770057415e-07    9.251300e+01    1.000000e-04   
598   3.035586e+00    4.56405245165e-06    8.0542102088e-07     9.258783e+01    1.000000e-04   
599   3.040490e+00    4.56773826564e-06    8.06071458642e-07    9.266260e+01    1.000000e-04   
600   3.045395e+00    4.57142110785e-06    8.06721371974e-07    9.273731e+01    1.000000e-04   
601   3.050300e+00    4.57510098547e-06    8.07370762142e-07    9.281196e+01    1.000000e-04   
602   3.055205e+00    4.57877790565e-06    8.08019630408e-07    9.288655e+01    1.000000e-04   
603   3.060110e+00    4.58245187549e-06    8.08667978028e-07    9.296109e+01    1.000000e-04   
604   3.065015e+00    4.5861229021e-06     8.09315806252e-07    9.303556e+01    1.000000e-04   
605   3.069920e+00    4.58979099253e-06    8.09963116329e-07    9.310997e+01    1.000000e-04   
606   3.074825e+00    4.59345615382e-06    8.10609909497e-07    9.318432e+01    1.000000e-04   
607   3.079730e+00    4.59711839297e-06    8.11256186995e-07    9.325862e+01    1.000000e-04   
608   3.084635e+00    4.60077771697e-06    8.11901950053e-07    9.333285e+01    1.000000e-04   
609   3.089540e+00    4.60443413276e-06    8.12547199899e-07    9.340702e+01    1.000000e-04   
610   3.094444e+00    4.60808764726e-06    8.13191937752e-07    9.348114e+01    1.000000e-04   
611   3.099349e+00    4.61173826738e-06    8.13836164832e-07    9.355520e+01    1.000000e-04   
612   3.104254e+00    4.61538599998e-06    8.14479882349e-07    9.362920e+01    1.000000e-04   
613   3.109159e+00    4.61903085189e-06    8.1512309151e-07     9.370314e+01    1.000000e-04   
614   3.114064e+00    4.62267282994e-06    8.15765793519e-07    9.377702e+01    1.000000e-04   
615   3.118969e+00    4.62631194091e-06    8.16407989573e-07    9.385084e+01    1.000000e-04   
616   3.123874e+00    4.62994819157e-06    8.17049680865e-07    9.392461e+01    1.000000e-04   
617   3.128779e+00    4.63358158864e-06    8.17690868583e-07    9.399832e+01    1.000000e-04   
618   3.133684e+00    4.63721213883e-06    8.18331553911e-07    9.407197e+01    1.000000e-04   
619   3.138589e+00    4.64083984883e-06    8.18971738028e-07    9.414556e+01    1.000000e-04   
620   3.143493e+00    4.64446472528e-06    8.19611422109e-07    9.421910e+01    1.000000e-04   
621   3.148398e+00    4.64808677483e-06    8.20250607323e-07    9.429258e+01    1.000000e-04   
622   3.153303e+00    4.65170600407e-06    8.20889294836e-07    9.436600e+01    1.000000e-04   
623   3.158208e+00    4.65532241958e-06    8.21527485809e-07    9.443936e+01    1.000000e-04   
624   3.163113e+00    4.65893602792e-06    8.22165181397e-07    9.451267e+01    1.000000e-04   
625   3.168018e+00    4.6625468356e-06     8.22802382753e-07    9.458592e+01    1.000000e-04   
626   3.172923e+00    4.66615484914e-06    8.23439091024e-07    9.465911e+01    1.000000e-04   
627   3.177828e+00    4.669760075e-06      8.24075307353e-07    9.473225e+01    1.000000e-04   
628   3.182733e+00    4.67336251965e-06    8.24711032879e-07    9.480533e+01    1.000000e-04   
629   3.187638e+00    4.6769621895e-06     8.25346268735e-07    9.487835e+01    1.000000e-04   
630   3.192543e+00    4.68055909096e-06    8.25981016051e-07    9.495132e+01    1.000000e-04   
631   3.197447e+00    4.6841532304e-06     8.26615275953e-07    9.502423e+01    1.000000e-04   
632   3.202352e+00    4.68774461419e-06    8.27249049563e-07    9.509709e+01    1.000000e-04   
633   3.207257e+00    4.69133324864e-06    8.27882337995e-07    9.516989e+01    1.000000e-04   
634   3.212162e+00    4.69491914007e-06    8.28515142365e-07    9.524263e+01    1.000000e-04   
635   3.217067e+00    4.69850229474e-06    8.29147463778e-07    9.531532e+01    1.000000e-04   
636   3.221972e+00    4.70208271893e-06    8.29779303341e-07    9.538795e+01    1.000000e-04   
637   3.226877e+00    4.70566041886e-06    8.30410662152e-07    9.546053e+01    1.000000e-04   
638   3.231782e+00    4.70923540074e-06    8.31041541307e-07    9.553306e+01    1.000000e-04   
639   3.236687e+00    4.71280767075e-06    8.31671941898e-07    9.560552e+01    1.000000e-04   
640   3.241592e+00    4.71637723507e-06    8.32301865012e-07    9.567794e+01    1.000000e-04   
641   3.246496e+00    4.71994409982e-06    8.32931311733e-07    9.575030e+01    1.000000e-04   
642   3.251401e+00    4.72350827112e-06    8.3356028314e-07     9.582260e+01    1.000000e-04   
643   3.256306e+00    4.72706975507e-06    8.34188780307e-07    9.589485e+01    1.000000e-04   
644   3.261211e+00    4.73062855774e-06    8.34816804307e-07    9.596704e+01    1.000000e-04   
645   3.266116e+00    4.73418468516e-06    8.35444356205e-07    9.603919e+01    1.000000e-04   
646   3.271021e+00    4.73773814338e-06    8.36071437066e-07    9.611127e+01    1.000000e-04   
647   3.275926e+00    4.74128893837e-06    8.36698047948e-07    9.618330e+01    1.000000e-04   
648   3.280831e+00    4.74483707614e-06    8.37324189907e-07    9.625528e+01    1.000000e-04   
649   3.285736e+00    4.74838256263e-06    8.37949863993e-07    9.632721e+01    1.000000e-04   
650   3.290641e+00    4.75192540377e-06    8.38575071254e-07    9.639908e+01    1.000000e-04   
651   3.295546e+00    4.75546560549e-06    8.39199812733e-07    9.647090e+01    1.000000e-04   
652   3.300450e+00    4.75900317366e-06    8.3982408947e-07     9.654266e+01    1.000000e-04   
653   3.305355e+00    4.76253811417e-06    8.404479025e-07      9.661437e+01    1.000000e-04   
654   3.310260e+00    4.76607043284e-06    8.41071252855e-07    9.668603e+01    1.000000e-04   
655   3.315165e+00    4.76960013552e-06    8.41694141563e-07    9.675763e+01    1.000000e-04   
656   3.320070e+00    4.77312722801e-06    8.42316569648e-07    9.682919e+01    1.000000e-04   
657   3.324975e+00    4.77665171608e-06    8.42938538131e-07    9.690069e+01    1.000000e-04   
658   3.329880e+00    4.78017360549e-06    8.43560048028e-07    9.697213e+01    1.000000e-04   
659   3.334785e+00    4.783692902e-06      8.44181100352e-07    9.704353e+01    1.000000e-04   
660   3.339690e+00    4.7872096113e-06     8.44801696112e-07    9.711487e+01    1.000000e-04   
661   3.344595e+00    4.79072373911e-06    8.45421836314e-07    9.718616e+01    1.000000e-04   
662   3.349499e+00    4.7942352911e-06     8.46041521959e-07    9.725739e+01    1.000000e-04   
663   3.354404e+00    4.79774427293e-06    8.46660754046e-07    9.732858e+01    1.000000e-04   
664   3.359309e+00    4.80125069022e-06    8.47279533569e-07    9.739971e+01    1.000000e-04   
665   3.364214e+00    4.8047545486e-06     8.47897861518e-07    9.747079e+01    1.000000e-04   
666   3.369119e+00    4.80825585366e-06    8.48515738882e-07    9.754182e+01    1.000000e-04   
667   3.374024e+00    4.81175461097e-06    8.49133166642e-07    9.761279e+01    1.000000e-04   
668   3.378929e+00    4.81525082609e-06    8.49750145781e-07    9.768372e+01    1.000000e-04   
669   3.383834e+00    4.81874450455e-06    8.50366677274e-07    9.775459e+01    1.000000e-04   
670   3.388739e+00    4.82223565186e-06    8.50982762093e-07    9.782542e+01    1.000000e-04   
671   3.393644e+00    4.82572427352e-06    8.51598401209e-07    9.789619e+01    1.000000e-04   
672   3.398549e+00    4.829210375e-06      8.52213595588e-07    9.796691e+01    1.000000e-04   
673   3.403453e+00    4.83269396175e-06    8.52828346191e-07    9.803758e+01    1.000000e-04   
674   3.408358e+00    4.83617503921e-06    8.53442653979e-07    9.810819e+01    1.000000e-04   
675   3.413263e+00    4.8396536128e-06     8.54056519905e-07    9.817876e+01    1.000000e-04   
676   3.418168e+00    4.8431296879e-06     8.54669944923e-07    9.824928e+01    1.000000e-04   
677   3.423073e+00    4.8466032699e-06     8.55282929982e-07    9.831975e+01    1.000000e-04   
678   3.427978e+00    4.85007436414e-06    8.55895476025e-07    9.839016e+01    1.000000e-04   
679   3.432883e+00    4.85354297598e-06    8.56507583996e-07    9.846053e+01    1.000000e-04   
680   3.437788e+00    4.85700911072e-06    8.57119254833e-07    9.853084e+01    1.000000e-04   
681   3.442693e+00    4.86047277367e-06    8.57730489471e-07    9.860111e+01    1.000000e-04   
682   3.447598e+00    4.8639339701e-06     8.58341288842e-07    9.867132e+01    1.000000e-04   
683   3.452503e+00    4.86739270529e-06    8.58951653874e-07    9.874149e+01    1.000000e-04   
684   3.457407e+00    4.87084898446e-06    8.59561585493e-07    9.881160e+01    1.000000e-04   
685   3.462312e+00    4.87430281285e-06    8.60171084621e-07    9.888167e+01    1.000000e-04   
686   3.467217e+00    4.87775419567e-06    8.60780152177e-07    9.895168e+01    1.000000e-04   
687   3.472122e+00    4.88120313809e-06    8.61388789075e-07    9.902165e+01    1.000000e-04   
688   3.477027e+00    4.88464964529e-06    8.61996996228e-07    9.909157e+01    1.000000e-04   
689   3.481932e+00    4.88809372243e-06    8.62604774546e-07    9.916143e+01    1.000000e-04   
690   3.486837e+00    4.89153537462e-06    8.63212124933e-07    9.923125e+01    1.000000e-04   
691   3.491742e+00    4.89497460699e-06    8.63819048293e-07    9.930102e+01    1.000000e-04   
692   3.496647e+00    4.89841142464e-06    8.64425545525e-07    9.937074e+01    1.000000e-04   
693   3.501552e+00    4.90184583265e-06    8.65031617526e-07    9.944041e+01    1.000000e-04   
694   3.506456e+00    4.90527783606e-06    8.65637265188e-07    9.951004e+01    1.000000e-04   
695   3.511361e+00    4.90870743994e-06    8.66242489401e-07    9.957961e+01    1.000000e-04   
696   3.516266e+00    4.9121346493e-06     8.66847291054e-07    9.964914e+01    1.000000e-04   
697   3.521171e+00    4.91555946916e-06    8.67451671028e-07    9.971861e+01    1.000000e-04   
698   3.526076e+00    4.9189819045e-06     8.68055630206e-07    9.978804e+01    1.000000e-04   
699   3.530981e+00    4.9224019603e-06     8.68659169464e-07    9.985742e+01    1.000000e-04   
700   3.535886e+00    4.92581964151e-06    8.69262289679e-07    9.992675e+01    1.000000e-04   
701   3.540791e+00    4.92923495308e-06    8.6986499172e-07     9.999604e+01    1.000000e-04   
702   3.545696e+00    4.93264789992e-06    8.70467276457e-07    1.000653e+02    1.000000e-04   
703   3.550601e+00    4.93605848695e-06    8.71069144755e-07    1.001345e+02    1.000000e-04   
704   3.555506e+00    4.93946671904e-06    8.71670597478e-07    1.002036e+02    1.000000e-04   
705   3.560410e+00    4.94287260108e-06    8.72271635484e-07    1.002727e+02    1.000000e-04   
706   3.565315e+00    4.94627613791e-06    8.72872259631e-07    1.003417e+02    1.000000e-04   
707   3.570220e+00    4.94967733437e-06    8.73472470771e-07    1.004107e+02    1.000000e-04   
708   3.575125e+00    4.95307619529e-06    8.74072269757e-07    1.004797e+02    1.000000e-04   
709   3.580030e+00    4.95647272547e-06    8.74671657435e-07    1.005486e+02    1.000000e-04   
710   3.584935e+00    4.95986692969e-06    8.75270634651e-07    1.006174e+02    1.000000e-04   
711   3.589840e+00    4.96325881274e-06    8.75869202247e-07    1.006863e+02    1.000000e-04   
712   3.594745e+00    4.96664837935e-06    8.76467361063e-07    1.007550e+02    1.000000e-04   
713   3.599650e+00    4.97003563429e-06    8.77065111933e-07    1.008237e+02    1.000000e-04   
714   3.604555e+00    4.97342058226e-06    8.77662455693e-07    1.008924e+02    1.000000e-04   
715   3.609459e+00    4.97680322798e-06    8.78259393173e-07    1.009610e+02    1.000000e-04   
716   3.614364e+00    4.98018357613e-06    8.788559252e-07      1.010296e+02    1.000000e-04   
717   3.619269e+00    4.9835616314e-06     8.79452052599e-07    1.010981e+02    1.000000e-04   
718   3.624174e+00    4.98693739843e-06    8.80047776194e-07    1.011666e+02    1.000000e-04   
719   3.629079e+00    4.99031088188e-06    8.80643096803e-07    1.012350e+02    1.000000e-04   
720   3.633984e+00    4.99368208637e-06    8.81238015243e-07    1.013034e+02    1.000000e-04   
721   3.638889e+00    4.99705101652e-06    8.81832532328e-07    1.013718e+02    1.000000e-04   
722   3.643794e+00    5.00041767692e-06    8.82426648869e-07    1.014401e+02    1.000000e-04   
723   3.648699e+00    5.00378207216e-06    8.83020365675e-07    1.015083e+02    1.000000e-04   
724   3.653604e+00    5.00714420679e-06    8.83613683551e-07    1.015765e+02    1.000000e-04   
725   3.658509e+00    5.01050408537e-06    8.84206603301e-07    1.016447e+02    1.000000e-04   
726   3.663413e+00    5.01386171244e-06    8.84799125725e-07    1.017128e+02    1.000000e-04   
727   3.668318e+00    5.01721709252e-06    8.85391251621e-07    1.017809e+02    1.000000e-04   
728   3.673223e+00    5.0205702301e-06     8.85982981783e-07    1.018489e+02    1.000000e-04   
729   3.678128e+00    5.02392112969e-06    8.86574317004e-07    1.019169e+02    1.000000e-04   
730   3.683033e+00    5.02726979576e-06    8.87165258075e-07    1.019848e+02    1.000000e-04   
731   3.687938e+00    5.03061623276e-06    8.87755805781e-07    1.020527e+02    1.000000e-04   
732   3.692843e+00    5.03396044514e-06    8.88345960907e-07    1.021205e+02    1.000000e-04   
733   3.697748e+00    5.03730243733e-06    8.88935724236e-07    1.021883e+02    1.000000e-04   
734   3.702653e+00    5.04064221376e-06    8.89525096546e-07    1.022561e+02    1.000000e-04   
735   3.707558e+00    5.04397977881e-06    8.90114078614e-07    1.023238e+02    1.000000e-04   
736   3.712462e+00    5.04731513689e-06    8.90702671215e-07    1.023915e+02    1.000000e-04   
737   3.717367e+00    5.05064829235e-06    8.9129087512e-07     1.024591e+02    1.000000e-04   
738   3.722272e+00    5.05397924956e-06    8.91878691098e-07    1.025266e+02    1.000000e-04   
739   3.727177e+00    5.05730801286e-06    8.92466119916e-07    1.025942e+02    1.000000e-04   
740   3.732082e+00    5.06063458658e-06    8.93053162337e-07    1.026617e+02    1.000000e-04   
741   3.736987e+00    5.06395897503e-06    8.93639819123e-07    1.027291e+02    1.000000e-04   
742   3.741892e+00    5.06728118252e-06    8.94226091034e-07    1.027965e+02    1.000000e-04   
743   3.746797e+00    5.07060121334e-06    8.94811978825e-07    1.028638e+02    1.000000e-04   
744   3.751702e+00    5.07391907175e-06    8.9539748325e-07     1.029311e+02    1.000000e-04   
745   3.756607e+00    5.07723476202e-06    8.95982605062e-07    1.029984e+02    1.000000e-04   
746   3.761512e+00    5.08054828838e-06    8.96567345009e-07    1.030656e+02    1.000000e-04   
747   3.766416e+00    5.08385965508e-06    8.97151703837e-07    1.031328e+02    1.000000e-04   
748   3.771321e+00    5.08716886632e-06    8.97735682292e-07    1.031999e+02    1.000000e-04   
749   3.776226e+00    5.09047592632e-06    8.98319281115e-07    1.032670e+02    1.000000e-04   
750   3.781131e+00    5.09378083926e-06    8.98902501046e-07    1.033341e+02    1.000000e-04   
751   3.786036e+00    5.09708360931e-06    8.9948534282e-07     1.034011e+02    1.000000e-04   
752   3.790941e+00    5.10038424065e-06    9.00067807174e-07    1.034680e+02    1.000000e-04   
753   3.795846e+00    5.10368273742e-06    9.00649894839e-07    1.035349e+02    1.000000e-04   
754   3.800751e+00    5.10697910376e-06    9.01231606545e-07    1.036018e+02    1.000000e-04   
755   3.805656e+00    5.11027334378e-06    9.0181294302e-07     1.036686e+02    1.000000e-04   
756   3.810561e+00    5.1135654616e-06     9.02393904989e-07    1.037354e+02    1.000000e-04   
757   3.815465e+00    5.11685546132e-06    9.02974493175e-07    1.038022e+02    1.000000e-04   
758   3.820370e+00    5.12014334702e-06    9.03554708297e-07    1.038689e+02    1.000000e-04   
759   3.825275e+00    5.12342912276e-06    9.04134551076e-07    1.039355e+02    1.000000e-04   
760   3.830180e+00    5.12671279261e-06    9.04714022226e-07    1.040021e+02    1.000000e-04   
761   3.835085e+00    5.12999436061e-06    9.0529312246e-07     1.040687e+02    1.000000e-04   
762   3.839990e+00    5.13327383079e-06    9.05871852492e-07    1.041352e+02    1.000000e-04   
763   3.844895e+00    5.13655120716e-06    9.06450213029e-07    1.042017e+02    1.000000e-04   
764   3.849800e+00    5.13982649374e-06    9.07028204778e-07    1.042682e+02    1.000000e-04   
765   3.854705e+00    5.14309969451e-06    9.07605828443e-07    1.043346e+02    1.000000e-04   
766   3.859610e+00    5.14637081346e-06    9.08183084729e-07    1.044009e+02    1.000000e-04   
767   3.864515e+00    5.14963985455e-06    9.08759974333e-07    1.044672e+02    1.000000e-04   
768   3.869419e+00    5.15290682174e-06    9.09336497955e-07    1.045335e+02    1.000000e-04   
769   3.874324e+00    5.15617171897e-06    9.09912656289e-07    1.045997e+02    1.000000e-04   
770   3.879229e+00    5.15943455017e-06    9.1048845003e-07     1.046659e+02    1.000000e-04   
771   3.884134e+00    5.16269531925e-06    9.11063879868e-07    1.047321e+02    1.000000e-04   
772   3.889039e+00    5.16595403013e-06    9.11638946493e-07    1.047982e+02    1.000000e-04   
773   3.893944e+00    5.16921068668e-06    9.12213650591e-07    1.048643e+02    1.000000e-04   
774   3.898849e+00    5.17246529281e-06    9.12787992848e-07    1.049303e+02    1.000000e-04   
775   3.903754e+00    5.17571785236e-06    9.13361973946e-07    1.049963e+02    1.000000e-04   
776   3.908659e+00    5.1789683692e-06     9.13935594565e-07    1.050622e+02    1.000000e-04   
777   3.913564e+00    5.18221684718e-06    9.14508855384e-07    1.051281e+02    1.000000e-04   
778   3.918468e+00    5.18546329011e-06    9.15081757079e-07    1.051940e+02    1.000000e-04   
779   3.923373e+00    5.18870770183e-06    9.15654300323e-07    1.052598e+02    1.000000e-04   
780   3.928278e+00    5.19195008614e-06    9.1622648579e-07     1.053256e+02    1.000000e-04   
781   3.933183e+00    5.19519044684e-06    9.16798314149e-07    1.053913e+02    1.000000e-04   
782   3.938088e+00    5.19842878771e-06    9.17369786067e-07    1.054570e+02    1.000000e-04   
783   3.942993e+00    5.20166511253e-06    9.1794090221e-07     1.055226e+02    1.000000e-04   
784   3.947898e+00    5.20489942504e-06    9.18511663243e-07    1.055883e+02    1.000000e-04   
785   3.952803e+00    5.20813172902e-06    9.19082069826e-07    1.056538e+02    1.000000e-04   
786   3.957708e+00    5.21136202818e-06    9.1965212262e-07     1.057194e+02    1.000000e-04   
787   3.962613e+00    5.21459032626e-06    9.2022182228e-07     1.057848e+02    1.000000e-04   
788   3.967518e+00    5.21781662697e-06    9.20791169464e-07    1.058503e+02    1.000000e-04   
789   3.972422e+00    5.22104093401e-06    9.21360164825e-07    1.059157e+02    1.000000e-04   
790   3.977327e+00    5.22426325108e-06    9.21928809013e-07    1.059811e+02    1.000000e-04   
791   3.982232e+00    5.22748358185e-06    9.22497102679e-07    1.060464e+02    1.000000e-04   
792   3.987137e+00    5.23070192999e-06    9.2306504647e-07     1.061117e+02    1.000000e-04   
793   3.992042e+00    5.23391829917e-06    9.2363264103e-07     1.061769e+02    1.000000e-04   
794   3.996947e+00    5.23713269303e-06    9.24199887005e-07    1.062421e+02    1.000000e-04   
795   4.001852e+00    5.24034511519e-06    9.24766785034e-07    1.063073e+02    1.000000e-04   
796   4.006757e+00    5.24355556929e-06    9.25333335758e-07    1.063724e+02    1.000000e-04   
797   4.011662e+00    5.24676405894e-06    9.25899539814e-07    1.064375e+02    1.000000e-04   
798   4.016567e+00    5.24997058774e-06    9.26465397837e-07    1.065026e+02    1.000000e-04   
799   4.021471e+00    5.25317515928e-06    9.27030910462e-07    1.065676e+02    1.000000e-04   
800   4.026376e+00    5.25637777715e-06    9.2759607832e-07     1.066326e+02    1.000000e-04   
801   4.031281e+00    5.2595784449e-06     9.28160902041e-07    1.066975e+02    1.000000e-04   
802   4.036186e+00    5.2627771661e-06     9.28725382252e-07    1.067624e+02    1.000000e-04   
803   4.041091e+00    5.26597394429e-06    9.29289519581e-07    1.068272e+02    1.000000e-04   
804   4.045996e+00    5.26916878301e-06    9.2985331465e-07     1.068920e+02    1.000000e-04   
805   4.050901e+00    5.2723616858e-06     9.30416768082e-07    1.069568e+02    1.000000e-04   
806   4.055806e+00    5.27555265615e-06    9.30979880497e-07    1.070215e+02    1.000000e-04   
807   4.060711e+00    5.27874169758e-06    9.31542652514e-07    1.070862e+02    1.000000e-04   
808   4.065616e+00    5.28192881358e-06    9.32105084749e-07    1.071509e+02    1.000000e-04   
809   4.070521e+00    5.28511400763e-06    9.32667177817e-07    1.072155e+02    1.000000e-04   
810   4.075425e+00    5.28829728321e-06    9.33228932331e-07    1.072801e+02    1.000000e-04   
811   4.080330e+00    5.29147864378e-06    9.33790348902e-07    1.073446e+02    1.000000e-04   
812   4.085235e+00    5.29465809279e-06    9.34351428139e-07    1.074091e+02    1.000000e-04   
813   4.090140e+00    5.29783563368e-06    9.34912170649e-07    1.074736e+02    1.000000e-04   
814   4.095045e+00    5.30101126988e-06    9.35472577038e-07    1.075380e+02    1.000000e-04   
815   4.099950e+00    5.30418500482e-06    9.3603264791e-07     1.076024e+02    1.000000e-04   
816   4.104855e+00    5.30735684191e-06    9.36592383866e-07    1.076667e+02    1.000000e-04   
817   4.109760e+00    5.31052678454e-06    9.37151785507e-07    1.077310e+02    1.000000e-04   
818   4.114665e+00    5.31369483611e-06    9.3771085343e-07     1.077953e+02    1.000000e-04   
819   4.119570e+00    5.31686099999e-06    9.38269588233e-07    1.078595e+02    1.000000e-04   
820   4.124474e+00    5.32002527956e-06    9.38827990511e-07    1.079237e+02    1.000000e-04   
821   4.129379e+00    5.32318767818e-06    9.39386060855e-07    1.079879e+02    1.000000e-04   
822   4.134284e+00    5.32634819919e-06    9.39943799858e-07    1.080520e+02    1.000000e-04   
823   4.139189e+00    5.32950684595e-06    9.40501208109e-07    1.081161e+02    1.000000e-04   
824   4.144094e+00    5.33266362177e-06    9.41058286195e-07    1.081801e+02    1.000000e-04   
825   4.148999e+00    5.33581852998e-06    9.41615034703e-07    1.082441e+02    1.000000e-04   
826   4.153904e+00    5.3389715739e-06     9.42171454217e-07    1.083081e+02    1.000000e-04   
827   4.158809e+00    5.34212275681e-06    9.4272754532e-07     1.083720e+02    1.000000e-04   
828   4.163714e+00    5.34527208202e-06    9.43283308591e-07    1.084359e+02    1.000000e-04   
829   4.168619e+00    5.3484195528e-06     9.43838744611e-07    1.084998e+02    1.000000e-04   
830   4.173524e+00    5.35156517242e-06    9.44393853957e-07    1.085636e+02    1.000000e-04   
831   4.178428e+00    5.35470894416e-06    9.44948637204e-07    1.086273e+02    1.000000e-04   
832   4.183333e+00    5.35785087125e-06    9.45503094927e-07    1.086911e+02    1.000000e-04   
833   4.188238e+00    5.36099095696e-06    9.46057227698e-07    1.087548e+02    1.000000e-04   
834   4.193143e+00    5.36412920449e-06    9.46611036087e-07    1.088184e+02    1.000000e-04   
835   4.198048e+00    5.3672656171e-06     9.47164520664e-07    1.088821e+02    1.000000e-04   
836   4.202953e+00    5.37040019798e-06    9.47717681996e-07    1.089457e+02    1.000000e-04   
837   4.207858e+00    5.37353295034e-06    9.48270520648e-07    1.090092e+02    1.000000e-04   
838   4.212763e+00    5.37666387738e-06    9.48823037185e-07    1.090727e+02    1.000000e-04   
839   4.217668e+00    5.37979298229e-06    9.49375232169e-07    1.091362e+02    1.000000e-04   
840   4.222573e+00    5.38292026824e-06    9.4992710616e-07     1.091996e+02    1.000000e-04   
841   4.227477e+00    5.3860457384e-06     9.50478659718e-07    1.092630e+02    1.000000e-04   
842   4.232382e+00    5.38916939594e-06    9.51029893401e-07    1.093264e+02    1.000000e-04   
843   4.237287e+00    5.392291244e-06      9.51580807764e-07    1.093897e+02    1.000000e-04   
844   4.242192e+00    5.39541128572e-06    9.52131403362e-07    1.094530e+02    1.000000e-04   
845   4.247097e+00    5.39852952423e-06    9.52681680747e-07    1.095163e+02    1.000000e-04   
846   4.252002e+00    5.40164596266e-06    9.5323164047e-07     1.095795e+02    1.000000e-04   
847   4.256907e+00    5.40476060413e-06    9.53781283081e-07    1.096427e+02    1.000000e-04   
848   4.261812e+00    5.40787345172e-06    9.54330609128e-07    1.097059e+02    1.000000e-04   
849   4.266717e+00    5.41098450855e-06    9.54879619157e-07    1.097690e+02    1.000000e-04   
850   4.271622e+00    5.4140937777e-06     9.55428313712e-07    1.098320e+02    1.000000e-04   
851   4.276527e+00    5.41720126225e-06    9.55976693338e-07    1.098951e+02    1.000000e-04   
852   4.281431e+00    5.42030696526e-06    9.56524758576e-07    1.099581e+02    1.000000e-04   
853   4.286336e+00    5.4234108898e-06     9.57072509965e-07    1.100210e+02    1.000000e-04   
854   4.291241e+00    5.42651303892e-06    9.57619948045e-07    1.100840e+02    1.000000e-04   
855   4.296146e+00    5.42961341566e-06    9.58167073352e-07    1.101469e+02    1.000000e-04   
856   4.301051e+00    5.43271202306e-06    9.58713886422e-07    1.102097e+02    1.000000e-04   
857   4.305956e+00    5.43580886414e-06    9.59260387789e-07    1.102726e+02    1.000000e-04   
858   4.310861e+00    5.43890394192e-06    9.59806577985e-07    1.103353e+02    1.000000e-04   
859   4.315766e+00    5.4419972594e-06     9.60352457542e-07    1.103981e+02    1.000000e-04   
860   4.320671e+00    5.4450888196e-06     9.60898026988e-07    1.104608e+02    1.000000e-04   
861   4.325576e+00    5.44817862549e-06    9.61443286851e-07    1.105235e+02    1.000000e-04   
862   4.330480e+00    5.45126668007e-06    9.61988237659e-07    1.105861e+02    1.000000e-04   
863   4.335385e+00    5.4543529863e-06     9.62532879935e-07    1.106488e+02    1.000000e-04   
864   4.340290e+00    5.45743754716e-06    9.63077214204e-07    1.107113e+02    1.000000e-04   
865   4.345195e+00    5.4605203656e-06     9.63621240987e-07    1.107739e+02    1.000000e-04   
866   4.350100e+00    5.46360144456e-06    9.64164960805e-07    1.108364e+02    1.000000e-04   
867   4.355005e+00    5.466680787e-06      9.64708374177e-07    1.108988e+02    1.000000e-04   
868   4.359910e+00    5.46975839585e-06    9.6525148162e-07     1.109613e+02    1.000000e-04   
869   4.364815e+00    5.47283427402e-06    9.65794283651e-07    1.110237e+02    1.000000e-04   
870   4.369720e+00    5.47590842444e-06    9.66336780783e-07    1.110860e+02    1.000000e-04   
871   4.374625e+00    5.47898085001e-06    9.66878973532e-07    1.111484e+02    1.000000e-04   
872   4.379530e+00    5.48205155364e-06    9.67420862407e-07    1.112107e+02    1.000000e-04   
873   4.384434e+00    5.48512053821e-06    9.6796244792e-07     1.112729e+02    1.000000e-04   
874   4.389339e+00    5.48818780661e-06    9.68503730579e-07    1.113351e+02    1.000000e-04   
875   4.394244e+00    5.49125336172e-06    9.69044710892e-07    1.113973e+02    1.000000e-04   
876   4.399149e+00    5.4943172064e-06     9.69585389365e-07    1.114595e+02    1.000000e-04   
877   4.404054e+00    5.49737934352e-06    9.70125766503e-07    1.115216e+02    1.000000e-04   
878   4.408959e+00    5.50043977592e-06    9.70665842809e-07    1.115837e+02    1.000000e-04   
879   4.413864e+00    5.50349850644e-06    9.71205618784e-07    1.116457e+02    1.000000e-04   
880   4.418769e+00    5.50655553794e-06    9.7174509493e-07     1.117077e+02    1.000000e-04   
881   4.423674e+00    5.50961087322e-06    9.72284271745e-07    1.117697e+02    1.000000e-04   
882   4.428579e+00    5.51266451512e-06    9.72823149728e-07    1.118317e+02    1.000000e-04   
883   4.433483e+00    5.51571646645e-06    9.73361729373e-07    1.118936e+02    1.000000e-04   
884   4.438388e+00    5.51876673e-06       9.73900011177e-07    1.119555e+02    1.000000e-04   
885   4.443293e+00    5.52181530859e-06    9.74437995633e-07    1.120173e+02    1.000000e-04   
886   4.448198e+00    5.52486220499e-06    9.74975683233e-07    1.120791e+02    1.000000e-04   
887   4.453103e+00    5.52790742199e-06    9.75513074468e-07    1.121409e+02    1.000000e-04   
888   4.458008e+00    5.53095096236e-06    9.76050169828e-07    1.122026e+02    1.000000e-04   
889   4.462913e+00    5.53399282887e-06    9.765869698e-07      1.122643e+02    1.000000e-04   
890   4.467818e+00    5.53703302428e-06    9.77123474872e-07    1.123260e+02    1.000000e-04   
891   4.472723e+00    5.54007155133e-06    9.77659685529e-07    1.123877e+02    1.000000e-04   
892   4.477628e+00    5.54310841278e-06    9.78195602255e-07    1.124493e+02    1.000000e-04   
893   4.482533e+00    5.54614361136e-06    9.78731225533e-07    1.125108e+02    1.000000e-04   
894   4.487437e+00    5.54917714979e-06    9.79266555845e-07    1.125724e+02    1.000000e-04   
895   4.492342e+00    5.5522090308e-06     9.79801593671e-07    1.126339e+02    1.000000e-04   
896   4.497247e+00    5.5552392571e-06     9.80336339489e-07    1.126954e+02    1.000000e-04   
897   4.502152e+00    5.5582678314e-06     9.80870793777e-07    1.127568e+02    1.000000e-04   
898   4.507057e+00    5.5612947564e-06     9.81404957012e-07    1.128182e+02    1.000000e-04   
899   4.511962e+00    5.56432003478e-06    9.81938829668e-07    1.128796e+02    1.000000e-04   
900   4.516867e+00    5.56734366924e-06    9.82472412219e-07    1.129409e+02    1.000000e-04   
901   4.521772e+00    5.57036566245e-06    9.83005705138e-07    1.130022e+02    1.000000e-04   
902   4.526677e+00    5.57338601708e-06    9.83538708896e-07    1.130635e+02    1.000000e-04   
903   4.531582e+00    5.57640473579e-06    9.84071423963e-07    1.131247e+02    1.000000e-04   
904   4.536486e+00    5.57942182124e-06    9.84603850806e-07    1.131859e+02    1.000000e-04   
905   4.541391e+00    5.58243727607e-06    9.85135989894e-07    1.132471e+02    1.000000e-04   
906   4.546296e+00    5.58545110293e-06    9.85667841693e-07    1.133082e+02    1.000000e-04   
907   4.551201e+00    5.58846330445e-06    9.86199406667e-07    1.133694e+02    1.000000e-04   
908   4.556106e+00    5.59147388325e-06    9.8673068528e-07     1.134304e+02    1.000000e-04   
909   4.561011e+00    5.59448284197e-06    9.87261677994e-07    1.134915e+02    1.000000e-04   
910   4.565916e+00    5.5974901832e-06     9.8779238527e-07     1.135525e+02    1.000000e-04   
911   4.570821e+00    5.60049590956e-06    9.88322807569e-07    1.136135e+02    1.000000e-04   
912   4.575726e+00    5.60350002364e-06    9.88852945348e-07    1.136744e+02    1.000000e-04   
913   4.580631e+00    5.60650252803e-06    9.89382799065e-07    1.137353e+02    1.000000e-04   
914   4.585536e+00    5.60950342533e-06    9.89912369176e-07    1.137962e+02    1.000000e-04   
915   4.590440e+00    5.61250271811e-06    9.90441656137e-07    1.138570e+02    1.000000e-04   
916   4.595345e+00    5.61550040893e-06    9.909706604e-07      1.139178e+02    1.000000e-04   
917   4.600250e+00    5.61849650037e-06    9.91499382418e-07    1.139786e+02    1.000000e-04   
918   4.605155e+00    5.62149099498e-06    9.92027822643e-07    1.140394e+02    1.000000e-04   
919   4.610060e+00    5.62448389531e-06    9.92555981525e-07    1.141001e+02    1.000000e-04   
920   4.614965e+00    5.6274752039e-06     9.93083859512e-07    1.141608e+02    1.000000e-04   
921   4.619870e+00    5.6304649233e-06     9.93611457053e-07    1.142214e+02    1.000000e-04   
922   4.624775e+00    5.63345305603e-06    9.94138774593e-07    1.142820e+02    1.000000e-04   
923   4.629680e+00    5.63643960461e-06    9.94665812578e-07    1.143426e+02    1.000000e-04   
924   4.634585e+00    5.63942457156e-06    9.95192571452e-07    1.144032e+02    1.000000e-04   
925   4.639489e+00    5.6424079594e-06     9.95719051659e-07    1.144637e+02    1.000000e-04   
926   4.644394e+00    5.64538977062e-06    9.96245253639e-07    1.145242e+02    1.000000e-04   
927   4.649299e+00    5.64837000773e-06    9.96771177835e-07    1.145846e+02    1.000000e-04   
928   4.654204e+00    5.65134867321e-06    9.97296824684e-07    1.146451e+02    1.000000e-04   
929   4.659109e+00    5.65432576954e-06    9.97822194625e-07    1.147055e+02    1.000000e-04   
930   4.664014e+00    5.65730129921e-06    9.98347288096e-07    1.147658e+02    1.000000e-04   
931   4.668919e+00    5.66027526469e-06    9.98872105533e-07    1.148262e+02    1.000000e-04   
932   4.673824e+00    5.66324766843e-06    9.9939664737e-07     1.148865e+02    1.000000e-04   
933   4.678729e+00    5.6662185129e-06     9.99920914041e-07    1.149467e+02    1.000000e-04   
934   4.683634e+00    5.66918780055e-06    1.00044490598e-06    1.150070e+02    1.000000e-04   
935   4.688539e+00    5.67215553382e-06    1.00096862362e-06    1.150672e+02    1.000000e-04   
936   4.693443e+00    5.67512171515e-06    1.00149206738e-06    1.151273e+02    1.000000e-04   
937   4.698348e+00    5.67808634698e-06    1.0020152377e-06     1.151875e+02    1.000000e-04   
938   4.703253e+00    5.68104943173e-06    1.00253813501e-06    1.152476e+02    1.000000e-04   
939   4.708158e+00    5.68401097181e-06    1.00306075973e-06    1.153077e+02    1.000000e-04   
940   4.713063e+00    5.68697096965e-06    1.00358311229e-06    1.153677e+02    1.000000e-04   
941   4.717968e+00    5.68992942764e-06    1.00410519311e-06    1.154277e+02    1.000000e-04   
942   4.722873e+00    5.6928863482e-06     1.00462700262e-06    1.154877e+02    1.000000e-04   
943   4.727778e+00    5.69584173371e-06    1.00514854124e-06    1.155477e+02    1.000000e-04   
944   4.732683e+00    5.69879558656e-06    1.00566980939e-06    1.156076e+02    1.000000e-04   
945   4.737588e+00    5.70174790914e-06    1.0061908075e-06     1.156675e+02    1.000000e-04   
946   4.742492e+00    5.70469870382e-06    1.00671153597e-06    1.157273e+02    1.000000e-04   
947   4.747397e+00    5.70764797296e-06    1.00723199523e-06    1.157872e+02    1.000000e-04   
948   4.752302e+00    5.71059571895e-06    1.0077521857e-06     1.158470e+02    1.000000e-04   
949   4.757207e+00    5.71354194412e-06    1.00827210779e-06    1.159067e+02    1.000000e-04   
950   4.762112e+00    5.71648665083e-06    1.00879176191e-06    1.159665e+02    1.000000e-04   
951   4.767017e+00    5.71942984144e-06    1.00931114849e-06    1.160262e+02    1.000000e-04   
952   4.771922e+00    5.72237151827e-06    1.00983026793e-06    1.160859e+02    1.000000e-04   
953   4.776827e+00    5.72531168366e-06    1.01034912065e-06    1.161455e+02    1.000000e-04   
954   4.781732e+00    5.72825033993e-06    1.01086770705e-06    1.162051e+02    1.000000e-04   
955   4.786637e+00    5.73118748942e-06    1.01138602755e-06    1.162647e+02    1.000000e-04   
956   4.791542e+00    5.73412313444e-06    1.01190408255e-06    1.163243e+02    1.000000e-04   
957   4.796446e+00    5.73705727728e-06    1.01242187246e-06    1.163838e+02    1.000000e-04   
958   4.801351e+00    5.73998992027e-06    1.01293939769e-06    1.164433e+02    1.000000e-04   
959   4.806256e+00    5.74292106569e-06    1.01345665865e-06    1.165027e+02    1.000000e-04   
960   4.811161e+00    5.74585071584e-06    1.01397365574e-06    1.165622e+02    1.000000e-04   
961   4.816066e+00    5.748778873e-06      1.01449038935e-06    1.166216e+02    1.000000e-04   
962   4.820971e+00    5.75170553945e-06    1.0150068599e-06     1.166809e+02    1.000000e-04   
963   4.825876e+00    5.75463071748e-06    1.01552306779e-06    1.167403e+02    1.000000e-04   
964   4.830781e+00    5.75755440934e-06    1.01603901341e-06    1.167996e+02    1.000000e-04   
965   4.835686e+00    5.7604766173e-06     1.01655469717e-06    1.168589e+02    1.000000e-04   
966   4.840591e+00    5.76339734362e-06    1.01707011946e-06    1.169181e+02    1.000000e-04   
967   4.845495e+00    5.76631659054e-06    1.01758528068e-06    1.169773e+02    1.000000e-04   
968   4.850400e+00    5.76923436032e-06    1.01810018123e-06    1.170365e+02    1.000000e-04   
969   4.855305e+00    5.7721506552e-06     1.01861482151e-06    1.170957e+02    1.000000e-04   
970   4.860210e+00    5.7750654774e-06     1.01912920189e-06    1.171548e+02    1.000000e-04   
971   4.865115e+00    5.77797882916e-06    1.01964332279e-06    1.172139e+02    1.000000e-04   
972   4.870020e+00    5.7808907127e-06     1.02015718459e-06    1.172730e+02    1.000000e-04   
973   4.874925e+00    5.78380113023e-06    1.02067078769e-06    1.173320e+02    1.000000e-04   
974   4.879830e+00    5.78671008398e-06    1.02118413247e-06    1.173911e+02    1.000000e-04   
975   4.884735e+00    5.78961757614e-06    1.02169721932e-06    1.174500e+02    1.000000e-04   
976   4.889640e+00    5.79252360892e-06    1.02221004863e-06    1.175090e+02    1.000000e-04   
977   4.894545e+00    5.79542818452e-06    1.0227226208e-06     1.175679e+02    1.000000e-04   
978   4.899449e+00    5.79833130511e-06    1.0232349362e-06     1.176268e+02    1.000000e-04   
979   4.904354e+00    5.8012329729e-06     1.02374699522e-06    1.176857e+02    1.000000e-04   
980   4.909259e+00    5.80413319004e-06    1.02425879824e-06    1.177445e+02    1.000000e-04   
981   4.914164e+00    5.80703195873e-06    1.02477034566e-06    1.178033e+02    1.000000e-04   
982   4.919069e+00    5.80992928112e-06    1.02528163785e-06    1.178621e+02    1.000000e-04   
983   4.923974e+00    5.81282515939e-06    1.02579267519e-06    1.179208e+02    1.000000e-04   
984   4.928879e+00    5.81571959568e-06    1.02630345806e-06    1.179795e+02    1.000000e-04   
985   4.933784e+00    5.81861259215e-06    1.02681398685e-06    1.180382e+02    1.000000e-04   
986   4.938689e+00    5.82150415095e-06    1.02732426193e-06    1.180969e+02    1.000000e-04   
987   4.943594e+00    5.82439427421e-06    1.02783428368e-06    1.181555e+02    1.000000e-04   
988   4.948498e+00    5.82728296407e-06    1.02834405248e-06    1.182141e+02    1.000000e-04   
989   4.953403e+00    5.83017022267e-06    1.02885356871e-06    1.182727e+02    1.000000e-04   
990   4.958308e+00    5.83305605213e-06    1.02936283273e-06    1.183312e+02    1.000000e-04   
991   4.963213e+00    5.83594045457e-06    1.02987184492e-06    1.183898e+02    1.000000e-04   
992   4.968118e+00    5.8388234321e-06     1.03038060566e-06    1.184482e+02    1.000000e-04   
993   4.973023e+00    5.84170498683e-06    1.03088911532e-06    1.185067e+02    1.000000e-04   
994   4.977928e+00    5.84458512087e-06    1.03139737427e-06    1.185651e+02    1.000000e-04   
995   4.982833e+00    5.84746383632e-06    1.03190538288e-06    1.186235e+02    1.000000e-04   
996   4.987738e+00    5.85034113527e-06    1.03241314152e-06    1.186819e+02    1.000000e-04   
997   4.992643e+00    5.85321701981e-06    1.03292065055e-06    1.187402e+02    1.000000e-04   
998   4.997548e+00    5.85609149202e-06    1.03342791036e-06    1.187985e+02    1.000000e-04   
999   5.002452e+00    5.85896455399e-06    1.03393492129e-06    1.188568e+02    1.000000e-04   
