0 0 0.102453
0 1 0.107357
0 2 0.112262
0 3 0.117167
0 4 0.122072
0 5 0.126977
0 6 0.131882
0 7 0.136787
0 8 0.141692
0 9 0.146597
0 10 0.151502
0 11 0.156406
0 12 0.161311
0 13 0.166216
0 14 0.171121
0 15 0.176026
0 16 0.180931
0 17 0.185836
0 18 0.190741
0 19 0.195646
0 20 0.200551
0 21 0.205456
0 22 0.21036
0 23 0.215265
0 24 0.22017
0 25 0.225075
0 26 0.22998
0 27 0.234885
0 28 0.23979
0 29 0.244695
0 30 0.2496
0 31 0.254505
0 32 0.259409
0 33 0.264314
0 34 0.269219
0 35 0.274124
0 36 0.279029
0 37 0.283934
0 38 0.288839
0 39 0.293744
0 40 0.298649
0 41 0.303554
0 42 0.308459
0 43 0.313363
0 44 0.318268
0 45 0.323173
0 46 0.328078
0 47 0.332983
0 48 0.337888
0 49 0.342793
0 50 0.347698
0 51 0.352603
0 52 0.357507
0 53 0.362412
0 54 0.367317
0 55 0.372222
0 56 0.377127
0 57 0.382032
0 58 0.386937
0 59 0.391842
0 60 0.396747
0 61 0.401652
0 62 0.406557
0 63 0.411461
0 64 0.416366
0 65 0.421271
0 66 0.426176
0 67 0.431081
0 68 0.435986
0 69 0.440891
0 70 0.445796
0 71 0.450701
0 72 0.455606
0 73 0.46051
0 74 0.465415
0 75 0.47032
0 76 0.475225
0 77 0.48013
0 78 0.485035
0 79 0.48994
0 80 0.494845
0 81 0.49975
0 82 0.504655
0 83 0.50956
0 84 0.514464
0 85 0.519369
0 86 0.524274
0 87 0.529179
0 88 0.534084
0 89 0.538989
0 90 0.543894
0 91 0.548799
0 92 0.553704
0 93 0.558609
0 94 0.563514
0 95 0.568418
0 96 0.573323
0 97 0.578228
0 98 0.583133
0 99 0.588038
0 100 0.592943
0 101 0.597848
0 102 0.602753
0 103 0.607658
0 104 0.612563
0 105 0.617467
0 106 0.622372
0 107 0.627277
0 108 0.632182
0 109 0.637087
0 110 0.641992
0 111 0.646897
0 112 0.651802
0 113 0.656707
0 114 0.661612
0 115 0.666516
0 116 0.671421
0 117 0.676326
0 118 0.681231
0 119 0.686136
0 120 0.691041
0 121 0.695946
0 122 0.700851
0 123 0.705756
0 124 0.710661
0 125 0.715566
0 126 0.720471
0 127 0.725375
0 128 0.73028
0 129 0.735185
0 130 0.74009
0 131 0.744995
0 132 0.7499
0 133 0.754805
0 134 0.75971
0 135 0.764615
0 136 0.76952
0 137 0.774424
0 138 0.779329
0 139 0.784234
0 140 0.789139
0 141 0.794044
0 142 0.798949
0 143 0.803854
0 144 0.808759
0 145 0.813664
0 146 0.818569
0 147 0.823473
0 148 0.828378
0 149 0.833283
0 150 0.838188
0 151 0.843093
0 152 0.847998
0 153 0.852903
0 154 0.857808
0 155 0.862713
0 156 0.867618
0 157 0.872522
0 158 0.877427
0 159 0.882332
0 160 0.887237
0 161 0.892142
0 162 0.897047
0 163 0.901952
0 164 0.906857
0 165 0.911762
0 166 0.916667
0 167 0.921572
0 168 0.926477
0 169 0.931381
0 170 0.936286
0 171 0.941191
0 172 0.946096
0 173 0.951001
0 174 0.955906
0 175 0.960811
0 176 0.965716
0 177 0.970621
0 178 0.975526
0 179 0.98043
0 180 0.985335
0 181 0.99024
0 182 0.995145
0 183 1.00005
0 184 1.00496
0 185 1.00986
0 186 1.01476
0 187 1.01967
0 188 1.02458
0 189 1.02948
0 190 1.03438
0 191 1.03929
0 192 1.04419
0 193 1.0491
0 194 1.054
0 195 1.05891
0 196 1.06381
0 197 1.06872
0 198 1.07362
0 199 1.07853
0 200 1.08343
0 201 1.08834
0 202 1.09324
0 203 1.09815
0 204 1.10305
0 205 1.10796
0 206 1.11286
0 207 1.11777
0 208 1.12267
0 209 1.12758
0 210 1.13248
0 211 1.13739
0 212 1.14229
0 213 1.1472
0 214 1.1521
0 215 1.15701
0 216 1.16191
0 217 1.16682
0 218 1.17172
0 219 1.17663
0 220 1.18153
0 221 1.18644
0 222 1.19134
0 223 1.19625
0 224 1.20115
0 225 1.20606
0 226 1.21096
0 227 1.21587
0 228 1.22077
0 229 1.22568
0 230 1.23058
0 231 1.23548
0 232 1.24039
0 233 1.2453
0 234 1.2502
0 235 1.2551
0 236 1.26001
0 237 1.26492
0 238 1.26982
0 239 1.27473
0 240 1.27963
0 241 1.28453
0 242 1.28944
0 243 1.29434
0 244 1.29925
0 245 1.30415
0 246 1.30906
0 247 1.31396
0 248 1.31887
0 249 1.32377
0 250 1.32868
0 251 1.33358
0 252 1.33849
0 253 1.34339
0 254 1.3483
0 255 1.3532
0 256 1.35811
0 257 1.36301
0 258 1.36792
0 259 1.37282
0 260 1.37773
0 261 1.38263
0 262 1.38754
0 263 1.39244
0 264 1.39735
0 265 1.40225
0 266 1.40716
0 267 1.41206
0 268 1.41697
0 269 1.42187
0 270 1.42678
0 271 1.43168
0 272 1.43659
0 273 1.44149
0 274 1.4464
0 275 1.4513
0 276 1.45621
0 277 1.46111
0 278 1.46602
0 279 1.47092
0 280 1.47583
0 281 1.48073
0 282 1.48564
0 283 1.49054
0 284 1.49544
0 285 1.50035
0 286 1.50526
0 287 1.51016
0 288 1.51507
0 289 1.51997
0 290 1.52487
0 291 1.52978
0 292 1.53469
0 293 1.53959
0 294 1.54449
0 295 1.5494
0 296 1.5543
0 297 1.55921
0 298 1.56411
0 299 1.56902
0 300 1.57392
0 301 1.57883
0 302 1.58373
0 303 1.58864
0 304 1.59354
0 305 1.59845
0 306 1.60335
0 307 1.60826
0 308 1.61316
0 309 1.61807
0 310 1.62297
0 311 1.62788
0 312 1.63278
0 313 1.63769
0 314 1.64259
0 315 1.6475
0 316 1.6524
0 317 1.65731
0 318 1.66221
0 319 1.66712
0 320 1.67202
0 321 1.67693
0 322 1.68183
0 323 1.68674
0 324 1.69164
0 325 1.69655
0 326 1.70145
0 327 1.70636
0 328 1.71126
0 329 1.71617
0 330 1.72107
0 331 1.72598
0 332 1.73088
0 333 1.73579
0 334 1.74069
0 335 1.7456
0 336 1.7505
0 337 1.75541
0 338 1.76031
0 339 1.76521
0 340 1.77012
0 341 1.77503
0 342 1.77993
0 343 1.78483
0 344 1.78974
0 345 1.79465
0 346 1.79955
0 347 1.80445
0 348 1.80936
0 349 1.81426
0 350 1.81917
0 351 1.82407
0 352 1.82898
0 353 1.83388
0 354 1.83879
0 355 1.84369
0 356 1.8486
0 357 1.8535
0 358 1.85841
0 359 1.86331
0 360 1.86822
0 361 1.87312
0 362 1.87803
0 363 1.88293
0 364 1.88784
0 365 1.89274
0 366 1.89765
0 367 1.90255
0 368 1.90746
0 369 1.91236
0 370 1.91727
0 371 1.92217
0 372 1.92708
0 373 1.93198
0 374 1.93689
0 375 1.94179
0 376 1.9467
0 377 1.9516
0 378 1.95651
0 379 1.96141
0 380 1.96632
0 381 1.97122
0 382 1.97613
0 383 1.98103
0 384 1.98594
0 385 1.99084
0 386 1.99575
0 387 2.00065
0 388 2.00556
0 389 2.01046
0 390 2.01537
0 391 2.02027
0 392 2.02517
0 393 2.03008
0 394 2.03498
0 395 2.03989
0 396 2.0448
0 397 2.0497
0 398 2.05461
0 399 2.05951
0 400 2.06441
0 401 2.06932
0 402 2.07422
0 403 2.07913
0 404 2.08403
0 405 2.08894
0 406 2.09384
0 407 2.09875
0 408 2.10365
0 409 2.10856
0 410 2.11346
0 411 2.11837
0 412 2.12327
0 413 2.12818
0 414 2.13308
0 415 2.13799
0 416 2.14289
0 417 2.1478
0 418 2.1527
0 419 2.15761
0 420 2.16251
0 421 2.16742
0 422 2.17232
0 423 2.17723
0 424 2.18213
0 425 2.18704
0 426 2.19194
0 427 2.19685
0 428 2.20175
0 429 2.20666
0 430 2.21156
0 431 2.21647
0 432 2.22137
0 433 2.22628
0 434 2.23118
0 435 2.23609
0 436 2.24099
0 437 2.2459
0 438 2.2508
0 439 2.25571
0 440 2.26061
0 441 2.26552
0 442 2.27042
0 443 2.27533
0 444 2.28023
0 445 2.28513
0 446 2.29004
0 447 2.29494
0 448 2.29985
0 449 2.30476
0 450 2.30966
0 451 2.31456
0 452 2.31947
0 453 2.32437
0 454 2.32928
0 455 2.33418
0 456 2.33909
0 457 2.34399
0 458 2.3489
0 459 2.3538
0 460 2.35871
0 461 2.36361
0 462 2.36852
0 463 2.37342
0 464 2.37833
0 465 2.38323
0 466 2.38814
0 467 2.39304
0 468 2.39795
0 469 2.40285
0 470 2.40776
0 471 2.41266
0 472 2.41757
0 473 2.42247
0 474 2.42738
0 475 2.43228
0 476 2.43719
0 477 2.44209
0 478 2.447
0 479 2.4519
0 480 2.45681
0 481 2.46171
0 482 2.46662
0 483 2.47152
0 484 2.47643
0 485 2.48133
0 486 2.48624
0 487 2.49114
0 488 2.49605
0 489 2.50095
0 490 2.50586
0 491 2.51076
0 492 2.51567
0 493 2.52057
0 494 2.52548
0 495 2.53038
0 496 2.53529
0 497 2.54019
0 498 2.54509
0 499 2.55
0 500 2.55491
0 501 2.55981
0 502 2.56472
0 503 2.56962
0 504 2.57452
0 505 2.57943
0 506 2.58433
0 507 2.58924
0 508 2.59414
0 509 2.59905
0 510 2.60395
0 511 2.60886
0 512 2.61376
0 513 2.61867
0 514 2.62357
0 515 2.62848
0 516 2.63338
0 517 2.63829
0 518 2.64319
0 519 2.6481
0 520 2.653
0 521 2.65791
0 522 2.66281
0 523 2.66772
0 524 2.67262
0 525 2.67753
0 526 2.68243
0 527 2.68734
0 528 2.69224
0 529 2.69715
0 530 2.70205
0 531 2.70696
0 532 2.71186
0 533 2.71677
0 534 2.72167
0 535 2.72658
0 536 2.73148
0 537 2.73639
0 538 2.74129
0 539 2.7462
0 540 2.7511
0 541 2.75601
0 542 2.76091
0 543 2.76582
0 544 2.77072
0 545 2.77563
0 546 2.78053
0 547 2.78544
0 548 2.79034
0 549 2.79524
0 550 2.80015
0 551 2.80505
0 552 2.80996
0 553 2.81487
0 554 2.81977
0 555 2.82468
0 556 2.82958
0 557 2.83448
0 558 2.83939
0 559 2.84429
0 560 2.8492
0 561 2.8541
0 562 2.85901
0 563 2.86391
0 564 2.86882
0 565 2.87372
0 566 2.87863
0 567 2.88353
0 568 2.88844
0 569 2.89334
0 570 2.89825
0 571 2.90315
0 572 2.90806
0 573 2.91296
0 574 2.91787
0 575 2.92277
0 576 2.92768
0 577 2.93258
0 578 2.93749
0 579 2.94239
0 580 2.9473
0 581 2.9522
0 582 2.95711
0 583 2.96201
0 584 2.96692
0 585 2.97182
0 586 2.97673
0 587 2.98163
0 588 2.98654
0 589 2.99144
0 590 2.99635
0 591 3.00125
0 592 3.00616
0 593 3.01106
0 594 3.01597
0 595 3.02087
0 596 3.02578
0 597 3.03068
0 598 3.03559
0 599 3.04049
0 600 3.0454
0 601 3.0503
0 602 3.0552
0 603 3.06011
0 604 3.06501
0 605 3.06992
0 606 3.07483
0 607 3.07973
0 608 3.08464
0 609 3.08954
0 610 3.09444
0 611 3.09935
0 612 3.10425
0 613 3.10916
0 614 3.11406
0 615 3.11897
0 616 3.12387
0 617 3.12878
0 618 3.13368
0 619 3.13859
0 620 3.14349
0 621 3.1484
0 622 3.1533
0 623 3.15821
0 624 3.16311
0 625 3.16802
0 626 3.17292
0 627 3.17783
0 628 3.18273
0 629 3.18764
0 630 3.19254
0 631 3.19745
0 632 3.20235
0 633 3.20726
0 634 3.21216
0 635 3.21707
0 636 3.22197
0 637 3.22688
0 638 3.23178
0 639 3.23669
0 640 3.24159
0 641 3.2465
0 642 3.2514
0 643 3.25631
0 644 3.26121
0 645 3.26612
0 646 3.27102
0 647 3.27593
0 648 3.28083
0 649 3.28574
0 650 3.29064
0 651 3.29555
0 652 3.30045
0 653 3.30536
0 654 3.31026
0 655 3.31516
0 656 3.32007
0 657 3.32497
0 658 3.32988
0 659 3.33479
0 660 3.33969
0 661 3.34459
0 662 3.3495
0 663 3.3544
0 664 3.35931
0 665 3.36421
0 666 3.36912
0 667 3.37402
0 668 3.37893
0 669 3.38383
0 670 3.38874
0 671 3.39364
0 672 3.39855
0 673 3.40345
0 674 3.40836
0 675 3.41326
0 676 3.41817
0 677 3.42307
0 678 3.42798
0 679 3.43288
0 680 3.43779
0 681 3.44269
0 682 3.4476
0 683 3.4525
0 684 3.45741
0 685 3.46231
0 686 3.46722
0 687 3.47212
0 688 3.47703
0 689 3.48193
0 690 3.48684
0 691 3.49174
0 692 3.49665
0 693 3.50155
0 694 3.50646
0 695 3.51136
0 696 3.51627
0 697 3.52117
0 698 3.52608
0 699 3.53098
0 700 3.53589
0 701 3.54079
0 702 3.5457
0 703 3.5506
0 704 3.55551
0 705 3.56041
0 706 3.56532
0 707 3.57022
0 708 3.57512
0 709 3.58003
0 710 3.58494
0 711 3.58984
0 712 3.59475
0 713 3.59965
0 714 3.60455
0 715 3.60946
0 716 3.61436
0 717 3.61927
0 718 3.62417
0 719 3.62908
0 720 3.63398
0 721 3.63889
0 722 3.64379
0 723 3.6487
0 724 3.6536
0 725 3.65851
0 726 3.66341
0 727 3.66832
0 728 3.67322
0 729 3.67813
0 730 3.68303
0 731 3.68794
0 732 3.69284
0 733 3.69775
0 734 3.70265
0 735 3.70756
0 736 3.71246
0 737 3.71737
0 738 3.72227
0 739 3.72718
0 740 3.73208
0 741 3.73699
0 742 3.74189
0 743 3.7468
0 744 3.7517
0 745 3.75661
0 746 3.76151
0 747 3.76642
0 748 3.77132
0 749 3.77623
0 750 3.78113
0 751 3.78604
0 752 3.79094
0 753 3.79585
0 754 3.80075
0 755 3.80566
0 756 3.81056
0 757 3.81547
0 758 3.82037
0 759 3.82527
0 760 3.83018
0 761 3.83508
0 762 3.83999
0 763 3.8449
0 764 3.8498
0 765 3.85471
0 766 3.85961
0 767 3.86451
0 768 3.86942
0 769 3.87432
0 770 3.87923
0 771 3.88413
0 772 3.88904
0 773 3.89394
0 774 3.89885
0 775 3.90375
0 776 3.90866
0 777 3.91356
0 778 3.91847
0 779 3.92337
0 780 3.92828
0 781 3.93318
0 782 3.93809
0 783 3.94299
0 784 3.9479
0 785 3.9528
0 786 3.95771
0 787 3.96261
0 788 3.96752
0 789 3.97242
0 790 3.97733
0 791 3.98223
0 792 3.98714
0 793 3.99204
0 794 3.99695
0 795 4.00185
0 796 4.00676
0 797 4.01166
0 798 4.01657
0 799 4.02147
0 800 4.02638
0 801 4.03128
0 802 4.03619
0 803 4.04109
0 804 4.046
0 805 4.0509
0 806 4.05581
0 807 4.06071
0 808 4.06562
0 809 4.07052
0 810 4.07543
0 811 4.08033
0 812 4.08523
0 813 4.09014
0 814 4.09504
0 815 4.09995
0 816 4.10485
0 817 4.10976
0 818 4.11466
0 819 4.11957
0 820 4.12447
0 821 4.12938
0 822 4.13428
0 823 4.13919
0 824 4.14409
0 825 4.149
0 826 4.1539
0 827 4.15881
0 828 4.16371
0 829 4.16862
0 830 4.17352
0 831 4.17843
0 832 4.18333
0 833 4.18824
0 834 4.19314
0 835 4.19805
0 836 4.20295
0 837 4.20786
0 838 4.21276
0 839 4.21767
0 840 4.22257
0 841 4.22748
0 842 4.23238
0 843 4.23729
0 844 4.24219
0 845 4.2471
0 846 4.252
0 847 4.25691
0 848 4.26181
0 849 4.26672
0 850 4.27162
0 851 4.27653
0 852 4.28143
0 853 4.28634
0 854 4.29124
0 855 4.29615
0 856 4.30105
0 857 4.30596
0 858 4.31086
0 859 4.31577
0 860 4.32067
0 861 4.32558
0 862 4.33048
0 863 4.33538
0 864 4.34029
0 865 4.3452
0 866 4.3501
0 867 4.35501
0 868 4.35991
0 869 4.36482
0 870 4.36972
0 871 4.37462
0 872 4.37953
0 873 4.38443
0 874 4.38934
0 875 4.39424
0 876 4.39915
0 877 4.40405
0 878 4.40896
0 879 4.41386
0 880 4.41877
0 881 4.42367
0 882 4.42858
0 883 4.43348
0 884 4.43839
0 885 4.44329
0 886 4.4482
0 887 4.4531
0 888 4.45801
0 889 4.46291
0 890 4.46782
0 891 4.47272
0 892 4.47763
0 893 4.48253
0 894 4.48744
0 895 4.49234
0 896 4.49725
0 897 4.50215
0 898 4.50706
0 899 4.51196
0 900 4.51687
0 901 4.52177
0 902 4.52668
0 903 4.53158
0 904 4.53649
0 905 4.54139
0 906 4.5463
0 907 4.5512
0 908 4.55611
0 909 4.56101
0 910 4.56592
0 911 4.57082
0 912 4.57573
0 913 4.58063
0 914 4.58554
0 915 4.59044
0 916 4.59535
0 917 4.60025
0 918 4.60515
0 919 4.61006
0 920 4.61496
0 921 4.61987
0 922 4.62477
0 923 4.62968
0 924 4.63459
0 925 4.63949
0 926 4.64439
0 927 4.6493
0 928 4.6542
0 929 4.65911
0 930 4.66401
0 931 4.66892
0 932 4.67382
0 933 4.67873
0 934 4.68363
0 935 4.68854
0 936 4.69344
0 937 4.69835
0 938 4.70325
0 939 4.70816
0 940 4.71306
0 941 4.71797
0 942 4.72287
0 943 4.72778
0 944 4.73268
0 945 4.73759
0 946 4.74249
0 947 4.7474
0 948 4.7523
0 949 4.75721
0 950 4.76211
0 951 4.76702
0 952 4.77192
0 953 4.77683
0 954 4.78173
0 955 4.78664
0 956 4.79154
0 957 4.79645
0 958 4.80135
0 959 4.80626
0 960 4.81116
0 961 4.81607
0 962 4.82097
0 963 4.82588
0 964 4.83078
0 965 4.83569
0 966 4.84059
0 967 4.84549
0 968 4.8504
0 969 4.85531
0 970 4.86021
0 971 4.86512
0 972 4.87002
0 973 4.87493
0 974 4.87983
0 975 4.88474
0 976 4.88964
0 977 4.89454
0 978 4.89945
0 979 4.90435
0 980 4.90926
0 981 4.91416
0 982 4.91907
0 983 4.92397
0 984 4.92888
0 985 4.93378
0 986 4.93869
0 987 4.94359
0 988 4.9485
0 989 4.9534
0 990 4.95831
0 991 4.96321
0 992 4.96812
0 993 4.97302
0 994 4.97793
0 995 4.98283
0 996 4.98774
0 997 4.99264
0 998 4.99755
0 999 5.00245
1 0 0.102453
1 1 0.107357
1 2 0.112262
1 3 0.117167
1 4 0.122072
1 5 0.126977
1 6 0.131882
1 7 0.136787
1 8 0.141692
1 9 0.146597
1 10 0.151502
1 11 0.156406
1 12 0.161311
1 13 0.166216
1 14 0.171121
1 15 0.176026
1 16 0.180931
1 17 0.185836
1 18 0.190741
1 19 0.195646
1 20 0.200551
1 21 0.205456
1 22 0.21036
1 23 0.215265
1 24 0.22017
1 25 0.225075
1 26 0.22998
1 27 0.234885
1 28 0.23979
1 29 0.244695
1 30 0.2496
1 31 0.254505
1 32 0.259409
1 33 0.264314
1 34 0.269219
1 35 0.274124
1 36 0.279029
1 37 0.283934
1 38 0.288839
1 39 0.293744
1 40 0.298649
1 41 0.303554
1 42 0.308459
1 43 0.313363
1 44 0.318268
1 45 0.323173
1 46 0.328078
1 47 0.332983
1 48 0.337888
1 49 0.342793
1 50 0.347698
1 51 0.352603
1 52 0.357507
1 53 0.362412
1 54 0.367317
1 55 0.372222
1 56 0.377127
1 57 0.382032
1 58 0.386937
1 59 0.391842
1 60 0.396747
1 61 0.401652
1 62 0.406557
1 63 0.411461
1 64 0.416366
1 65 0.421271
1 66 0.426176
1 67 0.431081
1 68 0.435986
1 69 0.440891
1 70 0.445796
1 71 0.450701
1 72 0.455606
1 73 0.46051
1 74 0.465415
1 75 0.47032
1 76 0.475225
1 77 0.48013
1 78 0.485035
1 79 0.48994
1 80 0.494845
1 81 0.49975
1 82 0.504655
1 83 0.50956
1 84 0.514464
1 85 0.519369
1 86 0.524274
1 87 0.529179
1 88 0.534084
1 89 0.538989
1 90 0.543894
1 91 0.548799
1 92 0.553704
1 93 0.558609
1 94 0.563514
1 95 0.568418
1 96 0.573323
1 97 0.578228
1 98 0.583133
1 99 0.588038
1 100 0.592943
1 101 0.597848
1 102 0.602753
1 103 0.607658
1 104 0.612563
1 105 0.617467
1 106 0.622372
1 107 0.627277
1 108 0.632182
1 109 0.637087
1 110 0.641992
1 111 0.646897
1 112 0.651802
1 113 0.656707
1 114 0.661612
1 115 0.666516
1 116 0.671421
1 117 0.676326
1 118 0.681231
1 119 0.686136
1 120 0.691041
1 121 0.695946
1 122 0.700851
1 123 0.705756
1 124 0.710661
1 125 0.715566
1 126 0.720471
1 127 0.725375
1 128 0.73028
1 129 0.735185
1 130 0.74009
1 131 0.744995
1 132 0.7499
1 133 0.754805
1 134 0.75971
1 135 0.764615
1 136 0.76952
1 137 0.774424
1 138 0.779329
1 139 0.784234
1 140 0.789139
1 141 0.794044
1 142 0.798949
1 143 0.803854
1 144 0.808759
1 145 0.813664
1 146 0.818569
1 147 0.823473
1 148 0.828378
1 149 0.833283
1 150 0.838188
1 151 0.843093
1 152 0.847998
1 153 0.852903
1 154 0.857808
1 155 0.862713
1 156 0.867618
1 157 0.872522
1 158 0.877427
1 159 0.882332
1 160 0.887237
1 161 0.892142
1 162 0.897047
1 163 0.901952
1 164 0.906857
1 165 0.911762
1 166 0.916667
1 167 0.921572
1 168 0.926477
1 169 0.931381
1 170 0.936286
1 171 0.941191
1 172 0.946096
1 173 0.951001
1 174 0.955906
1 175 0.960811
1 176 0.965716
1 177 0.970621
1 178 0.975526
1 179 0.98043
1 180 0.985335
1 181 0.99024
1 182 0.995145
1 183 1.00005
1 184 1.00496
1 185 1.00986
1 186 1.01476
1 187 1.01967
1 188 1.02458
1 189 1.02948
1 190 1.03438
1 191 1.03929
1 192 1.04419
1 193 1.0491
1 194 1.054
1 195 1.05891
1 196 1.06381
1 197 1.06872
1 198 1.07362
1 199 1.07853
1 200 1.08343
1 201 1.08834
1 202 1.09324
1 203 1.09815
1 204 1.10305
1 205 1.10796
1 206 1.11286
1 207 1.11777
1 208 1.12267
1 209 1.12758
1 210 1.13248
1 211 1.13739
1 212 1.14229
1 213 1.1472
1 214 1.1521
1 215 1.15701
1 216 1.16191
1 217 1.16682
1 218 1.17172
1 219 1.17663
1 220 1.18153
1 221 1.18644
1 222 1.19134
1 223 1.19625
1 224 1.20115
1 225 1.20606
1 226 1.21096
1 227 1.21587
1 228 1.22077
1 229 1.22568
1 230 1.23058
1 231 1.23548
1 232 1.24039
1 233 1.2453
1 234 1.2502
1 235 1.2551
1 236 1.26001
1 237 1.26492
1 238 1.26982
1 239 1.27473
1 240 1.27963
1 241 1.28453
1 242 1.28944
1 243 1.29434
1 244 1.29925
1 245 1.30415
1 246 1.30906
1 247 1.31396
1 248 1.31887
1 249 1.32377
1 250 1.32868
1 251 1.33358
1 252 1.33849
1 253 1.34339
1 254 1.3483
1 255 1.3532
1 256 1.35811
1 257 1.36301
1 258 1.36792
1 259 1.37282
1 260 1.37773
1 261 1.38263
1 262 1.38754
1 263 1.39244
1 264 1.39735
1 265 1.40225
1 266 1.40716
1 267 1.41206
1 268 1.41697
1 269 1.42187
1 270 1.42678
1 271 1.43168
1 272 1.43659
1 273 1.44149
1 274 1.4464
1 275 1.4513
1 276 1.45621
1 277 1.46111
1 278 1.46602
1 279 1.47092
1 280 1.47583
1 281 1.48073
1 282 1.48564
1 283 1.49054
1 284 1.49544
1 285 1.50035
1 286 1.50526
1 287 1.51016
1 288 1.51507
1 289 1.51997
1 290 1.52487
1 291 1.52978
1 292 1.53469
1 293 1.53959
1 294 1.54449
1 295 1.5494
1 296 1.5543
1 297 1.55921
1 298 1.56411
1 299 1.56902
1 300 1.57392
1 301 1.57883
1 302 1.58373
1 303 1.58864
1 304 1.59354
1 305 1.59845
1 306 1.60335
1 307 1.60826
1 308 1.61316
1 309 1.61807
1 310 1.62297
1 311 1.62788
1 312 1.63278
1 313 1.63769
1 314 1.64259
1 315 1.6475
1 316 1.6524
1 317 1.65731
1 318 1.66221
1 319 1.66712
1 320 1.67202
1 321 1.67693
1 322 1.68183
1 323 1.68674
1 324 1.69164
1 325 1.69655
1 326 1.70145
1 327 1.70636
1 328 1.71126
1 329 1.71617
1 330 1.72107
1 331 1.72598
1 332 1.73088
1 333 1.73579
1 334 1.74069
1 335 1.7456
1 336 1.7505
1 337 1.75541
1 338 1.76031
1 339 1.76521
1 340 1.77012
1 341 1.77503
1 342 1.77993
1 343 1.78483
1 344 1.78974
1 345 1.79465
1 346 1.79955
1 347 1.80445
1 348 1.80936
1 349 1.81426
1 350 1.81917
1 351 1.82407
1 352 1.82898
1 353 1.83388
1 354 1.83879
1 355 1.84369
1 356 1.8486
1 357 1.8535
1 358 1.85841
1 359 1.86331
1 360 1.86822
1 361 1.87312
1 362 1.87803
1 363 1.88293
1 364 1.88784
1 365 1.89274
1 366 1.89765
1 367 1.90255
1 368 1.90746
1 369 1.91236
1 370 1.91727
1 371 1.92217
1 372 1.92708
1 373 1.93198
1 374 1.93689
1 375 1.94179
1 376 1.9467
1 377 1.9516
1 378 1.95651
1 379 1.96141
1 380 1.96632
1 381 1.97122
1 382 1.97613
1 383 1.98103
1 384 1.98594
1 385 1.99084
1 386 1.99575
1 387 2.00065
1 388 2.00556
1 389 2.01046
1 390 2.01537
1 391 2.02027
1 392 2.02517
1 393 2.03008
1 394 2.03498
1 395 2.03989
1 396 2.0448
1 397 2.0497
1 398 2.05461
1 399 2.05951
1 400 2.06441
1 401 2.06932
1 402 2.07422
1 403 2.07913
1 404 2.08403
1 405 2.08894
1 406 2.09384
1 407 2.09875
1 408 2.10365
1 409 2.10856
1 410 2.11346
1 411 2.11837
1 412 2.12327
1 413 2.12818
1 414 2.13308
1 415 2.13799
1 416 2.14289
1 417 2.1478
1 418 2.1527
1 419 2.15761
1 420 2.16251
1 421 2.16742
1 422 2.17232
1 423 2.17723
1 424 2.18213
1 425 2.18704
1 426 2.19194
1 427 2.19685
1 428 2.20175
1 429 2.20666
1 430 2.21156
1 431 2.21647
1 432 2.22137
1 433 2.22628
1 434 2.23118
1 435 2.23609
1 436 2.24099
1 437 2.2459
1 438 2.2508
1 439 2.25571
1 440 2.26061
1 441 2.26552
1 442 2.27042
1 443 2.27533
1 444 2.28023
1 445 2.28513
1 446 2.29004
1 447 2.29494
1 448 2.29985
1 449 2.30476
1 450 2.30966
1 451 2.31456
1 452 2.31947
1 453 2.32437
1 454 2.32928
1 455 2.33418
1 456 2.33909
1 457 2.34399
1 458 2.3489
1 459 2.3538
1 460 2.35871
1 461 2.36361
1 462 2.36852
1 463 2.37342
1 464 2.37833
1 465 2.38323
1 466 2.38814
1 467 2.39304
1 468 2.39795
1 469 2.40285
1 470 2.40776
1 471 2.41266
1 472 2.41757
1 473 2.42247
1 474 2.42738
1 475 2.43228
1 476 2.43719
1 477 2.44209
1 478 2.447
1 479 2.4519
1 480 2.45681
1 481 2.46171
1 482 2.46662
1 483 2.47152
1 484 2.47643
1 485 2.48133
1 486 2.48624
1 487 2.49114
1 488 2.49605
1 489 2.50095
1 490 2.50586
1 491 2.51076
1 492 2.51567
1 493 2.52057
1 494 2.52548
1 495 2.53038
1 496 2.53529
1 497 2.54019
1 498 2.54509
1 499 2.55
1 500 2.55491
1 501 2.55981
1 502 2.56472
1 503 2.56962
1 504 2.57452
1 505 2.57943
1 506 2.58433
1 507 2.58924
1 508 2.59414
1 509 2.59905
1 510 2.60395
1 511 2.60886
1 512 2.61376
1 513 2.61867
1 514 2.62357
1 515 2.62848
1 516 2.63338
1 517 2.63829
1 518 2.64319
1 519 2.6481
1 520 2.653
1 521 2.65791
1 522 2.66281
1 523 2.66772
1 524 2.67262
1 525 2.67753
1 526 2.68243
1 527 2.68734
1 528 2.69224
1 529 2.69715
1 530 2.70205
1 531 2.70696
1 532 2.71186
1 533 2.71677
1 534 2.72167
1 535 2.72658
1 536 2.73148
1 537 2.73639
1 538 2.74129
1 539 2.7462
1 540 2.7511
1 541 2.75601
1 542 2.76091
1 543 2.76582
1 544 2.77072
1 545 2.77563
1 546 2.78053
1 547 2.78544
1 548 2.79034
1 549 2.79524
1 550 2.80015
1 551 2.80505
1 552 2.80996
1 553 2.81487
1 554 2.81977
1 555 2.82468
1 556 2.82958
1 557 2.83448
1 558 2.83939
1 559 2.84429
1 560 2.8492
1 561 2.8541
1 562 2.85901
1 563 2.86391
1 564 2.86882
1 565 2.87372
1 566 2.87863
1 567 2.88353
1 568 2.88844
1 569 2.89334
1 570 2.89825
1 571 2.90315
1 572 2.90806
1 573 2.91296
1 574 2.91787
1 575 2.92277
1 576 2.92768
1 577 2.93258
1 578 2.93749
1 579 2.94239
1 580 2.9473
1 581 2.9522
1 582 2.95711
1 583 2.96201
1 584 2.96692
1 585 2.97182
1 586 2.97673
1 587 2.98163
1 588 2.98654
1 589 2.99144
1 590 2.99635
1 591 3.00125
1 592 3.00616
1 593 3.01106
1 594 3.01597
1 595 3.02087
1 596 3.02578
1 597 3.03068
1 598 3.03559
1 599 3.04049
1 600 3.0454
1 601 3.0503
1 602 3.0552
1 603 3.06011
1 604 3.06501
1 605 3.06992
1 606 3.07483
1 607 3.07973
1 608 3.08464
1 609 3.08954
1 610 3.09444
1 611 3.09935
1 612 3.10425
1 613 3.10916
1 614 3.11406
1 615 3.11897
1 616 3.12387
1 617 3.12878
1 618 3.13368
1 619 3.13859
1 620 3.14349
1 621 3.1484
1 622 3.1533
1 623 3.15821
1 624 3.16311
1 625 3.16802
1 626 3.17292
1 627 3.17783
1 628 3.18273
1 629 3.18764
1 630 3.19254
1 631 3.19745
1 632 3.20235
1 633 3.20726
1 634 3.21216
1 635 3.21707
1 636 3.22197
1 637 3.22688
1 638 3.23178
1 639 3.23669
1 640 3.24159
1 641 3.2465
1 642 3.2514
1 643 3.25631
1 644 3.26121
1 645 3.26612
1 646 3.27102
1 647 3.27593
1 648 3.28083
1 649 3.28574
1 650 3.29064
1 651 3.29555
1 652 3.30045
1 653 3.30536
1 654 3.31026
1 655 3.31516
1 656 3.32007
1 657 3.32497
1 658 3.32988
1 659 3.33479
1 660 3.33969
1 661 3.34459
1 662 3.3495
1 663 3.3544
1 664 3.35931
1 665 3.36421
1 666 3.36912
1 667 3.37402
1 668 3.37893
1 669 3.38383
1 670 3.38874
1 671 3.39364
1 672 3.39855
1 673 3.40345
1 674 3.40836
1 675 3.41326
1 676 3.41817
1 677 3.42307
1 678 3.42798
1 679 3.43288
1 680 3.43779
1 681 3.44269
1 682 3.4476
1 683 3.4525
1 684 3.45741
1 685 3.46231
1 686 3.46722
1 687 3.47212
1 688 3.47703
1 689 3.48193
1 690 3.48684
1 691 3.49174
1 692 3.49665
1 693 3.50155
1 694 3.50646
1 695 3.51136
1 696 3.51627
1 697 3.52117
1 698 3.52608
1 699 3.53098
1 700 3.53589
1 701 3.54079
1 702 3.5457
1 703 3.5506
1 704 3.55551
1 705 3.56041
1 706 3.56532
1 707 3.57022
1 708 3.57512
1 709 3.58003
1 710 3.58494
1 711 3.58984
1 712 3.59475
1 713 3.59965
1 714 3.60455
1 715 3.60946
1 716 3.61436
1 717 3.61927
1 718 3.62417
1 719 3.62908
1 720 3.63398
1 721 3.63889
1 722 3.64379
1 723 3.6487
1 724 3.6536
1 725 3.65851
1 726 3.66341
1 727 3.66832
1 728 3.67322
1 729 3.67813
1 730 3.68303
1 731 3.68794
1 732 3.69284
1 733 3.69775
1 734 3.70265
1 735 3.70756
1 736 3.71246
1 737 3.71737
1 738 3.72227
1 739 3.72718
1 740 3.73208
1 741 3.73699
1 742 3.74189
1 743 3.7468
1 744 3.7517
1 745 3.75661
1 746 3.76151
1 747 3.76642
1 748 3.77132
1 749 3.77623
1 750 3.78113
1 751 3.78604
1 752 3.79094
1 753 3.79585
1 754 3.80075
1 755 3.80566
1 756 3.81056
1 757 3.81547
1 758 3.82037
1 759 3.82527
1 760 3.83018
1 761 3.83508
1 762 3.83999
1 763 3.8449
1 764 3.8498
1 765 3.85471
1 766 3.85961
1 767 3.86451
1 768 3.86942
1 769 3.87432
1 770 3.87923
1 771 3.88413
1 772 3.88904
1 773 3.89394
1 774 3.89885
1 775 3.90375
1 776 3.90866
1 777 3.91356
1 778 3.91847
1 779 3.92337
1 780 3.92828
1 781 3.93318
1 782 3.93809
1 783 3.94299
1 784 3.9479
1 785 3.9528
1 786 3.95771
1 787 3.96261
1 788 3.96752
1 789 3.97242
1 790 3.97733
1 791 3.98223
1 792 3.98714
1 793 3.99204
1 794 3.99695
1 795 4.00185
1 796 4.00676
1 797 4.01166
1 798 4.01657
1 799 4.02147
1 800 4.02638
1 801 4.03128
1 802 4.03619
1 803 4.04109
1 804 4.046
1 805 4.0509
1 806 4.05581
1 807 4.06071
1 808 4.06562
1 809 4.07052
1 810 4.07543
1 811 4.08033
1 812 4.08523
1 813 4.09014
1 814 4.09504
1 815 4.09995
1 816 4.10485
1 817 4.10976
1 818 4.11466
1 819 4.11957
1 820 4.12447
1 821 4.12938
1 822 4.13428
1 823 4.13919
1 824 4.14409
1 825 4.149
1 826 4.1539
1 827 4.15881
1 828 4.16371
1 829 4.16862
1 830 4.17352
1 831 4.17843
1 832 4.18333
1 833 4.18824
1 834 4.19314
1 835 4.19805
1 836 4.20295
1 837 4.20786
1 838 4.21276
1 839 4.21767
1 840 4.22257
1 841 4.22748
1 842 4.23238
1 843 4.23729
1 844 4.24219
1 845 4.2471
1 846 4.252
1 847 4.25691
1 848 4.26181
1 849 4.26672
1 850 4.27162
1 851 4.27653
1 852 4.28143
1 853 4.28634
1 854 4.29124
1 855 4.29615
1 856 4.30105
1 857 4.30596
1 858 4.31086
1 859 4.31577
1 860 4.32067
1 861 4.32558
1 862 4.33048
1 863 4.33538
1 864 4.34029
1 865 4.3452
1 866 4.3501
1 867 4.35501
1 868 4.35991
1 869 4.36482
1 870 4.36972
1 871 4.37462
1 872 4.37953
1 873 4.38443
1 874 4.38934
1 875 4.39424
1 876 4.39915
1 877 4.40405
1 878 4.40896
1 879 4.41386
1 880 4.41877
1 881 4.42367
1 882 4.42858
1 883 4.43348
1 884 4.43839
1 885 4.44329
1 886 4.4482
1 887 4.4531
1 888 4.45801
1 889 4.46291
1 890 4.46782
1 891 4.47272
1 892 4.47763
1 893 4.48253
1 894 4.48744
1 895 4.49234
1 896 4.49725
1 897 4.50215
1 898 4.50706
1 899 4.51196
1 900 4.51687
1 901 4.52177
1 902 4.52668
1 903 4.53158
1 904 4.53649
1 905 4.54139
1 906 4.5463
1 907 4.5512
1 908 4.55611
1 909 4.56101
1 910 4.56592
1 911 4.57082
1 912 4.57573
1 913 4.58063
1 914 4.58554
1 915 4.59044
1 916 4.59535
1 917 4.60025
1 918 4.60515
1 919 4.61006
1 920 4.61496
1 921 4.61987
1 922 4.62477
1 923 4.62968
1 924 4.63459
1 925 4.63949
1 926 4.64439
1 927 4.6493
1 928 4.6542
1 929 4.65911
1 930 4.66401
1 931 4.66892
1 932 4.67382
1 933 4.67873
1 934 4.68363
1 935 4.68854
1 936 4.69344
1 937 4.69835
1 938 4.70325
1 939 4.70816
1 940 4.71306
1 941 4.71797
1 942 4.72287
1 943 4.72778
1 944 4.73268
1 945 4.73759
1 946 4.74249
1 947 4.7474
1 948 4.7523
1 949 4.75721
1 950 4.76211
1 951 4.76702
1 952 4.77192
1 953 4.77683
1 954 4.78173
1 955 4.78664
1 956 4.79154
1 957 4.79645
1 958 4.80135
1 959 4.80626
1 960 4.81116
1 961 4.81607
1 962 4.82097
1 963 4.82588
1 964 4.83078
1 965 4.83569
1 966 4.84059
1 967 4.84549
1 968 4.8504
1 969 4.85531
1 970 4.86021
1 971 4.86512
1 972 4.87002
1 973 4.87493
1 974 4.87983
1 975 4.88474
1 976 4.88964
1 977 4.89454
1 978 4.89945
1 979 4.90435
1 980 4.90926
1 981 4.91416
1 982 4.91907
1 983 4.92397
1 984 4.92888
1 985 4.93378
1 986 4.93869
1 987 4.94359
1 988 4.9485
1 989 4.9534
1 990 4.95831
1 991 4.96321
1 992 4.96812
1 993 4.97302
1 994 4.97793
1 995 4.98283
1 996 4.98774
1 997 4.99264
1 998 4.99755
1 999 5.00245
2 0 0.102453
2 1 0.107357
2 2 0.112262
2 3 0.117167
2 4 0.122072
2 5 0.126977
2 6 0.131882
2 7 0.136787
2 8 0.141692
2 9 0.146597
2 10 0.151502
2 11 0.156406
2 12 0.161311
2 13 0.166216
2 14 0.171121
2 15 0.176026
2 16 0.180931
2 17 0.185836
2 18 0.190741
2 19 0.195646
2 20 0.200551
2 21 0.205456
2 22 0.21036
2 23 0.215265
2 24 0.22017
2 25 0.225075
2 26 0.22998
2 27 0.234885
2 28 0.23979
2 29 0.244695
2 30 0.2496
2 31 0.254505
2 32 0.259409
2 33 0.264314
2 34 0.269219
2 35 0.274124
2 36 0.279029
2 37 0.283934
2 38 0.288839
2 39 0.293744
2 40 0.298649
2 41 0.303554
2 42 0.308459
2 43 0.313363
2 44 0.318268
2 45 0.323173
2 46 0.328078
2 47 0.332983
2 48 0.337888
2 49 0.342793
2 50 0.347698
2 51 0.352603
2 52 0.357507
2 53 0.362412
2 54 0.367317
2 55 0.372222
2 56 0.377127
2 57 0.382032
2 58 0.386937
2 59 0.391842
2 60 0.396747
2 61 0.401652
2 62 0.406557
2 63 0.411461
2 64 0.416366
2 65 0.421271
2 66 0.426176
2 67 0.431081
2 68 0.435986
2 69 0.440891
2 70 0.445796
2 71 0.450701
2 72 0.455606
2 73 0.46051
2 74 0.465415
2 75 0.47032
2 76 0.475225
2 77 0.48013
2 78 0.485035
2 79 0.48994
2 80 0.494845
2 81 0.49975
2 82 0.504655
2 83 0.50956
2 84 0.514464
2 85 0.519369
2 86 0.524274
2 87 0.529179
2 88 0.534084
2 89 0.538989
2 90 0.543894
2 91 0.548799
2 92 0.553704
2 93 0.558609
2 94 0.563514
2 95 0.568418
2 96 0.573323
2 97 0.578228
2 98 0.583133
2 99 0.588038
2 100 0.592943
2 101 0.597848
2 102 0.602753
2 103 0.607658
2 104 0.612563
2 105 0.617467
2 106 0.622372
2 107 0.627277
2 108 0.632182
2 109 0.637087
2 110 0.641992
2 111 0.646897
2 112 0.651802
2 113 0.656707
2 114 0.661612
2 115 0.666516
2 116 0.671421
2 117 0.676326
2 118 0.681231
2 119 0.686136
2 120 0.691041
2 121 0.695946
2 122 0.700851
2 123 0.705756
2 124 0.710661
2 125 0.715566
2 126 0.720471
2 127 0.725375
2 128 0.73028
2 129 0.735185
2 130 0.74009
2 131 0.744995
2 132 0.7499
2 133 0.754805
2 134 0.75971
2 135 0.764615
2 136 0.76952
2 137 0.774424
2 138 0.779329
2 139 0.784234
2 140 0.789139
2 141 0.794044
2 142 0.798949
2 143 0.803854
2 144 0.808759
2 145 0.813664
2 146 0.818569
2 147 0.823473
2 148 0.828378
2 149 0.833283
2 150 0.838188
2 151 0.843093
2 152 0.847998
2 153 0.852903
2 154 0.857808
2 155 0.862713
2 156 0.867618
2 157 0.872522
2 158 0.877427
2 159 0.882332
2 160 0.887237
2 161 0.892142
2 162 0.897047
2 163 0.901952
2 164 0.906857
2 165 0.911762
2 166 0.916667
2 167 0.921572
2 168 0.926477
2 169 0.931381
2 170 0.936286
2 171 0.941191
2 172 0.946096
2 173 0.951001
2 174 0.955906
2 175 0.960811
2 176 0.965716
2 177 0.970621
2 178 0.975526
2 179 0.98043
2 180 0.985335
2 181 0.99024
2 182 0.995145
2 183 1.00005
2 184 1.00496
2 185 1.00986
2 186 1.01476
2 187 1.01967
2 188 1.02458
2 189 1.02948
2 190 1.03438
2 191 1.03929
2 192 1.04419
2 193 1.0491
2 194 1.054
2 195 1.05891
2 196 1.06381
2 197 1.06872
2 198 1.07362
2 199 1.07853
2 200 1.08343
2 201 1.08834
2 202 1.09324
2 203 1.09815
2 204 1.10305
2 205 1.10796
2 206 1.11286
2 207 1.11777
2 208 1.12267
2 209 1.12758
2 210 1.13248
2 211 1.13739
2 212 1.14229
2 213 1.1472
2 214 1.1521
2 215 1.15701
2 216 1.16191
2 217 1.16682
2 218 1.17172
2 219 1.17663
2 220 1.18153
2 221 1.18644
2 222 1.19134
2 223 1.19625
2 224 1.20115
2 225 1.20606
2 226 1.21096
2 227 1.21587
2 228 1.22077
2 229 1.22568
2 230 1.23058
2 231 1.23548
2 232 1.24039
2 233 1.2453
2 234 1.2502
2 235 1.2551
2 236 1.26001
2 237 1.26492
2 238 1.26982
2 239 1.27473
2 240 1.27963
2 241 1.28453
2 242 1.28944
2 243 1.29434
2 244 1.29925
2 245 1.30415
2 246 1.30906
2 247 1.31396
2 248 1.31887
2 249 1.32377
2 250 1.32868
2 251 1.33358
2 252 1.33849
2 253 1.34339
2 254 1.3483
2 255 1.3532
2 256 1.35811
2 257 1.36301
2 258 1.36792
2 259 1.37282
2 260 1.37773
2 261 1.38263
2 262 1.38754
2 263 1.39244
2 264 1.39735
2 265 1.40225
2 266 1.40716
2 267 1.41206
2 268 1.41697
2 269 1.42187
2 270 1.42678
2 271 1.43168
2 272 1.43659
2 273 1.44149
2 274 1.4464
2 275 1.4513
2 276 1.45621
2 277 1.46111
2 278 1.46602
2 279 1.47092
2 280 1.47583
2 281 1.48073
2 282 1.48564
2 283 1.49054
2 284 1.49544
2 285 1.50035
2 286 1.50526
2 287 1.51016
2 288 1.51507
2 289 1.51997
2 290 1.52487
2 291 1.52978
2 292 1.53469
2 293 1.53959
2 294 1.54449
2 295 1.5494
2 296 1.5543
2 297 1.55921
2 298 1.56411
2 299 1.56902
2 300 1.57392
2 301 1.57883
2 302 1.58373
2 303 1.58864
2 304 1.59354
2 305 1.59845
2 306 1.60335
2 307 1.60826
2 308 1.61316
2 309 1.61807
2 310 1.62297
2 311 1.62788
2 312 1.63278
2 313 1.63769
2 314 1.64259
2 315 1.6475
2 316 1.6524
2 317 1.65731
2 318 1.66221
2 319 1.66712
2 320 1.67202
2 321 1.67693
2 322 1.68183
2 323 1.68674
2 324 1.69164
2 325 1.69655
2 326 1.70145
2 327 1.70636
2 328 1.71126
2 329 1.71617
2 330 1.72107
2 331 1.72598
2 332 1.73088
2 333 1.73579
2 334 1.74069
2 335 1.7456
2 336 1.7505
2 337 1.75541
2 338 1.76031
2 339 1.76521
2 340 1.77012
2 341 1.77503
2 342 1.77993
2 343 1.78483
2 344 1.78974
2 345 1.79465
2 346 1.79955
2 347 1.80445
2 348 1.80936
2 349 1.81426
2 350 1.81917
2 351 1.82407
2 352 1.82898
2 353 1.83388
2 354 1.83879
2 355 1.84369
2 356 1.8486
2 357 1.8535
2 358 1.85841
2 359 1.86331
2 360 1.86822
2 361 1.87312
2 362 1.87803
2 363 1.88293
2 364 1.88784
2 365 1.89274
2 366 1.89765
2 367 1.90255
2 368 1.90746
2 369 1.91236
2 370 1.91727
2 371 1.92217
2 372 1.92708
2 373 1.93198
2 374 1.93689
2 375 1.94179
2 376 1.9467
2 377 1.9516
2 378 1.95651
2 379 1.96141
2 380 1.96632
2 381 1.97122
2 382 1.97613
2 383 1.98103
2 384 1.98594
2 385 1.99084
2 386 1.99575
2 387 2.00065
2 388 2.00556
2 389 2.01046
2 390 2.01537
2 391 2.02027
2 392 2.02517
2 393 2.03008
2 394 2.03498
2 395 2.03989
2 396 2.0448
2 397 2.0497
2 398 2.05461
2 399 2.05951
2 400 2.06441
2 401 2.06932
2 402 2.07422
2 403 2.07913
2 404 2.08403
2 405 2.08894
2 406 2.09384
2 407 2.09875
2 408 2.10365
2 409 2.10856
2 410 2.11346
2 411 2.11837
2 412 2.12327
2 413 2.12818
2 414 2.13308
2 415 2.13799
2 416 2.14289
2 417 2.1478
2 418 2.1527
2 419 2.15761
2 420 2.16251
2 421 2.16742
2 422 2.17232
2 423 2.17723
2 424 2.18213
2 425 2.18704
2 426 2.19194
2 427 2.19685
2 428 2.20175
2 429 2.20666
2 430 2.21156
2 431 2.21647
2 432 2.22137
2 433 2.22628
2 434 2.23118
2 435 2.23609
2 436 2.24099
2 437 2.2459
2 438 2.2508
2 439 2.25571
2 440 2.26061
2 441 2.26552
2 442 2.27042
2 443 2.27533
2 444 2.28023
2 445 2.28513
2 446 2.29004
2 447 2.29494
2 448 2.29985
2 449 2.30476
2 450 2.30966
2 451 2.31456
2 452 2.31947
2 453 2.32437
2 454 2.32928
2 455 2.33418
2 456 2.33909
2 457 2.34399
2 458 2.3489
2 459 2.3538
2 460 2.35871
2 461 2.36361
2 462 2.36852
2 463 2.37342
2 464 2.37833
2 465 2.38323
2 466 2.38814
2 467 2.39304
2 468 2.39795
2 469 2.40285
2 470 2.40776
2 471 2.41266
2 472 2.41757
2 473 2.42247
2 474 2.42738
2 475 2.43228
2 476 2.43719
2 477 2.44209
2 478 2.447
2 479 2.4519
2 480 2.45681
2 481 2.46171
2 482 2.46662
2 483 2.47152
2 484 2.47643
2 485 2.48133
2 486 2.48624
2 487 2.49114
2 488 2.49605
2 489 2.50095
2 490 2.50586
2 491 2.51076
2 492 2.51567
2 493 2.52057
2 494 2.52548
2 495 2.53038
2 496 2.53529
2 497 2.54019
2 498 2.54509
2 499 2.55
2 500 2.55491
2 501 2.55981
2 502 2.56472
2 503 2.56962
2 504 2.57452
2 505 2.57943
2 506 2.58433
2 507 2.58924
2 508 2.59414
2 509 2.59905
2 510 2.60395
2 511 2.60886
2 512 2.61376
2 513 2.61867
2 514 2.62357
2 515 2.62848
2 516 2.63338
2 517 2.63829
2 518 2.64319
2 519 2.6481
2 520 2.653
2 521 2.65791
2 522 2.66281
2 523 2.66772
2 524 2.67262
2 525 2.67753
2 526 2.68243
2 527 2.68734
2 528 2.69224
2 529 2.69715
2 530 2.70205
2 531 2.70696
2 532 2.71186
2 533 2.71677
2 534 2.72167
2 535 2.72658
2 536 2.73148
2 537 2.73639
2 538 2.74129
2 539 2.7462
2 540 2.7511
2 541 2.75601
2 542 2.76091
2 543 2.76582
2 544 2.77072
2 545 2.77563
2 546 2.78053
2 547 2.78544
2 548 2.79034
2 549 2.79524
2 550 2.80015
2 551 2.80505
2 552 2.80996
2 553 2.81487
2 554 2.81977
2 555 2.82468
2 556 2.82958
2 557 2.83448
2 558 2.83939
2 559 2.84429
2 560 2.8492
2 561 2.8541
2 562 2.85901
2 563 2.86391
2 564 2.86882
2 565 2.87372
2 566 2.87863
2 567 2.88353
2 568 2.88844
2 569 2.89334
2 570 2.89825
2 571 2.90315
2 572 2.90806
2 573 2.91296
2 574 2.91787
2 575 2.92277
2 576 2.92768
2 577 2.93258
2 578 2.93749
2 579 2.94239
2 580 2.9473
2 581 2.9522
2 582 2.95711
2 583 2.96201
2 584 2.96692
2 585 2.97182
2 586 2.97673
2 587 2.98163
2 588 2.98654
2 589 2.99144
2 590 2.99635
2 591 3.00125
2 592 3.00616
2 593 3.01106
2 594 3.01597
2 595 3.02087
2 596 3.02578
2 597 3.03068
2 598 3.03559
2 599 3.04049
2 600 3.0454
2 601 3.0503
2 602 3.0552
2 603 3.06011
2 604 3.06501
2 605 3.06992
2 606 3.07483
2 607 3.07973
2 608 3.08464
2 609 3.08954
2 610 3.09444
2 611 3.09935
2 612 3.10425
2 613 3.10916
2 614 3.11406
2 615 3.11897
2 616 3.12387
2 617 3.12878
2 618 3.13368
2 619 3.13859
2 620 3.14349
2 621 3.1484
2 622 3.1533
2 623 3.15821
2 624 3.16311
2 625 3.16802
2 626 3.17292
2 627 3.17783
2 628 3.18273
2 629 3.18764
2 630 3.19254
2 631 3.19745
2 632 3.20235
2 633 3.20726
2 634 3.21216
2 635 3.21707
2 636 3.22197
2 637 3.22688
2 638 3.23178
2 639 3.23669
2 640 3.24159
2 641 3.2465
2 642 3.2514
2 643 3.25631
2 644 3.26121
2 645 3.26612
2 646 3.27102
2 647 3.27593
2 648 3.28083
2 649 3.28574
2 650 3.29064
2 651 3.29555
2 652 3.30045
2 653 3.30536
2 654 3.31026
2 655 3.31516
2 656 3.32007
2 657 3.32497
2 658 3.32988
2 659 3.33479
2 660 3.33969
2 661 3.34459
2 662 3.3495
2 663 3.3544
2 664 3.35931
2 665 3.36421
2 666 3.36912
2 667 3.37402
2 668 3.37893
2 669 3.38383
2 670 3.38874
2 671 3.39364
2 672 3.39855
2 673 3.40345
2 674 3.40836
2 675 3.41326
2 676 3.41817
2 677 3.42307
2 678 3.42798
2 679 3.43288
2 680 3.43779
2 681 3.44269
2 682 3.4476
2 683 3.4525
2 684 3.45741
2 685 3.46231
2 686 3.46722
2 687 3.47212
2 688 3.47703
2 689 3.48193
2 690 3.48684
2 691 3.49174
2 692 3.49665
2 693 3.50155
2 694 3.50646
2 695 3.51136
2 696 3.51627
2 697 3.52117
2 698 3.52608
2 699 3.53098
2 700 3.53589
2 701 3.54079
2 702 3.5457
2 703 3.5506
2 704 3.55551
2 705 3.56041
2 706 3.56532
2 707 3.57022
2 708 3.57512
2 709 3.58003
2 710 3.58494
2 711 3.58984
2 712 3.59475
2 713 3.59965
2 714 3.60455
2 715 3.60946
2 716 3.61436
2 717 3.61927
2 718 3.62417
2 719 3.62908
2 720 3.63398
2 721 3.63889
2 722 3.64379
2 723 3.6487
2 724 3.6536
2 725 3.65851
2 726 3.66341
2 727 3.66832
2 728 3.67322
2 729 3.67813
2 730 3.68303
2 731 3.68794
2 732 3.69284
2 733 3.69775
2 734 3.70265
2 735 3.70756
2 736 3.71246
2 737 3.71737
2 738 3.72227
2 739 3.72718
2 740 3.73208
2 741 3.73699
2 742 3.74189
2 743 3.7468
2 744 3.7517
2 745 3.75661
2 746 3.76151
2 747 3.76642
2 748 3.77132
2 749 3.77623
2 750 3.78113
2 751 3.78604
2 752 3.79094
2 753 3.79585
2 754 3.80075
2 755 3.80566
2 756 3.81056
2 757 3.81547
2 758 3.82037
2 759 3.82527
2 760 3.83018
2 761 3.83508
2 762 3.83999
2 763 3.8449
2 764 3.8498
2 765 3.85471
2 766 3.85961
2 767 3.86451
2 768 3.86942
2 769 3.87432
2 770 3.87923
2 771 3.88413
2 772 3.88904
2 773 3.89394
2 774 3.89885
2 775 3.90375
2 776 3.90866
2 777 3.91356
2 778 3.91847
2 779 3.92337
2 780 3.92828
2 781 3.93318
2 782 3.93809
2 783 3.94299
2 784 3.9479
2 785 3.9528
2 786 3.95771
2 787 3.96261
2 788 3.96752
2 789 3.97242
2 790 3.97733
2 791 3.98223
2 792 3.98714
2 793 3.99204
2 794 3.99695
2 795 4.00185
2 796 4.00676
2 797 4.01166
2 798 4.01657
2 799 4.02147
2 800 4.02638
2 801 4.03128
2 802 4.03619
2 803 4.04109
2 804 4.046
2 805 4.0509
2 806 4.05581
2 807 4.06071
2 808 4.06562
2 809 4.07052
2 810 4.07543
2 811 4.08033
2 812 4.08523
2 813 4.09014
2 814 4.09504
2 815 4.09995
2 816 4.10485
2 817 4.10976
2 818 4.11466
2 819 4.11957
2 820 4.12447
2 821 4.12938
2 822 4.13428
2 823 4.13919
2 824 4.14409
2 825 4.149
2 826 4.1539
2 827 4.15881
2 828 4.16371
2 829 4.16862
2 830 4.17352
2 831 4.17843
2 832 4.18333
2 833 4.18824
2 834 4.19314
2 835 4.19805
2 836 4.20295
2 837 4.20786
2 838 4.21276
2 839 4.21767
2 840 4.22257
2 841 4.22748
2 842 4.23238
2 843 4.23729
2 844 4.24219
2 845 4.2471
2 846 4.252
2 847 4.25691
2 848 4.26181
2 849 4.26672
2 850 4.27162
2 851 4.27653
2 852 4.28143
2 853 4.28634
2 854 4.29124
2 855 4.29615
2 856 4.30105
2 857 4.30596
2 858 4.31086
2 859 4.31577
2 860 4.32067
2 861 4.32558
2 862 4.33048
2 863 4.33538
2 864 4.34029
2 865 4.3452
2 866 4.3501
2 867 4.35501
2 868 4.35991
2 869 4.36482
2 870 4.36972
2 871 4.37462
2 872 4.37953
2 873 4.38443
2 874 4.38934
2 875 4.39424
2 876 4.39915
2 877 4.40405
2 878 4.40896
2 879 4.41386
2 880 4.41877
2 881 4.42367
2 882 4.42858
2 883 4.43348
2 884 4.43839
2 885 4.44329
2 886 4.4482
2 887 4.4531
2 888 4.45801
2 889 4.46291
2 890 4.46782
2 891 4.47272
2 892 4.47763
2 893 4.48253
2 894 4.48744
2 895 4.49234
2 896 4.49725
2 897 4.50215
2 898 4.50706
2 899 4.51196
2 900 4.51687
2 901 4.52177
2 902 4.52668
2 903 4.53158
2 904 4.53649
2 905 4.54139
2 906 4.5463
2 907 4.5512
2 908 4.55611
2 909 4.56101
2 910 4.56592
2 911 4.57082
2 912 4.57573
2 913 4.58063
2 914 4.58554
2 915 4.59044
2 916 4.59535
2 917 4.60025
2 918 4.60515
2 919 4.61006
2 920 4.61496
2 921 4.61987
2 922 4.62477
2 923 4.62968
2 924 4.63459
2 925 4.63949
2 926 4.64439
2 927 4.6493
2 928 4.6542
2 929 4.65911
2 930 4.66401
2 931 4.66892
2 932 4.67382
2 933 4.67873
2 934 4.68363
2 935 4.68854
2 936 4.69344
2 937 4.69835
2 938 4.70325
2 939 4.70816
2 940 4.71306
2 941 4.71797
2 942 4.72287
2 943 4.72778
2 944 4.73268
2 945 4.73759
2 946 4.74249
2 947 4.7474
2 948 4.7523
2 949 4.75721
2 950 4.76211
2 951 4.76702
2 952 4.77192
2 953 4.77683
2 954 4.78173
2 955 4.78664
2 956 4.79154
2 957 4.79645
2 958 4.80135
2 959 4.80626
2 960 4.81116
2 961 4.81607
2 962 4.82097
2 963 4.82588
2 964 4.83078
2 965 4.83569
2 966 4.84059
2 967 4.84549
2 968 4.8504
2 969 4.85531
2 970 4.86021
2 971 4.86512
2 972 4.87002
2 973 4.87493
2 974 4.87983
2 975 4.88474
2 976 4.88964
2 977 4.89454
2 978 4.89945
2 979 4.90435
2 980 4.90926
2 981 4.91416
2 982 4.91907
2 983 4.92397
2 984 4.92888
2 985 4.93378
2 986 4.93869
2 987 4.94359
2 988 4.9485
2 989 4.9534
2 990 4.95831
2 991 4.96321
2 992 4.96812
2 993 4.97302
2 994 4.97793
2 995 4.98283
2 996 4.98774
2 997 4.99264
2 998 4.99755
2 999 5.00245
