0.102453 9.86442e-07 6.00023e-07 -2.88714e-07
0.107357 1.00978e-06 5.72609e-07 -2.64542e-07
0.112262 1.03259e-06 5.47591e-07 -2.41887e-07
0.117167 1.05491e-06 5.24668e-07 -2.22024e-07
0.122072 1.07676e-06 5.03586e-07 -2.04512e-07
0.126977 1.09818e-06 4.84134e-07 -1.88994e-07
0.131882 1.11919e-06 4.66128e-07 -1.75179e-07
0.136787 1.13981e-06 4.49414e-07 -1.62825e-07
0.141692 1.16007e-06 4.33856e-07 -1.51734e-07
0.146597 1.17997e-06 4.1934e-07 -1.41739e-07
0.151502 1.19955e-06 4.05764e-07 -1.327e-07
0.156406 1.21881e-06 3.93039e-07 -1.245e-07
0.161311 1.23778e-06 3.81088e-07 -1.17037e-07
0.166216 1.25646e-06 3.69843e-07 -1.10226e-07
0.171121 1.27486e-06 3.59242e-07 -1.03992e-07
0.176026 1.293e-06 3.49232e-07 -9.82731e-08
0.180931 1.31089e-06 3.39764e-07 -9.30132e-08
0.185836 1.32854e-06 3.30797e-07 -8.81647e-08
0.190741 1.34596e-06 3.2229e-07 -8.36857e-08
0.195646 1.36316e-06 3.1421e-07 -7.95408e-08
0.200551 1.38014e-06 3.06525e-07 -7.56954e-08
0.205456 1.39691e-06 2.99208e-07 -7.21212e-08
0.21036 1.41349e-06 2.92231e-07 -6.87953e-08
0.215265 1.42987e-06 2.85573e-07 -6.56944e-08
0.22017 1.44607e-06 2.79211e-07 -6.27985e-08
0.225075 1.46209e-06 2.73126e-07 -6.009e-08
0.22998 1.47794e-06 2.67301e-07 -5.7553e-08
0.234885 1.49361e-06 2.61719e-07 -5.51734e-08
0.23979 1.50913e-06 2.56366e-07 -5.29384e-08
0.244695 1.52448e-06 2.51227e-07 -5.08366e-08
0.2496 1.53969e-06 2.4629e-07 -4.88574e-08
0.254505 1.55474e-06 2.41543e-07 -4.69917e-08
0.259409 1.56965e-06 2.36976e-07 -4.52308e-08
0.264314 1.58442e-06 2.32579e-07 -4.35671e-08
0.269219 1.59906e-06 2.28341e-07 -4.19936e-08
0.274124 1.61356e-06 2.24256e-07 -4.05038e-08
0.279029 1.62793e-06 2.20314e-07 -3.90919e-08
0.283934 1.64217e-06 2.16508e-07 -3.77525e-08
0.288839 1.6563e-06 2.12831e-07 -3.64809e-08
0.293744 1.6703e-06 2.09277e-07 -3.52724e-08
0.298649 1.68419e-06 2.0584e-07 -3.41235e-08
0.303554 1.69796e-06 2.02514e-07 -3.30294e-08
0.308459 1.71163e-06 1.99294e-07 -3.19865e-08
0.313363 1.72518e-06 1.96174e-07 -3.09928e-08
0.318268 1.73863e-06 1.93151e-07 -3.00446e-08
0.323173 1.75198e-06 1.9022e-07 -2.91394e-08
0.328078 1.76522e-06 1.87376e-07 -2.82744e-08
0.332983 1.77837e-06 1.84616e-07 -2.74474e-08
0.337888 1.79142e-06 1.81936e-07 -2.66561e-08
0.342793 1.80437e-06 1.79332e-07 -2.58986e-08
0.347698 1.81724e-06 1.76803e-07 -2.51729e-08
0.352603 1.83001e-06 1.74343e-07 -2.44773e-08
0.357507 1.84269e-06 1.71951e-07 -2.38102e-08
0.362412 1.85529e-06 1.69624e-07 -2.31699e-08
0.367317 1.8678e-06 1.67359e-07 -2.25551e-08
0.372222 1.88023e-06 1.65154e-07 -2.19645e-08
0.377127 1.89258e-06 1.63006e-07 -2.13968e-08
0.382032 1.90485e-06 1.60913e-07 -2.08508e-08
0.386937 1.91704e-06 1.58873e-07 -2.03255e-08
0.391842 1.92915e-06 1.56884e-07 -1.98197e-08
0.396747 1.94119e-06 1.54945e-07 -1.93329e-08
0.401652 1.95315e-06 1.53053e-07 -1.88635e-08
0.406557 1.96504e-06 1.51206e-07 -1.84108e-08
0.411461 1.97686e-06 1.49404e-07 -1.79744e-08
0.416366 1.9886e-06 1.47644e-07 -1.75533e-08
0.421271 2.00028e-06 1.45925e-07 -1.71469e-08
0.426176 2.01189e-06 1.44245e-07 -1.67544e-08
0.431081 2.02344e-06 1.42604e-07 -1.63753e-08
0.435986 2.03492e-06 1.41e-07 -1.60089e-08
0.440891 2.04633e-06 1.39431e-07 -1.56546e-08
0.445796 2.05768e-06 1.37897e-07 -1.5312e-08
0.450701 2.06897e-06 1.36396e-07 -1.49805e-08
0.455606 2.0802e-06 1.34928e-07 -1.46596e-08
0.46051 2.09137e-06 1.33491e-07 -1.4349e-08
0.465415 2.10248e-06 1.32084e-07 -1.40481e-08
0.47032 2.11352e-06 1.30706e-07 -1.37566e-08
0.475225 2.12452e-06 1.29357e-07 -1.3474e-08
0.48013 2.13545e-06 1.28036e-07 -1.32001e-08
0.485035 2.14633e-06 1.26741e-07 -1.29345e-08
0.48994 2.15716e-06 1.25472e-07 -1.26768e-08
0.494845 2.16793e-06 1.24229e-07 -1.24267e-08
0.49975 2.17865e-06 1.23009e-07 -1.21841e-08
0.504655 2.18931e-06 1.21814e-07 -1.19484e-08
0.50956 2.19993e-06 1.20641e-07 -1.17193e-08
0.514464 2.21049e-06 1.19491e-07 -1.14969e-08
0.519369 2.221e-06 1.18363e-07 -1.12807e-08
0.524274 2.23146e-06 1.17255e-07 -1.10706e-08
0.529179 2.24188e-06 1.16168e-07 -1.08663e-08
0.534084 2.25224e-06 1.15101e-07 -1.06676e-08
0.538989 2.26256e-06 1.14054e-07 -1.04743e-08
0.543894 2.27283e-06 1.13025e-07 -1.02863e-08
0.548799 2.28306e-06 1.12015e-07 -1.01032e-08
0.553704 2.29324e-06 1.11023e-07 -9.92499e-09
0.558609 2.30337e-06 1.10048e-07 -9.75145e-09
0.563514 2.31346e-06 1.0909e-07 -9.58242e-09
0.568418 2.32351e-06 1.08149e-07 -9.41774e-09
0.573323 2.33351e-06 1.07224e-07 -9.25728e-09
0.578228 2.34347e-06 1.06314e-07 -9.10088e-09
0.583133 2.35339e-06 1.0542e-07 -8.94842e-09
0.588038 2.36327e-06 1.04541e-07 -8.79975e-09
0.592943 2.3731e-06 1.03676e-07 -8.65475e-09
0.597848 2.3829e-06 1.02825e-07 -8.51344e-09
0.602753 2.39265e-06 1.01989e-07 -8.37544e-09
0.607658 2.40237e-06 1.01165e-07 -8.24064e-09
0.612563 2.41205e-06 1.00355e-07 -8.10919e-09
0.617467 2.42168e-06 9.95581e-08 -7.98086e-09
0.622372 2.43128e-06 9.87734e-08 -7.85556e-09
0.627277 2.44085e-06 9.80011e-08 -7.73318e-09
0.632182 2.45037e-06 9.72407e-08 -7.61364e-09
0.637087 2.45986e-06 9.64921e-08 -7.49685e-09
0.641992 2.46931e-06 9.57549e-08 -7.38273e-09
0.646897 2.47872e-06 9.50288e-08 -7.27119e-09
0.651802 2.4881e-06 9.43137e-08 -7.16216e-09
0.656707 2.49745e-06 9.36093e-08 -7.05557e-09
0.661612 2.50676e-06 9.29153e-08 -6.95134e-09
0.666516 2.51603e-06 9.22316e-08 -6.8494e-09
0.671421 2.52527e-06 9.15578e-08 -6.74969e-09
0.676326 2.53448e-06 9.08938e-08 -6.65214e-09
0.681231 2.54365e-06 9.02394e-08 -6.55668e-09
0.686136 2.55279e-06 8.95943e-08 -6.46327e-09
0.691041 2.5619e-06 8.89584e-08 -6.37184e-09
0.695946 2.57098e-06 8.83314e-08 -6.28243e-09
0.700851 2.58002e-06 8.77132e-08 -6.1948e-09
0.705756 2.58903e-06 8.71036e-08 -6.1089e-09
0.710661 2.59801e-06 8.65024e-08 -6.02486e-09
0.715566 2.60696e-06 8.59095e-08 -5.94254e-09
0.720471 2.61588e-06 8.53246e-08 -5.8619e-09
0.725375 2.62477e-06 8.47477e-08 -5.78289e-09
0.73028 2.63363e-06 8.41785e-08 -5.70547e-09
0.735185 2.64246e-06 8.36168e-08 -5.62959e-09
0.74009 2.65126e-06 8.30627e-08 -5.55521e-09
0.744995 2.66003e-06 8.25158e-08 -5.4823e-09
0.7499 2.66878e-06 8.19761e-08 -5.41082e-09
0.754805 2.67749e-06 8.14434e-08 -5.34072e-09
0.75971 2.68617e-06 8.09176e-08 -5.27198e-09
0.764615 2.69483e-06 8.03985e-08 -5.20455e-09
0.76952 2.70346e-06 7.9886e-08 -5.13841e-09
0.774424 2.71206e-06 7.93801e-08 -5.07353e-09
0.779329 2.72064e-06 7.88805e-08 -5.00986e-09
0.784234 2.72919e-06 7.83871e-08 -4.94739e-09
0.789139 2.73771e-06 7.78999e-08 -4.88608e-09
0.794044 2.7462e-06 7.74187e-08 -4.8259e-09
0.798949 2.75467e-06 7.69434e-08 -4.7669e-09
0.803854 2.76312e-06 7.64739e-08 -4.7089e-09
0.808759 2.77153e-06 7.60101e-08 -4.65188e-09
0.813664 2.77992e-06 7.55519e-08 -4.59596e-09
0.818569 2.78829e-06 7.50992e-08 -4.54105e-09
0.823473 2.79663e-06 7.46519e-08 -4.48711e-09
0.828378 2.80495e-06 7.42099e-08 -4.43413e-09
0.833283 2.81324e-06 7.37731e-08 -4.38208e-09
0.838188 2.82151e-06 7.33414e-08 -4.33094e-09
0.843093 2.82975e-06 7.29147e-08 -4.2807e-09
0.847998 2.83797e-06 7.24929e-08 -4.23132e-09
0.852903 2.84617e-06 7.2076e-08 -4.18279e-09
0.857808 2.85434e-06 7.16639e-08 -4.13509e-09
0.862713 2.86249e-06 7.12565e-08 -4.0882e-09
0.867618 2.87061e-06 7.08536e-08 -4.04211e-09
0.872522 2.87872e-06 7.04553e-08 -3.99679e-09
0.877427 2.8868e-06 7.00615e-08 -3.95223e-09
0.882332 2.89485e-06 6.9672e-08 -3.90841e-09
0.887237 2.90289e-06 6.92868e-08 -3.86531e-09
0.892142 2.9109e-06 6.89059e-08 -3.82293e-09
0.897047 2.91889e-06 6.85291e-08 -3.78129e-09
0.901952 2.92686e-06 6.81565e-08 -3.74027e-09
0.906857 2.93481e-06 6.77878e-08 -3.69987e-09
0.911762 2.94273e-06 6.74232e-08 -3.66016e-09
0.916667 2.95064e-06 6.70624e-08 -3.6211e-09
0.921572 2.95852e-06 6.67055e-08 -3.58265e-09
0.926477 2.96639e-06 6.63523e-08 -3.54482e-09
0.931381 2.97423e-06 6.60029e-08 -3.50758e-09
0.936286 2.98205e-06 6.56571e-08 -3.47093e-09
0.941191 2.98985e-06 6.5315e-08 -3.43484e-09
0.946096 2.99763e-06 6.49763e-08 -3.39932e-09
0.951001 3.00539e-06 6.46412e-08 -3.36434e-09
0.955906 3.01313e-06 6.43095e-08 -3.32991e-09
0.960811 3.02085e-06 6.39812e-08 -3.29599e-09
0.965716 3.02855e-06 6.36563e-08 -3.2626e-09
0.970621 3.03623e-06 6.33346e-08 -3.2297e-09
0.975526 3.0439e-06 6.30162e-08 -3.19731e-09
0.98043 3.05154e-06 6.27009e-08 -3.1654e-09
0.985335 3.05916e-06 6.23888e-08 -3.13396e-09
0.99024 3.06677e-06 6.20798e-08 -3.10299e-09
0.995145 3.07435e-06 6.17738e-08 -3.07248e-09
1.00005 3.08192e-06 6.14708e-08 -3.04246e-09
1.00496 3.08947e-06 6.11708e-08 -3.01288e-09
1.00986 3.097e-06 6.08736e-08 -2.98368e-09
1.01476 3.10451e-06 6.05794e-08 -2.9549e-09
1.01967 3.112e-06 6.0288e-08 -2.92654e-09
1.02458 3.11948e-06 5.99994e-08 -2.89815e-09
1.02948 3.12694e-06 5.97136e-08 -2.8706e-09
1.03438 3.13438e-06 5.94304e-08 -2.84387e-09
1.03929 3.1418e-06 5.91499e-08 -2.81709e-09
1.04419 3.14921e-06 5.88721e-08 -2.79069e-09
1.0491 3.15659e-06 5.85968e-08 -2.76465e-09
1.054 3.16396e-06 5.83241e-08 -2.73898e-09
1.05891 3.17132e-06 5.8054e-08 -2.71366e-09
1.06381 3.17865e-06 5.77863e-08 -2.6887e-09
1.06872 3.18597e-06 5.75211e-08 -2.66407e-09
1.07362 3.19328e-06 5.72583e-08 -2.63978e-09
1.07853 3.20056e-06 5.69979e-08 -2.61543e-09
1.08343 3.20783e-06 5.67399e-08 -2.5918e-09
1.08834 3.21508e-06 5.64842e-08 -2.56889e-09
1.09324 3.22232e-06 5.62307e-08 -2.54589e-09
1.09815 3.22954e-06 5.59796e-08 -2.5232e-09
1.10305 3.23675e-06 5.57307e-08 -2.50081e-09
1.10796 3.24393e-06 5.54839e-08 -2.47871e-09
1.11286 3.25111e-06 5.52394e-08 -2.45691e-09
1.11777 3.25826e-06 5.4997e-08 -2.43539e-09
1.12267 3.2654e-06 5.47567e-08 -2.41416e-09
1.12758 3.27253e-06 5.45185e-08 -2.39284e-09
1.13248 3.27964e-06 5.42824e-08 -2.37215e-09
1.13739 3.28673e-06 5.40483e-08 -2.3521e-09
1.14229 3.29381e-06 5.38163e-08 -2.33194e-09
1.1472 3.30088e-06 5.35862e-08 -2.31204e-09
1.1521 3.30793e-06 5.3358e-08 -2.2924e-09
1.15701 3.31496e-06 5.31318e-08 -2.273e-09
1.16191 3.32198e-06 5.29075e-08 -2.25385e-09
1.16682 3.32898e-06 5.26851e-08 -2.23494e-09
1.17172 3.33597e-06 5.24645e-08 -2.21627e-09
1.17663 3.34295e-06 5.22458e-08 -2.19783e-09
1.18153 3.34991e-06 5.20289e-08 -2.17929e-09
1.18644 3.35686e-06 5.18139e-08 -2.1613e-09
1.19134 3.36379e-06 5.16006e-08 -2.14387e-09
1.19625 3.37071e-06 5.1389e-08 -2.12633e-09
1.20115 3.37761e-06 5.11791e-08 -2.109e-09
1.20606 3.3845e-06 5.0971e-08 -2.09188e-09
1.21096 3.39137e-06 5.07645e-08 -2.07497e-09
1.21587 3.39823e-06 5.05597e-08 -2.05826e-09
1.22077 3.40508e-06 5.03566e-08 -2.04175e-09
1.22568 3.41192e-06 5.01551e-08 -2.02544e-09
1.23058 3.41874e-06 4.99551e-08 -2.00902e-09
1.23548 3.42554e-06 4.97569e-08 -1.9931e-09
1.24039 3.43233e-06 4.95601e-08 -1.97767e-09
1.2453 3.43911e-06 4.93649e-08 -1.96212e-09
1.2502 3.44588e-06 4.91712e-08 -1.94676e-09
1.2551 3.45263e-06 4.89791e-08 -1.93157e-09
1.26001 3.45937e-06 4.87884e-08 -1.91656e-09
1.26492 3.4661e-06 4.85992e-08 -1.90173e-09
1.26982 3.47281e-06 4.84115e-08 -1.88706e-09
1.27473 3.47951e-06 4.82252e-08 -1.87257e-09
1.27963 3.4862e-06 4.80403e-08 -1.85824e-09
1.28453 3.49288e-06 4.78569e-08 -1.84379e-09
1.28944 3.49954e-06 4.76749e-08 -1.82979e-09
1.29434 3.50619e-06 4.74942e-08 -1.81623e-09
1.29925 3.51283e-06 4.73149e-08 -1.80254e-09
1.30415 3.51945e-06 4.7137e-08 -1.78901e-09
1.30906 3.52606e-06 4.69603e-08 -1.77563e-09
1.31396 3.53266e-06 4.6785e-08 -1.76239e-09
1.31887 3.53925e-06 4.6611e-08 -1.74931e-09
1.32377 3.54583e-06 4.64383e-08 -1.73637e-09
1.32868 3.55239e-06 4.62669e-08 -1.72357e-09
1.33358 3.55894e-06 4.60967e-08 -1.71066e-09
1.33849 3.56548e-06 4.59279e-08 -1.69814e-09
1.34339 3.57201e-06 4.57602e-08 -1.68602e-09
1.3483 3.57852e-06 4.55937e-08 -1.67378e-09
1.3532 3.58502e-06 4.54284e-08 -1.66167e-09
1.35811 3.59151e-06 4.52643e-08 -1.64969e-09
1.36301 3.59799e-06 4.51015e-08 -1.63783e-09
1.36792 3.60446e-06 4.49397e-08 -1.62611e-09
1.37282 3.61092e-06 4.47792e-08 -1.61451e-09
1.37773 3.61736e-06 4.46197e-08 -1.60303e-09
1.38263 3.6238e-06 4.44614e-08 -1.59168e-09
1.38754 3.63022e-06 4.43043e-08 -1.58021e-09
1.39244 3.63663e-06 4.41482e-08 -1.56909e-09
1.39735 3.64303e-06 4.39933e-08 -1.55834e-09
1.40225 3.64942e-06 4.38394e-08 -1.54745e-09
1.40716 3.65579e-06 4.36866e-08 -1.53668e-09
1.41206 3.66216e-06 4.35348e-08 -1.52603e-09
1.41697 3.66852e-06 4.33841e-08 -1.51548e-09
1.42187 3.67486e-06 4.32345e-08 -1.50504e-09
1.42678 3.68119e-06 4.30858e-08 -1.49471e-09
1.43168 3.68751e-06 4.29382e-08 -1.48449e-09
1.43659 3.69383e-06 4.27916e-08 -1.47414e-09
1.44149 3.70013e-06 4.2646e-08 -1.46413e-09
1.4464 3.70642e-06 4.25014e-08 -1.45444e-09
1.4513 3.71269e-06 4.23578e-08 -1.44462e-09
1.45621 3.71896e-06 4.22151e-08 -1.43491e-09
1.46111 3.72522e-06 4.20734e-08 -1.42529e-09
1.46602 3.73147e-06 4.19326e-08 -1.41577e-09
1.47092 3.73771e-06 4.17928e-08 -1.40634e-09
1.47583 3.74393e-06 4.16539e-08 -1.39701e-09
1.48073 3.75015e-06 4.15159e-08 -1.38777e-09
1.48564 3.75635e-06 4.13788e-08 -1.37862e-09
1.49054 3.76255e-06 4.12426e-08 -1.36935e-09
1.49544 3.76874e-06 4.11074e-08 -1.36038e-09
1.50035 3.77491e-06 4.0973e-08 -1.35171e-09
1.50526 3.78108e-06 4.08395e-08 -1.34292e-09
1.51016 3.78723e-06 4.07069e-08 -1.33421e-09
1.51507 3.79338e-06 4.05751e-08 -1.32558e-09
1.51997 3.79951e-06 4.04441e-08 -1.31704e-09
1.52487 3.80564e-06 4.0314e-08 -1.30858e-09
1.52978 3.81175e-06 4.01848e-08 -1.3002e-09
1.53469 3.81786e-06 4.00563e-08 -1.2919e-09
1.53959 3.82396e-06 3.99287e-08 -1.28349e-09
1.54449 3.83004e-06 3.9802e-08 -1.27535e-09
1.5494 3.83612e-06 3.96759e-08 -1.26748e-09
1.5543 3.84219e-06 3.95507e-08 -1.2595e-09
1.55921 3.84824e-06 3.94263e-08 -1.25158e-09
1.56411 3.85429e-06 3.93027e-08 -1.24375e-09
1.56902 3.86033e-06 3.91798e-08 -1.23598e-09
1.57392 3.86636e-06 3.90577e-08 -1.22829e-09
1.57883 3.87238e-06 3.89364e-08 -1.22067e-09
1.58373 3.87839e-06 3.88158e-08 -1.21312e-09
1.58864 3.88439e-06 3.86959e-08 -1.20564e-09
1.59354 3.89038e-06 3.85768e-08 -1.19805e-09
1.59845 3.89637e-06 3.84585e-08 -1.19071e-09
1.60335 3.90234e-06 3.83408e-08 -1.18361e-09
1.60826 3.9083e-06 3.82239e-08 -1.1764e-09
1.61316 3.91426e-06 3.81077e-08 -1.16926e-09
1.61807 3.92021e-06 3.79921e-08 -1.16218e-09
1.62297 3.92614e-06 3.78773e-08 -1.15517e-09
1.62788 3.93207e-06 3.77632e-08 -1.14822e-09
1.63278 3.93799e-06 3.76497e-08 -1.14133e-09
1.63769 3.9439e-06 3.7537e-08 -1.1345e-09
1.64259 3.9498e-06 3.74249e-08 -1.12757e-09
1.6475 3.9557e-06 3.73135e-08 -1.12086e-09
1.6524 3.96158e-06 3.72027e-08 -1.11439e-09
1.65731 3.96745e-06 3.70926e-08 -1.1078e-09
1.66221 3.97332e-06 3.69832e-08 -1.10127e-09
1.66712 3.97918e-06 3.68744e-08 -1.0948e-09
1.67202 3.98503e-06 3.67662e-08 -1.08839e-09
1.67693 3.99087e-06 3.66586e-08 -1.08203e-09
1.68183 3.9967e-06 3.65517e-08 -1.07573e-09
1.68674 4.00253e-06 3.64454e-08 -1.06948e-09
1.69164 4.00834e-06 3.63398e-08 -1.06329e-09
1.69655 4.01415e-06 3.62347e-08 -1.05699e-09
1.70145 4.01995e-06 3.61303e-08 -1.0509e-09
1.70636 4.02574e-06 3.60264e-08 -1.04503e-09
1.71126 4.03152e-06 3.59231e-08 -1.03905e-09
1.71617 4.03729e-06 3.58205e-08 -1.03312e-09
1.72107 4.04306e-06 3.57184e-08 -1.02724e-09
1.72598 4.04881e-06 3.56169e-08 -1.02141e-09
1.73088 4.05456e-06 3.55159e-08 -1.01562e-09
1.73579 4.0603e-06 3.54156e-08 -1.00989e-09
1.74069 4.06604e-06 3.53158e-08 -1.00421e-09
1.7456 4.07176e-06 3.52165e-08 -9.98573e-10
1.7505 4.07748e-06 3.51179e-08 -9.92834e-10
1.75541 4.08319e-06 3.50198e-08 -9.87293e-10
1.76031 4.08889e-06 3.49222e-08 -9.8195e-10
1.76521 4.09458e-06 3.48251e-08 -9.765e-10
1.77012 4.10026e-06 3.47286e-08 -9.71096e-10
1.77503 4.10594e-06 3.46327e-08 -9.65736e-10
1.77993 4.11161e-06 3.45372e-08 -9.60421e-10
1.78483 4.11727e-06 3.44423e-08 -9.55149e-10
1.78974 4.12292e-06 3.43479e-08 -9.49921e-10
1.79465 4.12857e-06 3.42541e-08 -9.44735e-10
1.79955 4.13421e-06 3.41607e-08 -9.39449e-10
1.80445 4.13984e-06 3.40679e-08 -9.34349e-10
1.80936 4.14546e-06 3.39755e-08 -9.29432e-10
1.81426 4.15108e-06 3.38836e-08 -9.24414e-10
1.81917 4.15668e-06 3.37923e-08 -9.19435e-10
1.82407 4.16228e-06 3.37014e-08 -9.14497e-10
1.82898 4.16788e-06 3.3611e-08 -9.09598e-10
1.83388 4.17346e-06 3.35211e-08 -9.04739e-10
1.83879 4.17904e-06 3.34317e-08 -8.99919e-10
1.84369 4.18461e-06 3.33428e-08 -8.95137e-10
1.8486 4.19017e-06 3.32543e-08 -8.90393e-10
1.8535 4.19573e-06 3.31663e-08 -8.85552e-10
1.85841 4.20127e-06 3.30788e-08 -8.80883e-10
1.86331 4.20681e-06 3.29917e-08 -8.76386e-10
1.86822 4.21235e-06 3.29051e-08 -8.7179e-10
1.87312 4.21787e-06 3.28189e-08 -8.6723e-10
1.87803 4.22339e-06 3.27332e-08 -8.62706e-10
1.88293 4.2289e-06 3.26479e-08 -8.58217e-10
1.88784 4.23441e-06 3.25631e-08 -8.53763e-10
1.89274 4.23991e-06 3.24787e-08 -8.49344e-10
1.89765 4.2454e-06 3.23948e-08 -8.44959e-10
1.90255 4.25088e-06 3.23112e-08 -8.4048e-10
1.90746 4.25636e-06 3.22282e-08 -8.36163e-10
1.91236 4.26182e-06 3.21455e-08 -8.32007e-10
1.91727 4.26729e-06 3.20633e-08 -8.27755e-10
1.92217 4.27274e-06 3.19815e-08 -8.23536e-10
1.92708 4.27819e-06 3.19001e-08 -8.19349e-10
1.93198 4.28363e-06 3.18191e-08 -8.15193e-10
1.93689 4.28906e-06 3.17385e-08 -8.1107e-10
1.94179 4.29449e-06 3.16583e-08 -8.06977e-10
1.9467 4.29991e-06 3.15785e-08 -8.02916e-10
1.9516 4.30533e-06 3.14992e-08 -7.98885e-10
1.95651 4.31073e-06 3.14202e-08 -7.94763e-10
1.96141 4.31613e-06 3.13417e-08 -7.90793e-10
1.96632 4.32153e-06 3.12635e-08 -7.86974e-10
1.97122 4.32691e-06 3.11857e-08 -7.83062e-10
1.97613 4.33229e-06 3.11083e-08 -7.79179e-10
1.98103 4.33767e-06 3.10312e-08 -7.75326e-10
1.98594 4.34303e-06 3.09546e-08 -7.715e-10
1.99084 4.34839e-06 3.08783e-08 -7.67703e-10
1.99575 4.35375e-06 3.08024e-08 -7.63934e-10
2.00065 4.35909e-06 3.07269e-08 -7.60193e-10
2.00556 4.36443e-06 3.06518e-08 -7.56364e-10
2.01046 4.36977e-06 3.0577e-08 -7.52678e-10
2.01537 4.37509e-06 3.05026e-08 -7.49134e-10
2.02027 4.38041e-06 3.04285e-08 -7.455e-10
2.02517 4.38573e-06 3.03548e-08 -7.41893e-10
2.03008 4.39104e-06 3.02815e-08 -7.38313e-10
2.03498 4.39634e-06 3.02085e-08 -7.34758e-10
2.03989 4.40163e-06 3.01359e-08 -7.31228e-10
2.0448 4.40692e-06 3.00636e-08 -7.27724e-10
2.0497 4.4122e-06 2.99916e-08 -7.24246e-10
2.05461 4.41748e-06 2.992e-08 -7.20792e-10
2.05951 4.42275e-06 2.98488e-08 -7.17253e-10
2.06441 4.42801e-06 2.97779e-08 -7.13849e-10
2.06932 4.43327e-06 2.97073e-08 -7.10578e-10
2.07422 4.43852e-06 2.9637e-08 -7.07221e-10
2.07913 4.44377e-06 2.95671e-08 -7.03888e-10
2.08403 4.449e-06 2.94975e-08 -7.00579e-10
2.08894 4.45424e-06 2.94283e-08 -6.97292e-10
2.09384 4.45946e-06 2.93593e-08 -6.94029e-10
2.09875 4.46468e-06 2.92907e-08 -6.90789e-10
2.10365 4.4699e-06 2.92224e-08 -6.87571e-10
2.10856 4.47511e-06 2.91544e-08 -6.84272e-10
2.11346 4.48031e-06 2.90868e-08 -6.81099e-10
2.11837 4.4855e-06 2.90194e-08 -6.78053e-10
2.12327 4.49069e-06 2.89524e-08 -6.74924e-10
2.12818 4.49588e-06 2.88857e-08 -6.71816e-10
2.13308 4.50106e-06 2.88193e-08 -6.6873e-10
2.13799 4.50623e-06 2.87531e-08 -6.65665e-10
2.14289 4.51139e-06 2.86873e-08 -6.62621e-10
2.1478 4.51655e-06 2.86218e-08 -6.59598e-10
2.1527 4.52171e-06 2.85566e-08 -6.56596e-10
2.15761 4.52686e-06 2.84917e-08 -6.53614e-10
2.16251 4.532e-06 2.8427e-08 -6.50553e-10
2.16742 4.53714e-06 2.83627e-08 -6.47612e-10
2.17232 4.54227e-06 2.82987e-08 -6.44789e-10
2.17723 4.54739e-06 2.82349e-08 -6.41887e-10
2.18213 4.55251e-06 2.81715e-08 -6.39005e-10
2.18704 4.55762e-06 2.81083e-08 -6.36142e-10
2.19194 4.56273e-06 2.80454e-08 -6.33298e-10
2.19685 4.56783e-06 2.79828e-08 -6.30473e-10
2.20175 4.57293e-06 2.79204e-08 -6.27667e-10
2.20666 4.57802e-06 2.78584e-08 -6.2488e-10
2.21156 4.58311e-06 2.77966e-08 -6.22016e-10
2.21647 4.58819e-06 2.77351e-08 -6.19266e-10
2.22137 4.59326e-06 2.76738e-08 -6.16629e-10
2.22628 4.59833e-06 2.76129e-08 -6.13915e-10
2.23118 4.60339e-06 2.75522e-08 -6.11219e-10
2.23609 4.60845e-06 2.74917e-08 -6.0854e-10
2.24099 4.6135e-06 2.74316e-08 -6.05879e-10
2.2459 4.61855e-06 2.73716e-08 -6.03235e-10
2.2508 4.62359e-06 2.7312e-08 -6.00609e-10
2.25571 4.62862e-06 2.72526e-08 -5.98e-10
2.26061 4.63365e-06 2.71935e-08 -5.95408e-10
2.26552 4.63868e-06 2.71346e-08 -5.92742e-10
2.27042 4.64369e-06 2.7076e-08 -5.90183e-10
2.27533 4.64871e-06 2.70176e-08 -5.87732e-10
2.28023 4.65372e-06 2.69595e-08 -5.85206e-10
2.28513 4.65872e-06 2.69016e-08 -5.82696e-10
2.29004 4.66371e-06 2.6844e-08 -5.80203e-10
2.29494 4.66871e-06 2.67866e-08 -5.77725e-10
2.29985 4.67369e-06 2.67295e-08 -5.75264e-10
2.30476 4.67867e-06 2.66726e-08 -5.72818e-10
2.30966 4.68365e-06 2.6616e-08 -5.70387e-10
2.31456 4.68862e-06 2.65596e-08 -5.67886e-10
2.31947 4.69359e-06 2.65034e-08 -5.65486e-10
2.32437 4.69855e-06 2.64475e-08 -5.63189e-10
2.32928 4.7035e-06 2.63918e-08 -5.60819e-10
2.33418 4.70845e-06 2.63363e-08 -5.58465e-10
2.33909 4.7134e-06 2.62811e-08 -5.56125e-10
2.34399 4.71833e-06 2.62261e-08 -5.538e-10
2.3489 4.72327e-06 2.61714e-08 -5.51489e-10
2.3538 4.7282e-06 2.61168e-08 -5.49193e-10
2.35871 4.73312e-06 2.60625e-08 -5.46912e-10
2.36361 4.73804e-06 2.60084e-08 -5.44644e-10
2.36852 4.74295e-06 2.59546e-08 -5.42308e-10
2.37342 4.74786e-06 2.59009e-08 -5.40069e-10
2.37833 4.75277e-06 2.58475e-08 -5.37926e-10
2.38323 4.75766e-06 2.57943e-08 -5.35714e-10
2.38814 4.76256e-06 2.57413e-08 -5.33516e-10
2.39304 4.76745e-06 2.56886e-08 -5.31331e-10
2.39795 4.77233e-06 2.5636e-08 -5.29159e-10
2.40285 4.77721e-06 2.55837e-08 -5.27001e-10
2.40776 4.78208e-06 2.55316e-08 -5.24856e-10
2.41266 4.78695e-06 2.54797e-08 -5.22724e-10
2.41757 4.79181e-06 2.5428e-08 -5.20526e-10
2.42247 4.79667e-06 2.53765e-08 -5.1842e-10
2.42738 4.80152e-06 2.53252e-08 -5.16406e-10
2.43228 4.80637e-06 2.52742e-08 -5.14325e-10
2.43719 4.81122e-06 2.52233e-08 -5.12257e-10
2.44209 4.81606e-06 2.51726e-08 -5.10202e-10
2.447 4.82089e-06 2.51222e-08 -5.08158e-10
2.4519 4.82572e-06 2.50719e-08 -5.06127e-10
2.45681 4.83054e-06 2.50219e-08 -5.04108e-10
2.46171 4.83536e-06 2.4972e-08 -5.02101e-10
2.46662 4.84018e-06 2.49223e-08 -5.00106e-10
2.47152 4.84499e-06 2.48729e-08 -4.98047e-10
2.47643 4.84979e-06 2.48236e-08 -4.96076e-10
2.48133 4.85459e-06 2.47746e-08 -4.94193e-10
2.48624 4.85939e-06 2.47257e-08 -4.92245e-10
2.49114 4.86418e-06 2.4677e-08 -4.90308e-10
2.49605 4.86897e-06 2.46285e-08 -4.88383e-10
2.50095 4.87375e-06 2.45802e-08 -4.86469e-10
2.50586 4.87852e-06 2.45321e-08 -4.84567e-10
2.51076 4.8833e-06 2.44842e-08 -4.82675e-10
2.51567 4.88806e-06 2.44364e-08 -4.80795e-10
2.52057 4.89283e-06 2.43889e-08 -4.78852e-10
2.52548 4.89759e-06 2.43415e-08 -4.76994e-10
2.53038 4.90234e-06 2.42943e-08 -4.75219e-10
2.53529 4.90709e-06 2.42473e-08 -4.73382e-10
2.54019 4.91183e-06 2.42005e-08 -4.71556e-10
2.54509 4.91657e-06 2.41539e-08 -4.6974e-10
2.55 4.92131e-06 2.41074e-08 -4.67935e-10
2.55491 4.92604e-06 2.40611e-08 -4.6614e-10
2.55981 4.93077e-06 2.4015e-08 -4.64355e-10
2.56472 4.93549e-06 2.39691e-08 -4.62581e-10
2.56962 4.9402e-06 2.39233e-08 -4.60816e-10
2.57452 4.94492e-06 2.38777e-08 -4.58992e-10
2.57943 4.94962e-06 2.38324e-08 -4.57248e-10
2.58433 4.95433e-06 2.37871e-08 -4.55584e-10
2.58924 4.95903e-06 2.37421e-08 -4.53859e-10
2.59414 4.96372e-06 2.36972e-08 -4.52145e-10
2.59905 4.96841e-06 2.36524e-08 -4.5044e-10
2.60395 4.9731e-06 2.36079e-08 -4.48744e-10
2.60886 4.97778e-06 2.35635e-08 -4.47058e-10
2.61376 4.98246e-06 2.35193e-08 -4.45382e-10
2.61867 4.98713e-06 2.34752e-08 -4.43715e-10
2.62357 4.9918e-06 2.34313e-08 -4.4199e-10
2.62848 4.99646e-06 2.33876e-08 -4.40342e-10
2.63338 5.00112e-06 2.33441e-08 -4.38771e-10
2.63829 5.00578e-06 2.33007e-08 -4.37141e-10
2.64319 5.01043e-06 2.32574e-08 -4.3552e-10
2.6481 5.01508e-06 2.32143e-08 -4.33908e-10
2.653 5.01972e-06 2.31714e-08 -4.32305e-10
2.65791 5.02436e-06 2.31287e-08 -4.30711e-10
2.66281 5.02899e-06 2.30861e-08 -4.29125e-10
2.66772 5.03362e-06 2.30436e-08 -4.27549e-10
2.67262 5.03824e-06 2.30013e-08 -4.25981e-10
2.67753 5.04287e-06 2.29592e-08 -4.24357e-10
2.68243 5.04748e-06 2.29172e-08 -4.22806e-10
2.68734 5.0521e-06 2.28754e-08 -4.21329e-10
2.69224 5.0567e-06 2.28337e-08 -4.19795e-10
2.69715 5.06131e-06 2.27922e-08 -4.1827e-10
2.70205 5.06591e-06 2.27508e-08 -4.16752e-10
2.70696 5.0705e-06 2.27096e-08 -4.15243e-10
2.71186 5.0751e-06 2.26685e-08 -4.13743e-10
2.71677 5.07968e-06 2.26276e-08 -4.1225e-10
2.72167 5.08427e-06 2.25868e-08 -4.10765e-10
2.72658 5.08885e-06 2.25462e-08 -4.09226e-10
2.73148 5.09342e-06 2.25057e-08 -4.07758e-10
2.73639 5.09799e-06 2.24654e-08 -4.0636e-10
2.74129 5.10256e-06 2.24252e-08 -4.04907e-10
2.7462 5.10712e-06 2.23851e-08 -4.03462e-10
2.7511 5.11168e-06 2.23452e-08 -4.02024e-10
2.75601 5.11624e-06 2.23054e-08 -4.00595e-10
2.76091 5.12079e-06 2.22658e-08 -3.99172e-10
2.76582 5.12533e-06 2.22263e-08 -3.97758e-10
2.77072 5.12988e-06 2.2187e-08 -3.96351e-10
2.77563 5.13441e-06 2.21477e-08 -3.94951e-10
2.78053 5.13895e-06 2.21087e-08 -3.93499e-10
2.78544 5.14348e-06 2.20698e-08 -3.92114e-10
2.79034 5.14801e-06 2.2031e-08 -3.90797e-10
2.79524 5.15253e-06 2.19923e-08 -3.89427e-10
2.80015 5.15705e-06 2.19538e-08 -3.88064e-10
2.80505 5.16156e-06 2.19154e-08 -3.86708e-10
2.80996 5.16607e-06 2.18771e-08 -3.85359e-10
2.81487 5.17058e-06 2.1839e-08 -3.84017e-10
2.81977 5.17508e-06 2.1801e-08 -3.82682e-10
2.82468 5.17958e-06 2.17632e-08 -3.81354e-10
2.82958 5.18408e-06 2.17254e-08 -3.79975e-10
2.83448 5.18857e-06 2.16879e-08 -3.78661e-10
2.83939 5.19306e-06 2.16504e-08 -3.77412e-10
2.84429 5.19754e-06 2.16131e-08 -3.76111e-10
2.8492 5.20202e-06 2.15758e-08 -3.74817e-10
2.8541 5.20649e-06 2.15388e-08 -3.7353e-10
2.85901 5.21097e-06 2.15018e-08 -3.7225e-10
2.86391 5.21543e-06 2.1465e-08 -3.70976e-10
2.86882 5.2199e-06 2.14283e-08 -3.69708e-10
2.87372 5.22436e-06 2.13917e-08 -3.68447e-10
2.87863 5.22882e-06 2.13553e-08 -3.67193e-10
2.88353 5.23327e-06 2.13189e-08 -3.65889e-10
2.88844 5.23772e-06 2.12827e-08 -3.64647e-10
2.89334 5.24216e-06 2.12467e-08 -3.63467e-10
2.89825 5.2466e-06 2.12107e-08 -3.62238e-10
2.90315 5.25104e-06 2.11749e-08 -3.61015e-10
2.90806 5.25548e-06 2.11391e-08 -3.59798e-10
2.91296 5.25991e-06 2.11036e-08 -3.58588e-10
2.91787 5.26433e-06 2.10681e-08 -3.57383e-10
2.92277 5.26875e-06 2.10327e-08 -3.56185e-10
2.92768 5.27317e-06 2.09975e-08 -3.54992e-10
2.93258 5.27759e-06 2.09624e-08 -3.53752e-10
2.93749 5.282e-06 2.09274e-08 -3.52571e-10
2.94239 5.28641e-06 2.08925e-08 -3.51451e-10
2.9473 5.29081e-06 2.08577e-08 -3.50282e-10
2.9522 5.29521e-06 2.08231e-08 -3.49119e-10
2.95711 5.29961e-06 2.07885e-08 -3.47961e-10
2.96201 5.304e-06 2.07541e-08 -3.4681e-10
2.96692 5.30839e-06 2.07198e-08 -3.45664e-10
2.97182 5.31278e-06 2.06856e-08 -3.44524e-10
2.97673 5.31716e-06 2.06515e-08 -3.4339e-10
2.98163 5.32154e-06 2.06175e-08 -3.42261e-10
2.98654 5.32592e-06 2.05837e-08 -3.41085e-10
2.99144 5.33029e-06 2.05499e-08 -3.39968e-10
2.99635 5.33466e-06 2.05163e-08 -3.38908e-10
3.00125 5.33902e-06 2.04827e-08 -3.37801e-10
3.00616 5.34338e-06 2.04493e-08 -3.36699e-10
3.01106 5.34774e-06 2.0416e-08 -3.35603e-10
3.01597 5.35209e-06 2.03828e-08 -3.34512e-10
3.02087 5.35644e-06 2.03497e-08 -3.33427e-10
3.02578 5.36079e-06 2.03167e-08 -3.32347e-10
3.03068 5.36513e-06 2.02838e-08 -3.31272e-10
3.03559 5.36947e-06 2.02511e-08 -3.30152e-10
3.04049 5.37381e-06 2.02184e-08 -3.29088e-10
3.0454 5.37814e-06 2.01858e-08 -3.28079e-10
3.0503 5.38247e-06 2.01534e-08 -3.27024e-10
3.0552 5.3868e-06 2.0121e-08 -3.25975e-10
3.06011 5.39112e-06 2.00888e-08 -3.24931e-10
3.06501 5.39544e-06 2.00566e-08 -3.23892e-10
3.06992 5.39975e-06 2.00246e-08 -3.22858e-10
3.07483 5.40407e-06 1.99926e-08 -3.21828e-10
3.07973 5.40837e-06 1.99608e-08 -3.20804e-10
3.08464 5.41268e-06 1.99291e-08 -3.19785e-10
3.08954 5.41698e-06 1.98974e-08 -3.18721e-10
3.09444 5.42128e-06 1.98659e-08 -3.17712e-10
3.09935 5.42557e-06 1.98344e-08 -3.16756e-10
3.10425 5.42987e-06 1.98031e-08 -3.15755e-10
3.10916 5.43415e-06 1.97719e-08 -3.1476e-10
3.11406 5.43844e-06 1.97407e-08 -3.13769e-10
3.11897 5.44272e-06 1.97097e-08 -3.12783e-10
3.12387 5.447e-06 1.96787e-08 -3.11801e-10
3.12878 5.45127e-06 1.96479e-08 -3.10825e-10
3.13368 5.45554e-06 1.96171e-08 -3.09852e-10
3.13859 5.45981e-06 1.95865e-08 -3.08837e-10
3.14349 5.46408e-06 1.95559e-08 -3.07874e-10
3.1484 5.46834e-06 1.95254e-08 -3.06963e-10
3.1533 5.4726e-06 1.94951e-08 -3.06009e-10
3.15821 5.47685e-06 1.94648e-08 -3.05059e-10
3.16311 5.4811e-06 1.94346e-08 -3.04113e-10
3.16802 5.48535e-06 1.94045e-08 -3.03173e-10
3.17292 5.48959e-06 1.93745e-08 -3.02236e-10
3.17783 5.49384e-06 1.93446e-08 -3.01304e-10
3.18273 5.49807e-06 1.93148e-08 -3.00376e-10
3.18764 5.50231e-06 1.92851e-08 -2.99452e-10
3.19254 5.50654e-06 1.92555e-08 -2.98487e-10
3.19745 5.51077e-06 1.92259e-08 -2.97572e-10
3.20235 5.51499e-06 1.91965e-08 -2.96706e-10
3.20726 5.51922e-06 1.91671e-08 -2.958e-10
3.21216 5.52343e-06 1.91378e-08 -2.94897e-10
3.21707 5.52765e-06 1.91087e-08 -2.93998e-10
3.22197 5.53186e-06 1.90796e-08 -2.93104e-10
3.22688 5.53607e-06 1.90506e-08 -2.92213e-10
3.23178 5.54028e-06 1.90217e-08 -2.91327e-10
3.23669 5.54448e-06 1.89928e-08 -2.90445e-10
3.24159 5.54868e-06 1.89641e-08 -2.89522e-10
3.2465 5.55288e-06 1.89355e-08 -2.88648e-10
3.2514 5.55707e-06 1.89069e-08 -2.87822e-10
3.25631 5.56126e-06 1.88784e-08 -2.86956e-10
3.26121 5.56545e-06 1.885e-08 -2.86093e-10
3.26612 5.56963e-06 1.88217e-08 -2.85234e-10
3.27102 5.57381e-06 1.87935e-08 -2.8438e-10
3.27593 5.57799e-06 1.87653e-08 -2.83529e-10
3.28083 5.58216e-06 1.87373e-08 -2.82681e-10
3.28574 5.58633e-06 1.87093e-08 -2.81838e-10
3.29064 5.5905e-06 1.86814e-08 -2.80998e-10
3.29555 5.59467e-06 1.86536e-08 -2.8012e-10
3.30045 5.59883e-06 1.86259e-08 -2.79288e-10
3.30536 5.60299e-06 1.85983e-08 -2.78502e-10
3.31026 5.60714e-06 1.85707e-08 -2.77678e-10
3.31516 5.61129e-06 1.85432e-08 -2.76856e-10
3.32007 5.61544e-06 1.85158e-08 -2.76039e-10
3.32497 5.61959e-06 1.84885e-08 -2.75225e-10
3.32988 5.62373e-06 1.84613e-08 -2.74415e-10
3.33479 5.62787e-06 1.84341e-08 -2.73608e-10
3.33969 5.63201e-06 1.84071e-08 -2.72805e-10
3.34459 5.63615e-06 1.83801e-08 -2.71964e-10
3.3495 5.64028e-06 1.83532e-08 -2.71168e-10
3.3544 5.64441e-06 1.83263e-08 -2.70417e-10
3.35931 5.64853e-06 1.82996e-08 -2.69628e-10
3.36421 5.65265e-06 1.82729e-08 -2.68842e-10
3.36912 5.65677e-06 1.82463e-08 -2.6806e-10
3.37402 5.66089e-06 1.82197e-08 -2.67281e-10
3.37893 5.665e-06 1.81933e-08 -2.66506e-10
3.38383 5.66911e-06 1.81669e-08 -2.65734e-10
3.38874 5.67322e-06 1.81406e-08 -2.64965e-10
3.39364 5.67732e-06 1.81144e-08 -2.642e-10
3.39855 5.68142e-06 1.80883e-08 -2.63397e-10
3.40345 5.68552e-06 1.80622e-08 -2.62639e-10
3.40836 5.68962e-06 1.80362e-08 -2.61924e-10
3.41326 5.69371e-06 1.80103e-08 -2.61171e-10
3.41817 5.6978e-06 1.79844e-08 -2.60422e-10
3.42307 5.70189e-06 1.79587e-08 -2.59676e-10
3.42798 5.70597e-06 1.7933e-08 -2.58934e-10
3.43288 5.71005e-06 1.79074e-08 -2.58194e-10
3.43779 5.71413e-06 1.78818e-08 -2.57458e-10
3.44269 5.7182e-06 1.78563e-08 -2.56725e-10
3.4476 5.72228e-06 1.78309e-08 -2.55995e-10
3.4525 5.72634e-06 1.78056e-08 -2.55229e-10
3.45741 5.73041e-06 1.77803e-08 -2.54506e-10
3.46231 5.73447e-06 1.77552e-08 -2.53824e-10
3.46722 5.73853e-06 1.773e-08 -2.53106e-10
3.47212 5.74259e-06 1.7705e-08 -2.52392e-10
3.47703 5.74665e-06 1.768e-08 -2.5168e-10
3.48193 5.7507e-06 1.76551e-08 -2.50971e-10
3.48684 5.75475e-06 1.76303e-08 -2.50266e-10
3.49174 5.75879e-06 1.76055e-08 -2.49563e-10
3.49665 5.76284e-06 1.75808e-08 -2.48864e-10
3.50155 5.76688e-06 1.75562e-08 -2.48129e-10
3.50646 5.77092e-06 1.75316e-08 -2.47435e-10
3.51136 5.77495e-06 1.75071e-08 -2.46782e-10
3.51627 5.77898e-06 1.74827e-08 -2.46094e-10
3.52117 5.78301e-06 1.74584e-08 -2.45409e-10
3.52608 5.78704e-06 1.74341e-08 -2.44727e-10
3.53098 5.79106e-06 1.74099e-08 -2.44047e-10
3.53589 5.79508e-06 1.73857e-08 -2.43371e-10
3.54079 5.7991e-06 1.73616e-08 -2.42697e-10
3.5457 5.80312e-06 1.73376e-08 -2.42026e-10
3.5506 5.80713e-06 1.73137e-08 -2.41358e-10
3.55551 5.81114e-06 1.72898e-08 -2.40655e-10
3.56041 5.81514e-06 1.7266e-08 -2.39993e-10
3.56532 5.81915e-06 1.72422e-08 -2.3937e-10
3.57022 5.82315e-06 1.72185e-08 -2.38712e-10
3.57512 5.82715e-06 1.71949e-08 -2.38058e-10
3.58003 5.83114e-06 1.71713e-08 -2.37406e-10
3.58494 5.83514e-06 1.71478e-08 -2.36757e-10
3.58984 5.83913e-06 1.71244e-08 -2.3611e-10
3.59475 5.84312e-06 1.7101e-08 -2.35466e-10
3.59965 5.8471e-06 1.70777e-08 -2.34825e-10
3.60455 5.85108e-06 1.70545e-08 -2.34151e-10
3.60946 5.85506e-06 1.70313e-08 -2.33515e-10
3.61436 5.85904e-06 1.70082e-08 -2.32917e-10
3.61927 5.86301e-06 1.69852e-08 -2.32286e-10
3.62417 5.86699e-06 1.69622e-08 -2.31658e-10
3.62908 5.87095e-06 1.69392e-08 -2.31032e-10
3.63398 5.87492e-06 1.69164e-08 -2.30409e-10
3.63889 5.87888e-06 1.68936e-08 -2.29788e-10
3.64379 5.88284e-06 1.68708e-08 -2.2917e-10
3.6487 5.8868e-06 1.68482e-08 -2.28554e-10
3.6536 5.89076e-06 1.68255e-08 -2.27941e-10
3.65851 5.89471e-06 1.6803e-08 -2.27295e-10
3.66341 5.89866e-06 1.67805e-08 -2.26687e-10
3.66832 5.90261e-06 1.67581e-08 -2.26116e-10
3.67322 5.90655e-06 1.67357e-08 -2.25512e-10
3.67813 5.9105e-06 1.67134e-08 -2.24911e-10
3.68303 5.91444e-06 1.66911e-08 -2.24313e-10
3.68794 5.91837e-06 1.66689e-08 -2.23716e-10
3.69284 5.92231e-06 1.66468e-08 -2.23122e-10
3.69775 5.92624e-06 1.66247e-08 -2.22531e-10
3.70265 5.93017e-06 1.66027e-08 -2.21942e-10
3.70756 5.93409e-06 1.65807e-08 -2.21321e-10
3.71246 5.93802e-06 1.65588e-08 -2.20737e-10
3.71737 5.94194e-06 1.65369e-08 -2.20188e-10
3.72227 5.94586e-06 1.65151e-08 -2.19608e-10
3.72718 5.94977e-06 1.64934e-08 -2.19031e-10
3.73208 5.95369e-06 1.64717e-08 -2.18455e-10
3.73699 5.9576e-06 1.64501e-08 -2.17882e-10
3.74189 5.96151e-06 1.64286e-08 -2.17311e-10
3.7468 5.96541e-06 1.6407e-08 -2.16743e-10
3.7517 5.96932e-06 1.63856e-08 -2.16176e-10
3.75661 5.97322e-06 1.63642e-08 -2.15612e-10
3.76151 5.97712e-06 1.63429e-08 -2.15017e-10
3.76642 5.98101e-06 1.63216e-08 -2.14458e-10
3.77132 5.9849e-06 1.63004e-08 -2.13933e-10
3.77623 5.9888e-06 1.62792e-08 -2.13378e-10
3.78113 5.99268e-06 1.62581e-08 -2.12824e-10
3.78604 5.99657e-06 1.6237e-08 -2.12273e-10
3.79094 6.00045e-06 1.6216e-08 -2.11724e-10
3.79585 6.00433e-06 1.6195e-08 -2.11177e-10
3.80075 6.00821e-06 1.61741e-08 -2.10633e-10
3.80566 6.01209e-06 1.61533e-08 -2.1009e-10
3.81056 6.01596e-06 1.61325e-08 -2.09518e-10
3.81547 6.01983e-06 1.61118e-08 -2.08979e-10
3.82037 6.0237e-06 1.60911e-08 -2.08475e-10
3.82527 6.02756e-06 1.60704e-08 -2.07941e-10
3.83018 6.03143e-06 1.60499e-08 -2.07408e-10
3.83508 6.03529e-06 1.60293e-08 -2.06878e-10
3.83999 6.03915e-06 1.60089e-08 -2.0635e-10
3.8449 6.043e-06 1.59884e-08 -2.05824e-10
3.8498 6.04685e-06 1.59681e-08 -2.053e-10
3.85471 6.05071e-06 1.59477e-08 -2.04778e-10
3.85961 6.05455e-06 1.59275e-08 -2.04257e-10
3.86451 6.0584e-06 1.59073e-08 -2.03708e-10
3.86942 6.06224e-06 1.58871e-08 -2.03192e-10
3.87432 6.06608e-06 1.5867e-08 -2.02709e-10
3.87923 6.06992e-06 1.58469e-08 -2.02197e-10
3.88413 6.07376e-06 1.58269e-08 -2.01686e-10
3.88904 6.07759e-06 1.5807e-08 -2.01178e-10
3.89394 6.08142e-06 1.5787e-08 -2.00671e-10
3.89885 6.08525e-06 1.57672e-08 -2.00167e-10
3.90375 6.08908e-06 1.57474e-08 -1.99664e-10
3.90866 6.0929e-06 1.57276e-08 -1.99163e-10
3.91356 6.09673e-06 1.57079e-08 -1.98634e-10
3.91847 6.10055e-06 1.56882e-08 -1.98137e-10
3.92337 6.10436e-06 1.56686e-08 -1.97672e-10
3.92828 6.10818e-06 1.56491e-08 -1.97179e-10
3.93318 6.11199e-06 1.56295e-08 -1.96687e-10
3.93809 6.1158e-06 1.56101e-08 -1.96198e-10
3.94299 6.11961e-06 1.55907e-08 -1.9571e-10
3.9479 6.12341e-06 1.55713e-08 -1.95224e-10
3.9528 6.12721e-06 1.5552e-08 -1.9474e-10
3.95771 6.13101e-06 1.55327e-08 -1.94257e-10
3.96261 6.13481e-06 1.55135e-08 -1.93777e-10
3.96752 6.13861e-06 1.54943e-08 -1.93268e-10
3.97242 6.1424e-06 1.54752e-08 -1.92791e-10
3.97733 6.14619e-06 1.54561e-08 -1.92346e-10
3.98223 6.14998e-06 1.5437e-08 -1.91872e-10
3.98714 6.15377e-06 1.5418e-08 -1.914e-10
3.99204 6.15755e-06 1.53991e-08 -1.9093e-10
3.99695 6.16133e-06 1.53802e-08 -1.90462e-10
4.00185 6.16511e-06 1.53614e-08 -1.89995e-10
4.00676 6.16889e-06 1.53425e-08 -1.8953e-10
4.01166 6.17266e-06 1.53238e-08 -1.89067e-10
4.01657 6.17644e-06 1.53051e-08 -1.88577e-10
4.02147 6.18021e-06 1.52864e-08 -1.88117e-10
4.02638 6.18397e-06 1.52678e-08 -1.87688e-10
4.03128 6.18774e-06 1.52492e-08 -1.87231e-10
4.03619 6.1915e-06 1.52307e-08 -1.86777e-10
4.04109 6.19526e-06 1.52122e-08 -1.86323e-10
4.046 6.19902e-06 1.51938e-08 -1.85872e-10
4.0509 6.20278e-06 1.51754e-08 -1.85422e-10
4.05581 6.20653e-06 1.5157e-08 -1.84974e-10
4.06071 6.21028e-06 1.51387e-08 -1.84527e-10
4.06562 6.21403e-06 1.51204e-08 -1.84082e-10
4.07052 6.21778e-06 1.51022e-08 -1.83611e-10
4.07543 6.22153e-06 1.5084e-08 -1.83169e-10
4.08033 6.22527e-06 1.50659e-08 -1.82757e-10
4.08523 6.22901e-06 1.50478e-08 -1.82318e-10
4.09014 6.23275e-06 1.50298e-08 -1.81881e-10
4.09504 6.23648e-06 1.50118e-08 -1.81446e-10
4.09995 6.24022e-06 1.49938e-08 -1.81012e-10
4.10485 6.24395e-06 1.49759e-08 -1.8058e-10
4.10976 6.24768e-06 1.4958e-08 -1.80149e-10
4.11466 6.25141e-06 1.49402e-08 -1.7972e-10
4.11957 6.25513e-06 1.49224e-08 -1.79265e-10
4.12447 6.25885e-06 1.49047e-08 -1.78838e-10
4.12938 6.26257e-06 1.4887e-08 -1.78441e-10
4.13428 6.26629e-06 1.48693e-08 -1.78018e-10
4.13919 6.27001e-06 1.48517e-08 -1.77596e-10
4.14409 6.27372e-06 1.48341e-08 -1.77176e-10
4.149 6.27743e-06 1.48166e-08 -1.76758e-10
4.1539 6.28114e-06 1.47991e-08 -1.7634e-10
4.15881 6.28485e-06 1.47816e-08 -1.75925e-10
4.16371 6.28856e-06 1.47642e-08 -1.7551e-10
4.16862 6.29226e-06 1.47468e-08 -1.75098e-10
4.17352 6.29596e-06 1.47295e-08 -1.7466e-10
4.17843 6.29966e-06 1.47122e-08 -1.7425e-10
4.18333 6.30335e-06 1.46949e-08 -1.73868e-10
4.18824 6.30705e-06 1.46777e-08 -1.73461e-10
4.19314 6.31074e-06 1.46606e-08 -1.73055e-10
4.19805 6.31443e-06 1.46434e-08 -1.72651e-10
4.20295 6.31812e-06 1.46264e-08 -1.72249e-10
4.20786 6.3218e-06 1.46093e-08 -1.71847e-10
4.21276 6.32549e-06 1.45923e-08 -1.71447e-10
4.21767 6.32917e-06 1.45753e-08 -1.71049e-10
4.22257 6.33285e-06 1.45584e-08 -1.70626e-10
4.22748 6.33652e-06 1.45415e-08 -1.7023e-10
4.23238 6.3402e-06 1.45247e-08 -1.69861e-10
4.23729 6.34387e-06 1.45078e-08 -1.69468e-10
4.24219 6.34754e-06 1.44911e-08 -1.69077e-10
4.2471 6.35121e-06 1.44743e-08 -1.68686e-10
4.252 6.35488e-06 1.44576e-08 -1.68298e-10
4.25691 6.35854e-06 1.4441e-08 -1.6791e-10
4.26181 6.3622e-06 1.44243e-08 -1.67524e-10
4.26672 6.36586e-06 1.44078e-08 -1.67139e-10
4.27162 6.36952e-06 1.43912e-08 -1.66755e-10
4.27653 6.37318e-06 1.43747e-08 -1.66347e-10
4.28143 6.37683e-06 1.43583e-08 -1.65966e-10
4.28634 6.38048e-06 1.43418e-08 -1.65612e-10
4.29124 6.38413e-06 1.43254e-08 -1.65234e-10
4.29615 6.38778e-06 1.43091e-08 -1.64857e-10
4.30105 6.39143e-06 1.42928e-08 -1.64481e-10
4.30596 6.39507e-06 1.42765e-08 -1.64106e-10
4.31086 6.39871e-06 1.42602e-08 -1.63733e-10
4.31577 6.40235e-06 1.4244e-08 -1.63361e-10
4.32067 6.40599e-06 1.42279e-08 -1.6299e-10
4.32558 6.40962e-06 1.42117e-08 -1.62596e-10
4.33048 6.41325e-06 1.41956e-08 -1.62228e-10
4.33538 6.41689e-06 1.41796e-08 -1.61886e-10
4.34029 6.42051e-06 1.41635e-08 -1.6152e-10
4.3452 6.42414e-06 1.41476e-08 -1.61156e-10
4.3501 6.42777e-06 1.41316e-08 -1.60793e-10
4.35501 6.43139e-06 1.41157e-08 -1.60431e-10
4.35991 6.43501e-06 1.40998e-08 -1.6007e-10
4.36482 6.43863e-06 1.4084e-08 -1.5971e-10
4.36972 6.44225e-06 1.40681e-08 -1.59352e-10
4.37462 6.44586e-06 1.40524e-08 -1.58995e-10
4.37953 6.44947e-06 1.40366e-08 -1.58615e-10
4.38443 6.45308e-06 1.40209e-08 -1.5826e-10
4.38934 6.45669e-06 1.40053e-08 -1.57931e-10
4.39424 6.4603e-06 1.39896e-08 -1.57578e-10
4.39915 6.4639e-06 1.3974e-08 -1.57227e-10
4.40405 6.46751e-06 1.39585e-08 -1.56877e-10
4.40896 6.47111e-06 1.39429e-08 -1.56528e-10
4.41386 6.4747e-06 1.39274e-08 -1.5618e-10
4.41877 6.4783e-06 1.3912e-08 -1.55834e-10
4.42367 6.4819e-06 1.38966e-08 -1.55489e-10
4.42858 6.48549e-06 1.38812e-08 -1.55121e-10
4.43348 6.48908e-06 1.38658e-08 -1.54778e-10
4.43839 6.49267e-06 1.38505e-08 -1.54459e-10
4.44329 6.49625e-06 1.38352e-08 -1.54118e-10
4.4482 6.49984e-06 1.38199e-08 -1.53779e-10
4.4531 6.50342e-06 1.38047e-08 -1.5344e-10
4.45801 6.507e-06 1.37895e-08 -1.53103e-10
4.46291 6.51058e-06 1.37744e-08 -1.52766e-10
4.46782 6.51416e-06 1.37593e-08 -1.52431e-10
4.47272 6.51773e-06 1.37442e-08 -1.52097e-10
4.47763 6.5213e-06 1.37291e-08 -1.51764e-10
4.48253 6.52487e-06 1.37141e-08 -1.51409e-10
4.48744 6.52844e-06 1.36991e-08 -1.51078e-10
4.49234 6.53201e-06 1.36841e-08 -1.50771e-10
4.49725 6.53558e-06 1.36692e-08 -1.50443e-10
4.50215 6.53914e-06 1.36543e-08 -1.50115e-10
4.50706 6.5427e-06 1.36395e-08 -1.49788e-10
4.51196 6.54626e-06 1.36246e-08 -1.49463e-10
4.51687 6.54982e-06 1.36098e-08 -1.49139e-10
4.52177 6.55337e-06 1.35951e-08 -1.48815e-10
4.52668 6.55692e-06 1.35804e-08 -1.48493e-10
4.53158 6.56048e-06 1.35657e-08 -1.48149e-10
4.53649 6.56403e-06 1.3551e-08 -1.47829e-10
4.54139 6.56757e-06 1.35364e-08 -1.47532e-10
4.5463 6.57112e-06 1.35217e-08 -1.47214e-10
4.5512 6.57466e-06 1.35072e-08 -1.46897e-10
4.55611 6.5782e-06 1.34926e-08 -1.46581e-10
4.56101 6.58174e-06 1.34781e-08 -1.46266e-10
4.56592 6.58528e-06 1.34636e-08 -1.45952e-10
4.57082 6.58882e-06 1.34492e-08 -1.45638e-10
4.57573 6.59235e-06 1.34348e-08 -1.45326e-10
4.58063 6.59589e-06 1.34204e-08 -1.45015e-10
4.58554 6.59942e-06 1.3406e-08 -1.44683e-10
4.59044 6.60294e-06 1.33917e-08 -1.44374e-10
4.59535 6.60647e-06 1.33774e-08 -1.44088e-10
4.60025 6.61e-06 1.33632e-08 -1.43781e-10
4.60515 6.61352e-06 1.33489e-08 -1.43475e-10
4.61006 6.61704e-06 1.33347e-08 -1.4317e-10
4.61496 6.62056e-06 1.33205e-08 -1.42866e-10
4.61987 6.62408e-06 1.33064e-08 -1.42562e-10
4.62477 6.62759e-06 1.32923e-08 -1.4226e-10
4.62968 6.63111e-06 1.32782e-08 -1.41959e-10
4.63459 6.63462e-06 1.32642e-08 -1.41637e-10
4.63949 6.63813e-06 1.32501e-08 -1.41338e-10
4.64439 6.64164e-06 1.32361e-08 -1.41061e-10
4.6493 6.64514e-06 1.32222e-08 -1.40763e-10
4.6542 6.64865e-06 1.32082e-08 -1.40467e-10
4.65911 6.65215e-06 1.31943e-08 -1.40171e-10
4.66401 6.65565e-06 1.31805e-08 -1.39877e-10
4.66892 6.65915e-06 1.31666e-08 -1.39583e-10
4.67382 6.66264e-06 1.31528e-08 -1.3929e-10
4.67873 6.66614e-06 1.3139e-08 -1.38998e-10
4.68363 6.66963e-06 1.31252e-08 -1.38707e-10
4.68854 6.67312e-06 1.31115e-08 -1.38396e-10
4.69344 6.67661e-06 1.30978e-08 -1.38107e-10
4.69835 6.6801e-06 1.30841e-08 -1.3784e-10
4.70325 6.68359e-06 1.30705e-08 -1.37552e-10
4.70816 6.68707e-06 1.30569e-08 -1.37266e-10
4.71306 6.69055e-06 1.30433e-08 -1.3698e-10
4.71797 6.69403e-06 1.30297e-08 -1.36696e-10
4.72287 6.69751e-06 1.30162e-08 -1.36412e-10
4.72778 6.70099e-06 1.30027e-08 -1.36129e-10
4.73268 6.70447e-06 1.29892e-08 -1.35847e-10
4.73759 6.70794e-06 1.29758e-08 -1.35545e-10
4.74249 6.71141e-06 1.29624e-08 -1.35265e-10
4.7474 6.71488e-06 1.2949e-08 -1.35006e-10
4.7523 6.71835e-06 1.29356e-08 -1.34728e-10
4.75721 6.72181e-06 1.29223e-08 -1.3445e-10
4.76211 6.72528e-06 1.2909e-08 -1.34173e-10
4.76702 6.72874e-06 1.28957e-08 -1.33897e-10
4.77192 6.7322e-06 1.28824e-08 -1.33622e-10
4.77683 6.73566e-06 1.28692e-08 -1.33348e-10
4.78173 6.73912e-06 1.2856e-08 -1.33074e-10
4.78664 6.74257e-06 1.28428e-08 -1.32802e-10
4.79154 6.74603e-06 1.28297e-08 -1.3251e-10
4.79645 6.74948e-06 1.28165e-08 -1.32239e-10
4.80135 6.75293e-06 1.28035e-08 -1.31989e-10
4.80626 6.75638e-06 1.27904e-08 -1.3172e-10
4.81116 6.75982e-06 1.27773e-08 -1.31451e-10
4.81607 6.76327e-06 1.27643e-08 -1.31184e-10
4.82097 6.76671e-06 1.27513e-08 -1.30917e-10
4.82588 6.77015e-06 1.27384e-08 -1.30651e-10
4.83078 6.77359e-06 1.27255e-08 -1.30386e-10
4.83569 6.77703e-06 1.27125e-08 -1.30121e-10
4.84059 6.78047e-06 1.26997e-08 -1.29838e-10
4.84549 6.7839e-06 1.26868e-08 -1.29575e-10
4.8504 6.78733e-06 1.2674e-08 -1.29333e-10
4.85531 6.79077e-06 1.26612e-08 -1.29072e-10
4.86021 6.79419e-06 1.26484e-08 -1.28811e-10
4.86512 6.79762e-06 1.26356e-08 -1.28552e-10
4.87002 6.80105e-06 1.26229e-08 -1.28293e-10
4.87493 6.80447e-06 1.26102e-08 -1.28035e-10
4.87983 6.80789e-06 1.25975e-08 -1.27778e-10
4.88474 6.81131e-06 1.25849e-08 -1.27521e-10
4.88964 6.81473e-06 1.25723e-08 -1.27265e-10
4.89454 6.81815e-06 1.25597e-08 -1.26991e-10
4.89945 6.82157e-06 1.25471e-08 -1.26737e-10
4.90435 6.82498e-06 1.25345e-08 -1.26503e-10
4.90926 6.82839e-06 1.2522e-08 -1.2625e-10
4.91416 6.8318e-06 1.25095e-08 -1.25998e-10
4.91907 6.83521e-06 1.24971e-08 -1.25747e-10
4.92397 6.83862e-06 1.24846e-08 -1.25497e-10
4.92888 6.84202e-06 1.24722e-08 -1.25247e-10
4.93378 6.84543e-06 1.24598e-08 -1.24998e-10
4.93869 6.84883e-06 1.24474e-08 -1.2475e-10
4.94359 6.85223e-06 1.24351e-08 -1.24484e-10
4.9485 6.85563e-06 1.24227e-08 -1.24237e-10
4.9534 6.85902e-06 1.24104e-08 -1.2401e-10
4.95831 6.86242e-06 1.23982e-08 -1.23765e-10
4.96321 6.86581e-06 1.23859e-08 -1.2352e-10
4.96812 6.8692e-06 1.23737e-08 -1.23277e-10
4.97302 6.87259e-06 1.23615e-08 -1.23034e-10
4.97793 6.87598e-06 1.23493e-08 -1.22791e-10
4.98283 6.87937e-06 1.23371e-08 -1.2255e-10
4.98774 6.88275e-06 1.2325e-08 -1.22309e-10
4.99264 6.88614e-06 1.23129e-08 -1.22068e-10
4.99755 6.88952e-06 1.23008e-08 -1.2181e-10
5.00245 6.8929e-06 1.22887e-08 -1.21534e-10
