7.55149 inf
0.102981 inf
9.41436 inf
0.105961 inf
0.108942 inf
9.41734 inf
0.111922 inf
5.68862 inf
7.55447 inf
11.2772 inf
5.6916 inf
7.55745 inf
3.82574 inf
11.2802 inf
0.114903 inf
3.82873 inf
0.117884 inf
7.56043 inf
5.69458 inf
1.96287 inf
1.96585 inf
1.96883 inf
1.97181 inf
11.2832 inf
9.42032 inf
11.2862 inf
9.4233 inf
11.2892 inf
13.1401 inf
7.56341 inf
0.120864 inf
7.56639 inf
13.1431 inf
1.9748 inf
9.42629 inf
3.83171 inf
13.1461 inf
3.83469 inf
9.42927 inf
5.69756 inf
1.97778 inf
13.1491 inf
9.43225 inf
5.70054 inf
3.83767 inf
0.123845 inf
13.152 inf
3.84065 inf
9.43523 inf
1.98076 inf
11.2921 inf
5.70352 inf
13.155 inf
3.84363 inf
7.56937 inf
9.43821 inf
3.84661 inf
1.98374 inf
7.57235 inf
5.7065 inf
3.84959 inf
9.44119 inf
13.158 inf
7.57533 inf
11.2951 inf
1.98672 inf
7.57832 inf
3.85257 inf
0.126825 inf
5.70948 inf
9.44417 inf
13.161 inf
1.9897 inf
9.44715 inf
1.99268 inf
0.129806 inf
11.2981 inf
3.85555 inf
7.5813 inf
1.99566 inf
1.99864 inf
5.71246 inf
2.00162 inf
13.1639 inf
7.58428 inf
0.132787 inf
9.45013 inf
3.85853 inf
5.71544 inf
0.135767 inf
11.3011 inf
11.3041 inf
11.307 inf
11.31 inf
11.313 inf
7.58726 inf
11.316 inf
0.138748 inf
3.86151 inf
9.45311 inf
5.71842 inf
2.0046 inf
13.1669 inf
11.319 inf
9.45609 inf
2.00758 inf
2.01056 inf
3.86449 inf
5.7214 inf
2.01354 inf
0.141728 inf
7.59024 inf
9.45907 inf
0.144709 inf
3.86747 inf
11.3219 inf
5.72438 inf
3.87045 inf
9.46205 inf
13.1699 inf
2.01652 inf
11.3249 inf
5.72736 inf
7.59322 inf
0.14769 inf
11.3279 inf
13.1729 inf
7.5962 inf
5.73035 inf
9.46503 inf
3.87344 inf
5.73333 inf
2.0195 inf
3.87642 inf
9.46801 inf
2.02248 inf
7.59918 inf
0.15067 inf
9.47099 inf
0.153651 inf
13.1759 inf
7.60216 inf
11.3309 inf
9.47397 inf
7.60514 inf
0.156631 inf
3.8794 inf
11.3339 inf
9.47696 inf
2.02547 inf
7.60812 inf
3.88238 inf
2.02845 inf
13.1789 inf
5.73631 inf
0.159612 inf
11.3369 inf
5.73929 inf
2.03143 inf
13.1818 inf
7.6111 inf
2.03441 inf
5.74227 inf
9.47994 inf
3.88536 inf
0.162593 inf
2.03739 inf
5.74525 inf
11.3398 inf
13.1848 inf
9.48292 inf
5.74823 inf
7.61408 inf
2.04037 inf
5.75121 inf
3.88834 inf
9.4859 inf
7.61706 inf
13.1878 inf
5.75419 inf
7.62004 inf
9.48888 inf
5.75717 inf
11.3428 inf
0.165573 inf
3.89132 inf
7.62303 inf
13.1908 inf
3.8943 inf
11.3458 inf
0.168554 inf
9.49186 inf
3.89728 inf
2.04335 inf
3.90026 inf
9.49484 inf
11.3488 inf
5.76015 inf
13.1938 inf
3.90324 inf
9.49782 inf
7.62601 inf
9.5008 inf
0.171534 inf
2.04633 inf
11.3517 inf
2.04931 inf
0.174515 inf
2.05229 inf
13.1967 inf
3.90622 inf
7.62899 inf
5.76313 inf
11.3547 inf
9.50378 inf
5.76611 inf
7.63197 inf
2.05527 inf
11.3577 inf
7.63495 inf
7.63793 inf
7.64091 inf
5.76909 inf
9.50676 inf
13.1997 inf
9.50974 inf
5.77207 inf
3.9092 inf
2.05825 inf
5.77506 inf
3.91218 inf
0.177496 inf
0.180476 inf
0.183457 inf
0.186437 inf
11.3607 inf
5.77804 inf
11.3637 inf
2.06123 inf
3.91516 inf
2.06421 inf
3.91814 inf
11.3666 inf
2.06719 inf
9.51272 inf
13.2027 inf
7.64389 inf
3.92112 inf
9.5157 inf
2.07017 inf
7.64687 inf
13.2057 inf
9.51868 inf
11.3696 inf
3.9241 inf
7.64985 inf
7.65283 inf
0.189418 inf
2.07315 inf
11.3726 inf
13.2087 inf
2.07613 inf
5.78102 inf
2.07912 inf
7.65581 inf
9.52166 inf
11.3756 inf
2.0821 inf
5.784 inf
2.08508 inf
3.92708 inf
13.2116 inf
3.93007 inf
13.2146 inf
7.65879 inf
3.93305 inf
2.08806 inf
11.3786 inf
3.93603 inf
7.66177 inf
2.09104 inf
5.78698 inf
2.09402 inf
11.3816 inf
9.52464 inf
7.66475 inf
3.93901 inf
9.52763 inf
11.3845 inf
2.097 inf
7.66773 inf
9.53061 inf
2.09998 inf
11.3875 inf
7.67071 inf
2.10296 inf
13.2176 inf
2.10594 inf
7.6737 inf
3.94199 inf
13.2206 inf
11.3905 inf
3.94497 inf
0.192399 inf
2.10892 inf
3.94795 inf
11.3935 inf
2.1119 inf
7.67668 inf
9.53359 inf
3.95093 inf
13.2236 inf
5.78996 inf
2.11488 inf
9.53657 inf
2.11786 inf
13.2265 inf
2.12084 inf
11.3965 inf
2.12383 inf
5.79294 inf
3.95391 inf
9.53955 inf
2.12681 inf
11.3994 inf
7.67966 inf
3.95689 inf
13.2295 inf
2.12979 inf
7.68264 inf
11.4024 inf
2.13277 inf
5.79592 inf
7.68562 inf
9.54253 inf
11.4054 inf
7.6886 inf
3.95987 inf
5.7989 inf
2.13575 inf
9.54551 inf
7.69158 inf
13.2325 inf
3.96285 inf
13.2355 inf
3.96583 inf
3.96881 inf
2.13873 inf
3.97179 inf
5.80188 inf
7.69456 inf
3.97478 inf
9.54849 inf
7.69754 inf
2.14171 inf
2.14469 inf
9.55147 inf
2.14767 inf
3.97776 inf
2.15065 inf
2.15363 inf
3.98074 inf
2.15661 inf
5.80486 inf
2.15959 inf
11.4084 inf
2.16257 inf
9.55445 inf
13.2385 inf
5.80784 inf
9.55743 inf
5.81082 inf
2.16555 inf
9.56041 inf
2.16853 inf
2.17151 inf
11.4114 inf
5.8138 inf
2.17449 inf
13.2415 inf
3.98372 inf
7.70052 inf
3.9867 inf
7.7035 inf
9.56339 inf
2.17747 inf
7.70648 inf
3.98968 inf
0.195379 inf
11.4143 inf
2.18046 inf
7.70946 inf
3.99266 inf
13.2444 inf
3.99564 inf
5.81678 inf
7.71244 inf
3.99862 inf
5.81976 inf
7.71542 inf
4.0016 inf
4.00458 inf
9.56637 inf
5.82275 inf
4.00756 inf
9.56935 inf
4.01054 inf
2.18344 inf
9.57233 inf
7.7184 inf
4.01352 inf
9.57531 inf
4.0165 inf
2.18642 inf
11.4173 inf
9.5783 inf
13.2474 inf
4.01948 inf
5.82573 inf
9.58128 inf
2.1894 inf
7.72138 inf
2.19238 inf
4.02246 inf
5.82871 inf
7.72436 inf
2.19536 inf
11.4203 inf
4.02545 inf
5.83169 inf
7.72734 inf
13.2504 inf
2.19834 inf
4.02843 inf
9.58426 inf
5.83467 inf
11.4233 inf
7.73033 inf
4.03141 inf
7.73331 inf
0.19836 inf
13.2534 inf
7.73629 inf
0.20134 inf
0.204321 inf
5.83765 inf
9.58724 inf
11.4263 inf
5.84063 inf
4.03439 inf
13.2563 inf
5.84361 inf
2.20132 inf
4.03737 inf
9.59022 inf
7.73927 inf
4.04035 inf
5.84659 inf
2.2043 inf
9.5932 inf
11.4292 inf
7.74225 inf
0.207301 inf
5.84957 inf
11.4322 inf
4.04333 inf
2.20728 inf
11.4352 inf
2.21026 inf
13.2593 inf
4.04631 inf
11.4382 inf
7.74523 inf
2.21324 inf
4.04929 inf
9.59618 inf
5.85255 inf
0.210282 inf
9.59916 inf
4.05227 inf
0.213263 inf
13.2623 inf
11.4412 inf
4.05525 inf
9.60214 inf
2.21622 inf
4.05823 inf
7.74821 inf
5.85553 inf
9.60512 inf
4.06121 inf
13.2653 inf
2.2192 inf
4.06419 inf
7.75119 inf
11.4442 inf
2.22218 inf
9.6081 inf
5.85851 inf
11.4471 inf
9.61108 inf
0.216243 inf
2.22517 inf
11.4501 inf
4.06717 inf
5.86149 inf
13.2683 inf
5.86447 inf
9.61406 inf
2.22815 inf
4.07015 inf
5.86745 inf
11.4531 inf
7.75417 inf
9.61704 inf
13.2713 inf
2.23113 inf
5.87043 inf
4.07313 inf
9.62002 inf
2.23411 inf
7.75715 inf
0.219224 inf
5.87341 inf
9.623 inf
13.2742 inf
4.07611 inf
2.23709 inf
11.4561 inf
9.62599 inf
7.76013 inf
2.24007 inf
4.0791 inf
7.76311 inf
2.24305 inf
13.2772 inf
5.87639 inf
7.76609 inf
2.24603 inf
9.62897 inf
4.08208 inf
11.459 inf
7.76907 inf
5.87938 inf
2.24901 inf
13.2802 inf
4.08506 inf
11.462 inf
9.63195 inf
7.77205 inf
2.25199 inf
5.88236 inf
4.08804 inf
7.77503 inf
5.88534 inf
13.2832 inf
4.09102 inf
2.25497 inf
5.88832 inf
4.094 inf
2.25795 inf
7.77802 inf
4.09698 inf
9.63493 inf
5.8913 inf
9.63791 inf
13.2862 inf
7.781 inf
2.26093 inf
5.89428 inf
4.09996 inf
2.26391 inf
11.465 inf
13.2891 inf
5.89726 inf
4.10294 inf
2.26689 inf
7.78398 inf
13.2921 inf
4.10592 inf
2.26987 inf
11.468 inf
4.1089 inf
2.27285 inf
9.64089 inf
4.11188 inf
13.2951 inf
2.27583 inf
2.27882 inf
7.78696 inf
2.2818 inf
5.90024 inf
2.28478 inf
7.78994 inf
11.471 inf
9.64387 inf
13.2981 inf
5.90322 inf
11.474 inf
9.64685 inf
7.79292 inf
13.3011 inf
2.28776 inf
9.64983 inf
4.11486 inf
11.4769 inf
13.304 inf
9.65281 inf
4.11784 inf
7.7959 inf
13.307 inf
5.9062 inf
0.222204 inf
13.31 inf
11.4799 inf
7.79888 inf
2.29074 inf
5.90918 inf
7.80186 inf
4.12082 inf
5.91216 inf
13.313 inf
9.65579 inf
4.1238 inf
5.91514 inf
7.80484 inf
4.12678 inf
11.4829 inf
2.29372 inf
5.91812 inf
0.225185 inf
11.4859 inf
13.316 inf
9.65877 inf
0.228166 inf
4.12977 inf
5.9211 inf
9.66175 inf
7.80782 inf
11.4889 inf
2.2967 inf
4.13275 inf
13.3189 inf
9.66473 inf
5.92408 inf
4.13573 inf
7.8108 inf
2.29968 inf
4.13871 inf
11.4918 inf
9.66771 inf
5.92706 inf
11.4948 inf
13.3219 inf
9.67069 inf
7.81378 inf
2.30266 inf
5.93005 inf
9.67367 inf
2.30564 inf
2.30862 inf
11.4978 inf
2.3116 inf
4.14169 inf
13.3249 inf
2.31458 inf
7.81676 inf
5.93303 inf
9.67666 inf
4.14467 inf
13.3279 inf
4.14765 inf
7.81974 inf
2.31756 inf
2.32054 inf
5.93601 inf
0.231146 inf
2.32353 inf
7.82273 inf
4.15063 inf
13.3309 inf
9.67964 inf
11.5008 inf
5.93899 inf
9.68262 inf
13.3338 inf
5.94197 inf
13.3368 inf
5.94495 inf
2.32651 inf
5.94793 inf
13.3398 inf
9.6856 inf
5.95091 inf
11.5038 inf
13.3428 inf
4.15361 inf
0.234127 inf
13.3458 inf
4.15659 inf
5.95389 inf
0.237107 inf
13.3488 inf
11.5067 inf
7.82571 inf
4.15957 inf
2.32949 inf
9.68858 inf
13.3517 inf
5.95687 inf
2.33247 inf
11.5097 inf
2.33545 inf
4.16255 inf
2.33843 inf
11.5127 inf
9.69156 inf
2.34141 inf
7.82869 inf
4.16553 inf
13.3547 inf
2.34439 inf
5.95985 inf
11.5157 inf
4.16851 inf
9.69454 inf
11.5187 inf
4.17149 inf
7.83167 inf
13.3577 inf
5.96283 inf
7.83465 inf
2.34737 inf
9.69752 inf
13.3607 inf
11.5216 inf
5.96581 inf
0.240088 inf
4.17448 inf
5.96879 inf
0.243069 inf
2.35035 inf
7.83763 inf
9.7005 inf
11.5246 inf
13.3636 inf
11.5276 inf
2.35333 inf
4.17746 inf
5.97177 inf
2.35631 inf
7.84061 inf
13.3666 inf
7.84359 inf
5.97476 inf
2.35929 inf
11.5306 inf
7.84657 inf
2.36227 inf
4.18044 inf
9.70348 inf
0.246049 inf
9.70646 inf
5.97774 inf
13.3696 inf
11.5336 inf
5.98072 inf
4.18342 inf
0.24903 inf
2.36525 inf
11.5366 inf
0.25201 inf
7.84955 inf
5.9837 inf
9.70944 inf
4.1864 inf
5.98668 inf
7.85253 inf
5.98966 inf
11.5395 inf
11.5425 inf
7.85551 inf
5.99264 inf
7.85849 inf
9.71242 inf
7.86147 inf
13.3726 inf
11.5455 inf
5.99562 inf
7.86445 inf
2.36823 inf
9.7154 inf
5.9986 inf
13.3756 inf
9.71838 inf
4.18938 inf
13.3786 inf
6.00158 inf
4.19236 inf
9.72136 inf
6.00456 inf
13.3815 inf
2.37121 inf
11.5485 inf
2.37419 inf
6.00754 inf
7.86743 inf
2.37717 inf
6.01052 inf
9.72434 inf
13.3845 inf
4.19534 inf
6.0135 inf
11.5515 inf
7.87041 inf
9.72733 inf
2.38016 inf
6.01648 inf
9.73031 inf
11.5544 inf
13.3875 inf
7.8734 inf
13.3905 inf
11.5574 inf
4.19832 inf
2.38314 inf
9.73329 inf
13.3935 inf
0.254991 inf
9.73627 inf
2.38612 inf
0.257972 inf
0.260952 inf
4.2013 inf
7.87638 inf
6.01946 inf
0.263933 inf
7.87936 inf
6.02244 inf
2.3891 inf
4.20428 inf
0.266913 inf
11.5604 inf
2.39208 inf
6.02543 inf
11.5634 inf
2.39506 inf
13.3964 inf
9.73925 inf
2.39804 inf
7.88234 inf
6.02841 inf
13.3994 inf
4.20726 inf
7.88532 inf
2.40102 inf
13.4024 inf
7.8883 inf
9.74223 inf
2.404 inf
11.5663 inf
7.89128 inf
13.4054 inf
6.03139 inf
9.74521 inf
11.5693 inf
7.89426 inf
4.21024 inf
13.4084 inf
7.89724 inf
6.03437 inf
7.90022 inf
11.5723 inf
4.21322 inf
6.03735 inf
4.2162 inf
2.40698 inf
2.40996 inf
7.9032 inf
2.41294 inf
13.4113 inf
2.41592 inf
6.04033 inf
7.90618 inf
2.4189 inf
0.269894 inf
11.5753 inf
7.90916 inf
2.42188 inf
4.21918 inf
7.91214 inf
2.42487 inf
4.22216 inf
13.4143 inf
6.04331 inf
7.91512 inf
11.5783 inf
2.42785 inf
4.22515 inf
7.9181 inf
11.5813 inf
6.04629 inf
2.43083 inf
9.74819 inf
2.43381 inf
11.5842 inf
2.43679 inf
9.75117 inf
2.43977 inf
4.22813 inf
11.5872 inf
6.04927 inf
7.92108 inf
13.4173 inf
2.44275 inf
4.23111 inf
9.75415 inf
6.05225 inf
0.272875 inf
9.75713 inf
0.275855 inf
4.23409 inf
13.4203 inf
2.44573 inf
11.5902 inf
7.92406 inf
4.23707 inf
6.05523 inf
9.76011 inf
2.44871 inf
13.4233 inf
11.5932 inf
4.24005 inf
2.45169 inf
6.05821 inf
11.5962 inf
7.92704 inf
0.278836 inf
4.24303 inf
11.5991 inf
7.93003 inf
4.24601 inf
2.45467 inf
0.281816 inf
0.284797 inf
7.93301 inf
0.287778 inf
11.6021 inf
9.76309 inf
2.45765 inf
0.290758 inf
4.24899 inf
6.06119 inf
4.25197 inf
2.46063 inf
11.6051 inf
13.4262 inf
7.93599 inf
6.06417 inf
4.25495 inf
2.46361 inf
4.25793 inf
9.76607 inf
2.46659 inf
6.06715 inf
2.46957 inf
11.6081 inf
13.4292 inf
0.293739 inf
7.93897 inf
2.47255 inf
11.6111 inf
4.26091 inf
13.4322 inf
9.76905 inf
7.94195 inf
2.47553 inf
6.07013 inf
11.614 inf
13.4352 inf
4.26389 inf
11.617 inf
4.26687 inf
13.4382 inf
0.296719 inf
7.94493 inf
2.47852 inf
4.26985 inf
6.07311 inf
0.2997 inf
4.27283 inf
0.302681 inf
6.07609 inf
4.27581 inf
13.4412 inf
7.94791 inf
6.07908 inf
9.77203 inf
6.08206 inf
7.95089 inf
11.62 inf
13.4441 inf
4.2788 inf
0.305661 inf
4.28178 inf
13.4471 inf
7.95387 inf
11.623 inf
2.4815 inf
6.08504 inf
9.77501 inf
11.626 inf
6.08802 inf
0.308642 inf
7.95685 inf
13.4501 inf
4.28476 inf
11.6289 inf
7.95983 inf
2.48448 inf
9.778 inf
11.6319 inf
7.96281 inf
6.091 inf
4.28774 inf
0.311622 inf
2.48746 inf
0.314603 inf
9.78098 inf
13.4531 inf
9.78396 inf
7.96579 inf
4.29072 inf
2.49044 inf
0.317584 inf
13.456 inf
9.78694 inf
0.320564 inf
2.49342 inf
11.6349 inf
7.96877 inf
6.09398 inf
9.78992 inf
4.2937 inf
2.4964 inf
11.6379 inf
4.29668 inf
4.29966 inf
6.09696 inf
7.97175 inf
13.459 inf
9.7929 inf
2.49938 inf
4.30264 inf
7.97473 inf
6.09994 inf
4.30562 inf
2.50236 inf
6.10292 inf
9.79588 inf
13.462 inf
6.1059 inf
11.6409 inf
9.79886 inf
2.50534 inf
6.10888 inf
13.465 inf
9.80184 inf
4.3086 inf
7.97772 inf
2.50832 inf
11.6439 inf
9.80482 inf
7.9807 inf
4.31158 inf
2.5113 inf
6.11186 inf
4.31456 inf
13.468 inf
2.51428 inf
4.31754 inf
9.8078 inf
4.32052 inf
2.51726 inf
7.98368 inf
13.471 inf
11.6468 inf
9.81078 inf
0.323545 inf
6.11484 inf
2.52024 inf
9.81376 inf
4.3235 inf
13.4739 inf
9.81674 inf
4.32648 inf
7.98666 inf
6.11782 inf
4.32947 inf
7.98964 inf
9.81972 inf
6.1208 inf
4.33245 inf
13.4769 inf
11.6498 inf
9.8227 inf
6.12378 inf
0.326525 inf
11.6528 inf
0.329506 inf
4.33543 inf
0.332487 inf
9.82569 inf
11.6558 inf
6.12676 inf
13.4799 inf
2.52323 inf
13.4829 inf
6.12975 inf
2.52621 inf
9.82867 inf
7.99262 inf
2.52919 inf
4.33841 inf
11.6587 inf
2.53217 inf
7.9956 inf
2.53515 inf
9.83165 inf
4.34139 inf
6.13273 inf
9.83463 inf
7.99858 inf
0.335467 inf
13.4859 inf
11.6617 inf
4.34437 inf
2.53813 inf
6.13571 inf
8.00156 inf
11.6647 inf
4.34735 inf
0.338448 inf
13.4888 inf
4.35033 inf
11.6677 inf
9.83761 inf
0.341428 inf
13.4918 inf
6.13869 inf
11.6707 inf
9.84059 inf
2.54111 inf
2.54409 inf
4.35331 inf
13.4948 inf
2.54707 inf
4.35629 inf
9.84357 inf
11.6737 inf
8.00454 inf
6.14167 inf
2.55005 inf
6.14465 inf
9.84655 inf
11.6766 inf
2.55303 inf
0.344409 inf
6.14763 inf
13.4978 inf
8.00752 inf
9.84953 inf
11.6796 inf
6.15061 inf
13.5008 inf
2.55601 inf
4.35927 inf
6.15359 inf
8.0105 inf
13.5037 inf
2.55899 inf
4.36225 inf
9.85251 inf
4.36523 inf
6.15657 inf
11.6826 inf
4.36821 inf
2.56197 inf
6.15955 inf
4.37119 inf
8.01348 inf
13.5067 inf
11.6856 inf
9.85549 inf
2.56495 inf
4.37418 inf
2.56793 inf
13.5097 inf
4.37716 inf
9.85847 inf
2.57091 inf
13.5127 inf
11.6886 inf
4.38014 inf
8.01646 inf
9.86145 inf
6.16253 inf
4.38312 inf
0.34739 inf
8.01944 inf
6.16551 inf
0.35037 inf
13.5157 inf
9.86443 inf
11.6915 inf
13.5186 inf
9.86741 inf
2.57389 inf
11.6945 inf
8.02242 inf
13.5216 inf
2.57687 inf
0.353351 inf
2.57986 inf
8.0254 inf
13.5246 inf
4.3861 inf
8.02839 inf
6.16849 inf
2.58284 inf
11.6975 inf
9.87039 inf
0.356331 inf
0.359312 inf
13.5276 inf
9.87337 inf
2.58582 inf
8.03137 inf
6.17147 inf
2.5888 inf
13.5306 inf
11.7005 inf
6.17446 inf
13.5335 inf
4.38908 inf
9.87636 inf
4.39206 inf
2.59178 inf
4.39504 inf
8.03435 inf
9.87934 inf
4.39802 inf
11.7035 inf
8.03733 inf
13.5365 inf
6.17744 inf
9.88232 inf
0.362293 inf
8.04031 inf
4.401 inf
13.5395 inf
6.18042 inf
2.59476 inf
8.04329 inf
11.7064 inf
6.1834 inf
9.8853 inf
13.5425 inf
11.7094 inf
9.88828 inf
4.40398 inf
13.5455 inf
8.04627 inf
9.89126 inf
6.18638 inf
11.7124 inf
4.40696 inf
2.59774 inf
8.04925 inf
4.40994 inf
6.18936 inf
4.41292 inf
2.60072 inf
8.05223 inf
9.89424 inf
13.5485 inf
11.7154 inf
8.05521 inf
4.4159 inf
2.6037 inf
6.19234 inf
9.89722 inf
11.7184 inf
9.9002 inf
4.41888 inf
2.60668 inf
4.42186 inf
8.05819 inf
2.60966 inf
13.5514 inf
11.7213 inf
9.90318 inf
13.5544 inf
8.06117 inf
0.365273 inf
2.61264 inf
4.42485 inf
11.7243 inf
6.19532 inf
8.06415 inf
13.5574 inf
9.90616 inf
2.61562 inf
11.7273 inf
0.368254 inf
8.06713 inf
9.90914 inf
8.07011 inf
0.371234 inf
2.6186 inf
4.42783 inf
9.91212 inf
9.9151 inf
0.374215 inf
2.62158 inf
0.377195 inf
9.91808 inf
4.43081 inf
11.7303 inf
13.5604 inf
4.43379 inf
8.0731 inf
9.92106 inf
6.1983 inf
0.380176 inf
13.5633 inf
11.7333 inf
9.92404 inf
4.43677 inf
8.07607 inf
6.20128 inf
4.43975 inf
2.62457 inf
13.5663 inf
9.92703 inf
11.7363 inf
6.20426 inf
0.383157 inf
4.44273 inf
8.07906 inf
2.62755 inf
11.7392 inf
4.44571 inf
2.63053 inf
13.5693 inf
6.20724 inf
9.93001 inf
6.21022 inf
11.7422 inf
2.63351 inf
6.2132 inf
8.08204 inf
6.21618 inf
9.93299 inf
4.44869 inf
6.21916 inf
2.63649 inf
4.45167 inf
11.7452 inf
8.08502 inf
0.386137 inf
2.63947 inf
11.7482 inf
8.088 inf
0.389118 inf
9.93597 inf
6.22214 inf
13.5723 inf
2.64245 inf
4.45465 inf
8.09098 inf
6.22513 inf
2.64543 inf
13.5753 inf
2.64841 inf
8.09396 inf
9.93895 inf
11.7512 inf
8.09694 inf
6.22811 inf
2.65139 inf
4.45763 inf
13.5783 inf
6.23109 inf
9.94193 inf
11.7541 inf
4.46061 inf
13.5812 inf
9.94491 inf
0.392098 inf
4.46359 inf
0.395079 inf
13.5842 inf
9.94789 inf
8.09992 inf
2.65437 inf
0.39806 inf
0.40104 inf
11.7571 inf
6.23407 inf
0.404021 inf
4.46657 inf
2.65735 inf
6.23705 inf
9.95087 inf
11.7601 inf
13.5872 inf
6.24003 inf
8.1029 inf
4.46955 inf
11.7631 inf
6.24301 inf
9.95385 inf
8.10588 inf
6.24599 inf
2.66033 inf
6.24897 inf
2.66331 inf
8.10886 inf
13.5902 inf
9.95683 inf
4.47253 inf
6.25195 inf
4.47551 inf
2.66629 inf
13.5932 inf
0.407001 inf
6.25493 inf
0.409982 inf
2.66927 inf
11.766 inf
6.25791 inf
8.11184 inf
9.95981 inf
4.4785 inf
2.67225 inf
6.26089 inf
8.11482 inf
13.5961 inf
9.96279 inf
2.67523 inf
11.769 inf
9.96577 inf
2.67822 inf
8.1178 inf
4.48148 inf
6.26387 inf
11.772 inf
8.12078 inf
6.26685 inf
11.775 inf
4.48446 inf
6.26983 inf
2.6812 inf
8.12377 inf
6.27281 inf
9.96875 inf
13.5991 inf
11.778 inf
4.48744 inf
13.6021 inf
2.68418 inf
4.49042 inf
8.12674 inf
6.27579 inf
11.781 inf
4.4934 inf
13.6051 inf
8.12973 inf
4.49638 inf
2.68716 inf
9.97173 inf
11.7839 inf
13.6081 inf
6.27878 inf
2.69014 inf
11.7869 inf
4.49936 inf
2.69312 inf
6.28176 inf
9.97471 inf
13.611 inf
6.28474 inf
2.6961 inf
8.13271 inf
2.69908 inf
9.9777 inf
4.50234 inf
6.28772 inf
11.7899 inf
13.614 inf
4.50532 inf
2.70206 inf
6.2907 inf
8.13569 inf
9.98068 inf
11.7929 inf
4.5083 inf
2.70504 inf
4.51128 inf
6.29368 inf
2.70802 inf
8.13867 inf
11.7959 inf
0.412963 inf
8.14165 inf
9.98366 inf
8.14463 inf
11.7988 inf
4.51426 inf
2.711 inf
6.29666 inf
4.51724 inf
13.617 inf
2.71398 inf
4.52022 inf
6.29964 inf
8.14761 inf
2.71696 inf
13.62 inf
4.5232 inf
0.415943 inf
4.52618 inf
8.15059 inf
9.98664 inf
2.71994 inf
4.52917 inf
11.8018 inf
2.72293 inf
13.623 inf
6.30262 inf
8.15357 inf
4.53215 inf
9.98962 inf
13.6259 inf
8.15655 inf
2.72591 inf
4.53513 inf
11.8048 inf
8.15953 inf
9.9926 inf
2.72889 inf
6.3056 inf
2.73187 inf
4.53811 inf
6.30858 inf
2.73485 inf
9.99558 inf
6.31156 inf
13.6289 inf
4.54109 inf
2.73783 inf
11.8078 inf
9.99856 inf
6.31454 inf
8.16251 inf
2.74081 inf
6.31752 inf
13.6319 inf
11.8108 inf
2.74379 inf
2.74677 inf
6.3205 inf
10.0015 inf
2.74975 inf
8.16549 inf
2.75273 inf
6.32348 inf
13.6349 inf
2.75571 inf
8.16847 inf
11.8137 inf
4.54407 inf
2.75869 inf
10.0045 inf
6.32646 inf
0.418924 inf
11.8167 inf
8.17145 inf
4.54705 inf
10.0075 inf
4.55003 inf
4.55301 inf
10.0105 inf
2.76167 inf
13.6379 inf
11.8197 inf
4.55599 inf
6.32945 inf
8.17444 inf
2.76465 inf
8.17741 inf
10.0135 inf
8.1804 inf
13.6409 inf
0.421904 inf
6.33243 inf
8.18338 inf
11.8227 inf
0.424885 inf
8.18636 inf
0.427866 inf
2.76763 inf
0.430846 inf
6.33541 inf
8.18934 inf
2.77061 inf
10.0164 inf
2.77359 inf
8.19232 inf
0.433827 inf
11.8257 inf
0.436807 inf
4.55897 inf
13.6438 inf
6.33839 inf
10.0194 inf
11.8286 inf
2.77657 inf
4.56195 inf
6.34137 inf
2.77956 inf
13.6468 inf
4.56493 inf
8.1953 inf
4.56791 inf
10.0224 inf
0.439788 inf
8.19828 inf
2.78254 inf
11.8316 inf
10.0254 inf
6.34435 inf
4.57089 inf
11.8346 inf
6.34733 inf
10.0284 inf
4.57388 inf
8.20126 inf
0.442769 inf
6.35031 inf
2.78552 inf
4.57686 inf
2.7885 inf
8.20424 inf
13.6498 inf
10.0313 inf
11.8376 inf
8.20722 inf
6.35329 inf
8.2102 inf
4.57984 inf
10.0343 inf
2.79148 inf
6.35627 inf
11.8406 inf
2.79446 inf
10.0373 inf
13.6528 inf
2.79744 inf
8.21318 inf
6.35925 inf
4.58282 inf
6.36223 inf
13.6557 inf
4.5858 inf
8.21616 inf
11.8436 inf
8.21914 inf
13.6587 inf
10.0403 inf
2.80042 inf
6.36521 inf
11.8465 inf
4.58878 inf
6.36819 inf
0.445749 inf
6.37117 inf
0.44873 inf
2.8034 inf
0.45171 inf
11.8495 inf
2.80638 inf
13.6617 inf
8.22212 inf
11.8525 inf
0.454691 inf
10.0433 inf
0.457672 inf
11.8555 inf
2.80936 inf
6.37416 inf
8.2251 inf
4.59176 inf
11.8584 inf
0.460652 inf
6.37713 inf
13.6647 inf
2.81234 inf
11.8614 inf
10.0463 inf
6.38012 inf
2.81532 inf
2.8183 inf
2.82128 inf
2.82427 inf
2.82725 inf
2.83023 inf
2.83321 inf
2.83619 inf
4.59474 inf
2.83917 inf
2.84215 inf
8.22809 inf
4.59772 inf
13.6677 inf
4.6007 inf
8.23107 inf
10.0492 inf
11.8644 inf
6.3831 inf
4.60368 inf
8.23405 inf
0.463633 inf
4.60666 inf
10.0522 inf
2.84513 inf
6.38608 inf
2.84811 inf
10.0552 inf
8.23703 inf
6.38906 inf
2.85109 inf
13.6707 inf
4.60964 inf
8.24001 inf
0.466613 inf
2.85407 inf
4.61262 inf
10.0582 inf
11.8674 inf
4.6156 inf
6.39204 inf
8.24299 inf
4.61858 inf
13.6736 inf
8.24597 inf
4.62156 inf
2.85705 inf
10.0611 inf
8.24895 inf
4.62455 inf
6.39502 inf
11.8704 inf
2.86003 inf
4.62753 inf
6.398 inf
8.25193 inf
2.86301 inf
6.40098 inf
11.8734 inf
8.25491 inf
6.40396 inf
2.86599 inf
13.6766 inf
4.63051 inf
6.40694 inf
10.0641 inf
4.63349 inf
11.8763 inf
8.25789 inf
4.63647 inf
10.0671 inf
13.6796 inf
8.26087 inf
10.0701 inf
4.63945 inf
0.469594 inf
13.6826 inf
8.26385 inf
10.0731 inf
4.64243 inf
11.8793 inf
13.6856 inf
10.0761 inf
2.86897 inf
4.64541 inf
10.079 inf
4.64839 inf
13.6885 inf
6.40992 inf
2.87195 inf
8.26683 inf
11.8823 inf
13.6915 inf
6.4129 inf
2.87493 inf
11.8853 inf
6.41588 inf
2.87792 inf
0.472575 inf
13.6945 inf
13.6975 inf
13.7005 inf
13.7034 inf
10.082 inf
0.475555 inf
4.65137 inf
13.7064 inf
10.085 inf
8.26981 inf
2.8809 inf
11.8883 inf
13.7094 inf
2.88388 inf
8.2728 inf
6.41886 inf
11.8912 inf
2.88686 inf
8.27577 inf
4.65435 inf
0.478536 inf
2.88984 inf
0.481516 inf
11.8942 inf
13.7124 inf
8.27876 inf
6.42184 inf
4.65733 inf
6.42483 inf
8.28174 inf
10.088 inf
0.484497 inf
8.28472 inf
11.8972 inf
10.091 inf
8.2877 inf
6.42781 inf
13.7154 inf
0.487478 inf
2.89282 inf
6.43079 inf
0.490458 inf
4.66031 inf
6.43377 inf
13.7183 inf
6.43675 inf
10.0939 inf
13.7213 inf
2.8958 inf
10.0969 inf
4.66329 inf
11.9002 inf
6.43973 inf
13.7243 inf
8.29068 inf
11.9032 inf
6.44271 inf
10.0999 inf
4.66627 inf
2.89878 inf
13.7273 inf
2.90176 inf
4.66925 inf
2.90474 inf
6.44569 inf
4.67223 inf
8.29366 inf
2.90772 inf
10.1029 inf
11.9061 inf
13.7303 inf
0.493439 inf
6.44867 inf
10.1059 inf
8.29664 inf
2.9107 inf
4.67521 inf
11.9091 inf
0.496419 inf
6.45165 inf
4.6782 inf
0.4994 inf
10.1088 inf
8.29962 inf
10.1118 inf
11.9121 inf
8.3026 inf
10.1148 inf
11.9151 inf
8.30558 inf
13.7332 inf
10.1178 inf
8.30856 inf
11.9181 inf
10.1208 inf
13.7362 inf
11.921 inf
6.45463 inf
10.1237 inf
8.31154 inf
11.924 inf
6.45761 inf
13.7392 inf
8.31452 inf
10.1267 inf
2.91368 inf
0.502381 inf
13.7422 inf
4.68118 inf
11.927 inf
4.68416 inf
13.7452 inf
6.46059 inf
4.68714 inf
8.3175 inf
2.91666 inf
6.46357 inf
10.1297 inf
11.93 inf
2.91964 inf
4.69012 inf
6.46655 inf
13.7482 inf
0.505361 inf
4.6931 inf
0.508342 inf
10.1327 inf
11.933 inf
13.7511 inf
8.32048 inf
6.46953 inf
4.69608 inf
0.511322 inf
0.514303 inf
2.92263 inf
13.7541 inf
2.92561 inf
6.47251 inf
2.92859 inf
13.7571 inf
2.93157 inf
0.517284 inf
4.69906 inf
8.32347 inf
0.520264 inf
2.93455 inf
13.7601 inf
6.47549 inf
10.1357 inf
11.936 inf
6.47848 inf
4.70204 inf
2.93753 inf
10.1387 inf
4.70502 inf
6.48146 inf
8.32644 inf
4.708 inf
10.1416 inf
11.9389 inf
2.94051 inf
4.71098 inf
8.32943 inf
4.71396 inf
6.48444 inf
10.1446 inf
8.33241 inf
4.71694 inf
2.94349 inf
11.9419 inf
4.71992 inf
2.94647 inf
6.48742 inf
4.7229 inf
8.33539 inf
6.4904 inf
10.1476 inf
0.523245 inf
4.72588 inf
2.94945 inf
0.526225 inf
13.763 inf
10.1506 inf
0.529206 inf
8.33837 inf
6.49338 inf
4.72887 inf
6.49636 inf
4.73185 inf
10.1535 inf
4.73483 inf
13.766 inf
4.73781 inf
10.1565 inf
4.74079 inf
0.532186 inf
4.74377 inf
8.34135 inf
4.74675 inf
2.95243 inf
4.74973 inf
11.9449 inf
2.95541 inf
4.75271 inf
6.49934 inf
13.769 inf
4.75569 inf
6.50232 inf
2.95839 inf
4.75867 inf
2.96137 inf
0.535167 inf
2.96435 inf
6.5053 inf
10.1595 inf
13.772 inf
6.50828 inf
10.1625 inf
11.9479 inf
13.775 inf
4.76165 inf
8.34433 inf
10.1655 inf
13.778 inf
6.51126 inf
11.9509 inf
2.96733 inf
8.34731 inf
6.51424 inf
10.1684 inf
8.35029 inf
6.51722 inf
13.7809 inf
10.1714 inf
8.35327 inf
2.97031 inf
4.76463 inf
0.538148 inf
13.7839 inf
6.5202 inf
10.1744 inf
11.9538 inf
8.35625 inf
6.52318 inf
13.7869 inf
13.7899 inf
4.76761 inf
13.7929 inf
2.97329 inf
4.77059 inf
11.9568 inf
10.1774 inf
6.52616 inf
8.35923 inf
4.77358 inf
0.541128 inf
13.7958 inf
11.9598 inf
4.77656 inf
10.1804 inf
2.97627 inf
6.52915 inf
8.36221 inf
4.77954 inf
2.97926 inf
13.7988 inf
11.9628 inf
4.78252 inf
2.98224 inf
8.36519 inf
10.1834 inf
2.98522 inf
4.7855 inf
6.53213 inf
13.8018 inf
4.78848 inf
11.9657 inf
2.9882 inf
0.544109 inf
13.8048 inf
6.53511 inf
2.99118 inf
4.79146 inf
13.8078 inf
2.99416 inf
11.9687 inf
4.79444 inf
2.99714 inf
0.547089 inf
0.55007 inf
0.553051 inf
6.53809 inf
8.36817 inf
6.54107 inf
3.00012 inf
4.79742 inf
11.9717 inf
4.8004 inf
8.37115 inf
10.1863 inf
11.9747 inf
3.0031 inf
4.80338 inf
10.1893 inf
6.54405 inf
11.9777 inf
4.80636 inf
8.37414 inf
4.80934 inf
3.00608 inf
6.54703 inf
4.81232 inf
10.1923 inf
3.00906 inf
13.8107 inf
8.37711 inf
11.9807 inf
10.1953 inf
8.3801 inf
6.55001 inf
11.9836 inf
3.01204 inf
3.01502 inf
4.8153 inf
6.55299 inf
8.38308 inf
11.9866 inf
3.018 inf
10.1983 inf
3.02098 inf
0.556031 inf
8.38606 inf
10.2012 inf
0.559012 inf
13.8137 inf
4.81828 inf
6.55597 inf
3.02397 inf
10.2042 inf
4.82126 inf
11.9896 inf
3.02694 inf
6.55895 inf
8.38904 inf
10.2072 inf
4.82425 inf
11.9926 inf
13.8167 inf
10.2102 inf
6.56193 inf
10.2132 inf
13.8197 inf
3.02993 inf
6.56491 inf
10.2161 inf
3.03291 inf
4.82723 inf
4.83021 inf
0.561992 inf
8.39202 inf
6.56789 inf
3.03589 inf
11.9956 inf
10.2191 inf
11.9985 inf
8.395 inf
4.83319 inf
3.03887 inf
10.2221 inf
13.8227 inf
6.57087 inf
8.39798 inf
0.564973 inf
12.0015 inf
4.83617 inf
6.57386 inf
12.0045 inf
4.83915 inf
6.57683 inf
8.40096 inf
13.8256 inf
12.0075 inf
6.57982 inf
10.2251 inf
3.04185 inf
4.84213 inf
6.5828 inf
3.04483 inf
12.0105 inf
6.58578 inf
3.04781 inf
10.2281 inf
12.0134 inf
8.40394 inf
13.8286 inf
6.58876 inf
4.84511 inf
10.231 inf
8.40692 inf
3.05079 inf
6.59174 inf
3.05377 inf
13.8316 inf
3.05675 inf
10.234 inf
3.05973 inf
4.84809 inf
3.06271 inf
6.59472 inf
3.06569 inf
8.4099 inf
4.85107 inf
10.237 inf
12.0164 inf
3.06867 inf
3.07165 inf
8.41288 inf
10.24 inf
4.85405 inf
13.8346 inf
8.41586 inf
4.85703 inf
0.567954 inf
3.07463 inf
12.0194 inf
13.8376 inf
0.570934 inf
8.41884 inf
4.86001 inf
3.07762 inf
6.5977 inf
8.42182 inf
3.0806 inf
12.0224 inf
13.8406 inf
8.4248 inf
4.86299 inf
3.08358 inf
6.60068 inf
0.573915 inf
13.8435 inf
3.08656 inf
12.0254 inf
4.86597 inf
6.60366 inf
10.243 inf
13.8465 inf
3.08954 inf
8.42779 inf
6.60664 inf
12.0283 inf
4.86895 inf
3.09252 inf
4.87193 inf
12.0313 inf
8.43077 inf
13.8495 inf
10.246 inf
8.43375 inf
6.60962 inf
12.0343 inf
4.87491 inf
13.8525 inf
6.6126 inf
3.0955 inf
10.2489 inf
8.43673 inf
6.61558 inf
4.8779 inf
3.09848 inf
10.2519 inf
0.576895 inf
13.8554 inf
6.61856 inf
10.2549 inf
3.10146 inf
13.8584 inf
6.62154 inf
3.10444 inf
10.2579 inf
13.8614 inf
12.0373 inf
10.2608 inf
3.10742 inf
12.0403 inf
3.1104 inf
8.43971 inf
3.11338 inf
13.8644 inf
12.0433 inf
8.44269 inf
6.62453 inf
13.8674 inf
0.579876 inf
3.11636 inf
12.0462 inf
8.44567 inf
10.2638 inf
12.0492 inf
8.44865 inf
6.62751 inf
10.2668 inf
0.582857 inf
10.2698 inf
0.585837 inf
8.45163 inf
4.88088 inf
3.11934 inf
12.0522 inf
4.88386 inf
6.63049 inf
13.8704 inf
4.88684 inf
12.0552 inf
6.63347 inf
10.2728 inf
4.88982 inf
6.63645 inf
4.8928 inf
3.12232 inf
4.89578 inf
10.2758 inf
8.45461 inf
3.1253 inf
3.12829 inf
6.63943 inf
10.2787 inf
0.588818 inf
4.89876 inf
6.64241 inf
0.591798 inf
3.13127 inf
8.45759 inf
10.2817 inf
12.0581 inf
13.8733 inf
3.13425 inf
8.46057 inf
0.594779 inf
12.0611 inf
4.90174 inf
8.46355 inf
12.0641 inf
10.2847 inf
3.13723 inf
12.0671 inf
3.14021 inf
4.90472 inf
10.2877 inf
6.64539 inf
3.14319 inf
12.0701 inf
4.9077 inf
8.46653 inf
0.59776 inf
4.91068 inf
3.14617 inf
10.2907 inf
6.64837 inf
3.14915 inf
12.0731 inf
8.46951 inf
13.8763 inf
6.65135 inf
10.2936 inf
4.91366 inf
3.15213 inf
4.91664 inf
6.65433 inf
10.2966 inf
8.47249 inf
13.8793 inf
6.65731 inf
12.076 inf
6.66029 inf
8.47547 inf
3.15511 inf
8.47846 inf
4.91962 inf
10.2996 inf
13.8823 inf
6.66327 inf
4.9226 inf
12.079 inf
6.66625 inf
3.15809 inf
10.3026 inf
10.3056 inf
10.3085 inf
8.48144 inf
10.3115 inf
13.8853 inf
8.48442 inf
10.3145 inf
12.082 inf
6.66923 inf
0.60074 inf
13.8882 inf
8.4874 inf
3.16107 inf
10.3175 inf
6.67221 inf
12.085 inf
8.49038 inf
4.92558 inf
3.16405 inf
6.6752 inf
8.49336 inf
13.8912 inf
10.3205 inf
12.088 inf
6.67818 inf
3.16703 inf
13.8942 inf
8.49634 inf
4.92857 inf
10.3234 inf
12.0909 inf
13.8972 inf
4.93155 inf
8.49932 inf
3.17001 inf
10.3264 inf
12.0939 inf
13.9002 inf
0.603721 inf
4.93453 inf
0.606701 inf
12.0969 inf
8.5023 inf
4.93751 inf
0.609682 inf
12.0999 inf
10.3294 inf
13.9031 inf
3.17299 inf
12.1029 inf
8.50528 inf
4.94049 inf
13.9061 inf
6.68116 inf
10.3324 inf
0.612662 inf
8.50826 inf
10.3354 inf
3.17598 inf
4.94347 inf
12.1058 inf
4.94645 inf
3.17896 inf
3.18194 inf
13.9091 inf
4.94943 inf
10.3384 inf
8.51124 inf
3.18492 inf
4.95241 inf
6.68414 inf
10.3413 inf
4.95539 inf
8.51422 inf
3.1879 inf
13.9121 inf
4.95837 inf
6.68712 inf
4.96135 inf
10.3443 inf
3.19088 inf
6.6901 inf
3.19386 inf
4.96433 inf
13.9151 inf
10.3473 inf
8.5172 inf
12.1088 inf
0.615643 inf
10.3503 inf
13.918 inf
4.96731 inf
6.69308 inf
0.618624 inf
10.3532 inf
8.52018 inf
12.1118 inf
3.19684 inf
4.97029 inf
13.921 inf
6.69606 inf
10.3562 inf
4.97328 inf
3.19982 inf
8.52317 inf
3.2028 inf
0.621604 inf
12.1148 inf
10.3592 inf
0.624585 inf
10.3622 inf
12.1178 inf
8.52614 inf
10.3652 inf
13.924 inf
6.69904 inf
3.20578 inf
8.52913 inf
10.3681 inf
4.97626 inf
0.627565 inf
4.97924 inf
3.20876 inf
13.927 inf
10.3711 inf
3.21174 inf
8.53211 inf
3.21472 inf
10.3741 inf
6.70202 inf
3.2177 inf
13.93 inf
12.1207 inf
13.9329 inf
3.22068 inf
12.1237 inf
4.98222 inf
13.9359 inf
10.3771 inf
0.630546 inf
8.53509 inf
13.9389 inf
0.633527 inf
4.9852 inf
8.53807 inf
3.22367 inf
4.98818 inf
12.1267 inf
10.3801 inf
6.705 inf
0.636507 inf
8.54105 inf
3.22664 inf
10.3831 inf
6.70798 inf
12.1297 inf
13.9419 inf
3.22963 inf
8.54403 inf
6.71096 inf
4.99116 inf
10.386 inf
8.54701 inf
4.99414 inf
13.9449 inf
6.71394 inf
4.99712 inf
8.54999 inf
10.389 inf
6.71692 inf
3.23261 inf
8.55297 inf
12.1327 inf
3.23559 inf
6.7199 inf
10.392 inf
3.23857 inf
8.55595 inf
3.24155 inf
6.72288 inf
12.1357 inf
5.0001 inf
6.72586 inf
13.9479 inf
5.00308 inf
10.395 inf
8.55893 inf
3.24453 inf
6.72885 inf
3.24751 inf
12.1386 inf
5.00606 inf
3.25049 inf
13.9508 inf
5.00904 inf
12.1416 inf
10.398 inf
6.73183 inf
3.25347 inf
8.56191 inf
0.639488 inf
6.73481 inf
3.25645 inf
10.4009 inf
12.1446 inf
13.9538 inf
3.25943 inf
10.4039 inf
6.73779 inf
3.26241 inf
12.1476 inf
5.01202 inf
8.56489 inf
0.642468 inf
0.645449 inf
8.56787 inf
12.1506 inf
10.4069 inf
3.26539 inf
13.9568 inf
3.26837 inf
5.015 inf
3.27135 inf
13.9598 inf
5.01798 inf
3.27434 inf
10.4099 inf
3.27732 inf
0.64843 inf
5.02096 inf
12.1535 inf
8.57085 inf
6.74077 inf
0.65141 inf
13.9627 inf
12.1565 inf
0.654391 inf
6.74375 inf
10.4129 inf
5.02395 inf
8.57384 inf
3.2803 inf
5.02693 inf
3.28328 inf
12.1595 inf
10.4158 inf
3.28626 inf
6.74673 inf
8.57681 inf
5.02991 inf
13.9657 inf
12.1625 inf
3.28924 inf
6.74971 inf
5.03289 inf
13.9687 inf
12.1654 inf
8.5798 inf
3.29222 inf
0.657371 inf
5.03587 inf
0.660352 inf
10.4188 inf
13.9717 inf
12.1684 inf
8.58278 inf
6.75269 inf
12.1714 inf
8.58576 inf
3.2952 inf
8.58874 inf
12.1744 inf
3.29818 inf
13.9747 inf
8.59172 inf
10.4218 inf
8.5947 inf
3.30116 inf
13.9777 inf
5.03885 inf
10.4248 inf
6.75567 inf
5.04183 inf
3.30414 inf
12.1774 inf
8.59768 inf
3.30712 inf
0.663333 inf
10.4278 inf
12.1804 inf
10.4307 inf
6.75865 inf
5.04481 inf
12.1833 inf
3.3101 inf
6.76163 inf
5.04779 inf
3.31308 inf
13.9806 inf
3.31606 inf
12.1863 inf
5.05077 inf
10.4337 inf
8.60066 inf
3.31904 inf
10.4367 inf
3.32202 inf
8.60364 inf
13.9836 inf
5.05375 inf
3.325 inf
12.1893 inf
10.4397 inf
5.05673 inf
8.60662 inf
13.9866 inf
6.76461 inf
3.32799 inf
8.6096 inf
3.33097 inf
10.4427 inf
12.1923 inf
3.33395 inf
10.4457 inf
6.76759 inf
5.05971 inf
8.61258 inf
5.06269 inf
6.77057 inf
3.33693 inf
8.61556 inf
0.666313 inf
6.77355 inf
13.9896 inf
5.06567 inf
12.1953 inf
3.33991 inf
8.61854 inf
10.4486 inf
3.34289 inf
6.77653 inf
13.9926 inf
5.06865 inf
5.07163 inf
8.62152 inf
5.07461 inf
12.1982 inf
5.0776 inf
8.6245 inf
10.4516 inf
3.34587 inf
6.77952 inf
3.34885 inf
10.4546 inf
13.9955 inf
8.62749 inf
12.2012 inf
10.4576 inf
5.08058 inf
3.35183 inf
13.9985 inf
5.08356 inf
6.7825 inf
3.35481 inf
0.669294 inf
10.4605 inf
8.63047 inf
5.08654 inf
14.0015 inf
6.78548 inf
5.08952 inf
10.4635 inf
8.63345 inf
5.0925 inf
12.2042 inf
3.35779 inf
0.672274 inf
6.78846 inf
12.2072 inf
10.4665 inf
14.0045 inf
3.36077 inf
8.63643 inf
0.675255 inf
10.4695 inf
14.0075 inf
6.79144 inf
12.2102 inf
5.09548 inf
10.4725 inf
3.36375 inf
0.678236 inf
12.2131 inf
8.63941 inf
6.79442 inf
12.2161 inf
8.64239 inf
14.0104 inf
5.09846 inf
3.36673 inf
6.7974 inf
12.2191 inf
10.4755 inf
8.64537 inf
6.80038 inf
5.10144 inf
14.0134 inf
10.4784 inf
5.10442 inf
3.36971 inf
8.64835 inf
10.4814 inf
12.2221 inf
6.80336 inf
6.80634 inf
12.2251 inf
0.681216 inf
3.3727 inf
5.1074 inf
14.0164 inf
10.4844 inf
5.11038 inf
8.65133 inf
6.80932 inf
3.37568 inf
8.65431 inf
0.684197 inf
6.8123 inf
14.0194 inf
5.11336 inf
0.687177 inf
0.690158 inf
3.37866 inf
8.65729 inf
10.4874 inf
6.81528 inf
8.66027 inf
12.228 inf
10.4904 inf
8.66325 inf
3.38164 inf
12.231 inf
8.66623 inf
5.11634 inf
10.4933 inf
14.0224 inf
5.11932 inf
6.81826 inf
3.38462 inf
8.66921 inf
14.0253 inf
0.693139 inf
10.4963 inf
8.67219 inf
0.696119 inf
3.3876 inf
3.39058 inf
6.82124 inf
3.39356 inf
0.6991 inf
5.1223 inf
14.0283 inf
10.4993 inf
8.67517 inf
3.39654 inf
6.82423 inf
12.234 inf
3.39952 inf
8.67816 inf
6.82721 inf
14.0313 inf
12.237 inf
8.68114 inf
5.12528 inf
10.5023 inf
6.83019 inf
8.68412 inf
12.24 inf
6.83317 inf
3.4025 inf
12.243 inf
8.6871 inf
3.40548 inf
10.5053 inf
6.83615 inf
12.2459 inf
10.5082 inf
3.40846 inf
14.0343 inf
3.41144 inf
8.69008 inf
12.2489 inf
10.5112 inf
5.12827 inf
8.69306 inf
3.41442 inf
14.0373 inf
6.83913 inf
3.4174 inf
10.5142 inf
14.0403 inf
8.69604 inf
5.13125 inf
10.5172 inf
3.42038 inf
5.13423 inf
6.84211 inf
14.0432 inf
5.13721 inf
10.5202 inf
3.42336 inf
8.69902 inf
12.2519 inf
0.70208 inf
14.0462 inf
6.84509 inf
14.0492 inf
10.5231 inf
6.84807 inf
3.42634 inf
8.702 inf
10.5261 inf
6.85105 inf
14.0522 inf
5.14019 inf
6.85403 inf
0.705061 inf
0.708042 inf
10.5291 inf
8.70498 inf
3.42933 inf
0.711022 inf
12.2549 inf
3.43231 inf
8.70796 inf
6.85701 inf
14.0551 inf
3.43529 inf
5.14317 inf
3.43827 inf
8.71094 inf
10.5321 inf
6.85999 inf
12.2578 inf
5.14615 inf
6.86297 inf
3.44125 inf
5.14913 inf
8.71392 inf
10.5351 inf
14.0581 inf
5.15211 inf
3.44423 inf
10.5381 inf
5.15509 inf
3.44721 inf
14.0611 inf
12.2608 inf
3.45019 inf
6.86595 inf
8.7169 inf
3.45317 inf
10.541 inf
6.86893 inf
8.71988 inf
12.2638 inf
3.45615 inf
8.72287 inf
6.87191 inf
14.0641 inf
10.544 inf
8.72584 inf
6.8749 inf
5.15807 inf
12.2668 inf
14.0671 inf
5.16105 inf
6.87788 inf
14.0701 inf
10.547 inf
12.2698 inf
8.72883 inf
3.45913 inf
14.073 inf
3.46211 inf
5.16403 inf
10.55 inf
6.88086 inf
8.73181 inf
5.16701 inf
0.714003 inf
12.2728 inf
6.88384 inf
5.16999 inf
6.88682 inf
12.2757 inf
10.5529 inf
5.17298 inf
14.076 inf
3.46509 inf
0.716983 inf
10.5559 inf
3.46807 inf
3.47105 inf
12.2787 inf
6.8898 inf
14.079 inf
5.17596 inf
0.719964 inf
12.2817 inf
10.5589 inf
6.89278 inf
14.082 inf
8.73479 inf
12.2847 inf
10.5619 inf
3.47404 inf
5.17894 inf
6.89576 inf
3.47702 inf
0.722945 inf
14.085 inf
10.5649 inf
3.48 inf
5.18192 inf
8.73777 inf
10.5678 inf
3.48298 inf
12.2877 inf
6.89874 inf
8.74075 inf
5.1849 inf
12.2906 inf
3.48596 inf
5.18788 inf
6.90172 inf
14.0879 inf
12.2936 inf
5.19086 inf
8.74373 inf
10.5708 inf
5.19384 inf
3.48894 inf
12.2966 inf
14.0909 inf
3.49192 inf
8.74671 inf
5.19682 inf
6.9047 inf
10.5738 inf
8.74969 inf
3.4949 inf
12.2996 inf
5.1998 inf
10.5768 inf
14.0939 inf
6.90768 inf
8.75267 inf
10.5798 inf
6.91066 inf
3.49788 inf
12.3026 inf
14.0969 inf
8.75565 inf
0.725925 inf
10.5828 inf
5.20278 inf
6.91364 inf
3.50086 inf
14.0999 inf
10.5857 inf
8.75863 inf
12.3055 inf
5.20576 inf
6.91662 inf
10.5887 inf
5.20874 inf
3.50384 inf
6.9196 inf
12.3085 inf
10.5917 inf
5.21172 inf
8.76161 inf
3.50682 inf
5.2147 inf
14.1028 inf
6.92258 inf
10.5947 inf
6.92556 inf
5.21768 inf
10.5977 inf
6.92855 inf
5.22066 inf
6.93153 inf
10.6006 inf
8.76459 inf
5.22365 inf
12.3115 inf
3.5098 inf
6.93451 inf
10.6036 inf
12.3145 inf
3.51278 inf
5.22663 inf
14.1058 inf
10.6066 inf
3.51576 inf
8.76757 inf
12.3175 inf
3.51874 inf
14.1088 inf
0.728906 inf
10.6096 inf
14.1118 inf
8.77055 inf
5.22961 inf
12.3204 inf
6.93749 inf
10.6126 inf
5.23259 inf
6.94047 inf
3.52172 inf
8.77354 inf
12.3234 inf
0.731886 inf
5.23557 inf
14.1148 inf
5.23855 inf
3.5247 inf
10.6155 inf
0.734867 inf
3.52769 inf
14.1177 inf
10.6185 inf
5.24153 inf
6.94345 inf
12.3264 inf
8.77651 inf
5.24451 inf
6.94643 inf
14.1207 inf
10.6215 inf
5.24749 inf
8.7795 inf
12.3294 inf
6.94941 inf
5.25047 inf
8.78248 inf
3.53067 inf
12.3324 inf
10.6245 inf
14.1237 inf
3.53365 inf
6.95239 inf
5.25345 inf
12.3354 inf
8.78546 inf
0.737848 inf
5.25643 inf
6.95537 inf
6.95835 inf
6.96133 inf
14.1267 inf
6.96431 inf
12.3383 inf
6.96729 inf
8.78844 inf
6.97027 inf
12.3413 inf
3.53663 inf
8.79142 inf
0.740828 inf
14.1297 inf
8.7944 inf
5.25941 inf
12.3443 inf
3.53961 inf
10.6275 inf
6.97325 inf
14.1326 inf
8.79738 inf
3.54259 inf
5.26239 inf
8.80036 inf
3.54557 inf
12.3473 inf
10.6304 inf
3.54855 inf
5.26537 inf
6.97623 inf
14.1356 inf
5.26835 inf
10.6334 inf
3.55153 inf
5.27133 inf
8.80334 inf
3.55451 inf
6.97922 inf
14.1386 inf
8.80632 inf
6.9822 inf
5.27431 inf
3.55749 inf
6.98518 inf
8.8093 inf
10.6364 inf
6.98816 inf
8.81228 inf
5.27729 inf
3.56047 inf
14.1416 inf
3.56345 inf
10.6394 inf
8.81526 inf
5.28028 inf
14.1446 inf
0.743809 inf
6.99114 inf
0.746789 inf
5.28326 inf
10.6424 inf
3.56643 inf
5.28624 inf
8.81824 inf
12.3503 inf
6.99412 inf
5.28922 inf
14.1476 inf
10.6454 inf
3.56941 inf
0.74977 inf
3.57239 inf
0.752751 inf
8.82122 inf
0.755731 inf
6.9971 inf
5.2922 inf
10.6483 inf
14.1505 inf
3.57538 inf
0.758712 inf
3.57836 inf
10.6513 inf
5.29518 inf
7.00008 inf
14.1535 inf
12.3532 inf
0.761692 inf
3.58134 inf
5.29816 inf
8.8242 inf
5.30114 inf
14.1565 inf
12.3562 inf
7.00306 inf
0.764673 inf
10.6543 inf
8.82719 inf
14.1595 inf
5.30412 inf
0.767653 inf
10.6573 inf
5.3071 inf
3.58432 inf
14.1624 inf
8.83017 inf
5.31008 inf
12.3592 inf
7.00604 inf
3.5873 inf
0.770634 inf
3.59028 inf
14.1654 inf
0.773615 inf
3.59326 inf
10.6602 inf
12.3622 inf
7.00902 inf
10.6632 inf
5.31306 inf
12.3651 inf
7.012 inf
14.1684 inf
5.31604 inf
8.83315 inf
3.59624 inf
12.3681 inf
7.01498 inf
10.6662 inf
5.31902 inf
12.3711 inf
14.1714 inf
10.6692 inf
3.59922 inf
7.01796 inf
8.83613 inf
3.6022 inf
14.1744 inf
5.322 inf
3.60518 inf
12.3741 inf
10.6722 inf
7.02094 inf
14.1774 inf
8.83911 inf
3.60816 inf
12.3771 inf
5.32498 inf
7.02393 inf
0.776595 inf
7.02691 inf
14.1803 inf
0.779576 inf
7.02989 inf
8.84209 inf
0.782556 inf
14.1833 inf
5.32797 inf
10.6752 inf
12.3801 inf
8.84507 inf
5.33095 inf
14.1863 inf
10.6781 inf
3.61114 inf
5.33393 inf
12.383 inf
3.61412 inf
5.33691 inf
14.1893 inf
10.6811 inf
7.03287 inf
8.84805 inf
3.6171 inf
12.386 inf
10.6841 inf
8.85103 inf
5.33989 inf
0.785537 inf
8.85401 inf
12.389 inf
10.6871 inf
7.03585 inf
12.392 inf
14.1923 inf
10.6901 inf
3.62008 inf
8.85699 inf
7.03883 inf
3.62306 inf
8.85997 inf
12.395 inf
3.62604 inf
5.34287 inf
3.62903 inf
8.86295 inf
14.1952 inf
3.63201 inf
10.693 inf
0.788518 inf
7.04181 inf
3.63499 inf
5.34585 inf
12.3979 inf
8.86593 inf
5.34883 inf
7.04479 inf
10.696 inf
12.4009 inf
7.04777 inf
14.1982 inf
3.63797 inf
8.86891 inf
5.35181 inf
0.791498 inf
7.05075 inf
10.699 inf
7.05373 inf
12.4039 inf
7.05671 inf
5.35479 inf
10.702 inf
14.2012 inf
8.87189 inf
12.4069 inf
3.64095 inf
7.05969 inf
14.2042 inf
3.64393 inf
12.4099 inf
7.06267 inf
3.64691 inf
8.87487 inf
7.06565 inf
10.705 inf
0.794479 inf
3.64989 inf
14.2072 inf
12.4128 inf
8.87786 inf
0.797459 inf
7.06863 inf
14.2101 inf
5.35777 inf
8.88084 inf
10.7079 inf
8.88382 inf
3.65287 inf
8.8868 inf
3.65585 inf
7.07161 inf
5.36075 inf
7.0746 inf
5.36373 inf
10.7109 inf
5.36671 inf
7.07758 inf
3.65883 inf
7.08056 inf
12.4158 inf
7.08354 inf
5.36969 inf
8.88978 inf
7.08652 inf
14.2131 inf
0.80044 inf
8.89276 inf
3.66181 inf
12.4188 inf
10.7139 inf
3.66479 inf
14.2161 inf
8.89574 inf
7.0895 inf
10.7169 inf
3.66777 inf
5.37268 inf
12.4218 inf
10.7199 inf
14.2191 inf
7.09248 inf
5.37566 inf
8.89872 inf
10.7228 inf
0.803421 inf
8.9017 inf
5.37864 inf
14.2221 inf
10.7258 inf
7.09546 inf
12.4248 inf
5.38162 inf
8.90468 inf
3.67075 inf
5.3846 inf
14.225 inf
3.67374 inf
5.38758 inf
8.90766 inf
12.4277 inf
10.7288 inf
7.09844 inf
5.39056 inf
12.4307 inf
8.91064 inf
14.228 inf
10.7318 inf
12.4337 inf
5.39354 inf
8.91362 inf
10.7348 inf
3.67672 inf
14.231 inf
8.9166 inf
7.10142 inf
10.7378 inf
0.806401 inf
12.4367 inf
10.7407 inf
5.39652 inf
8.91958 inf
5.3995 inf
10.7437 inf
3.6797 inf
12.4397 inf
14.234 inf
7.1044 inf
8.92257 inf
10.7467 inf
7.10738 inf
14.237 inf
5.40248 inf
3.68268 inf
7.11036 inf
12.4427 inf
5.40546 inf
10.7497 inf
3.68566 inf
7.11334 inf
3.68864 inf
8.92554 inf
5.40844 inf
14.24 inf
12.4456 inf
5.41142 inf
7.11632 inf
3.69162 inf
5.4144 inf
14.2429 inf
0.809382 inf
10.7526 inf
12.4486 inf
5.41738 inf
8.92853 inf
3.6946 inf
14.2459 inf
7.1193 inf
0.812362 inf
8.93151 inf
10.7556 inf
5.42036 inf
7.12228 inf
3.69758 inf
12.4516 inf
14.2489 inf
10.7586 inf
8.93449 inf
5.42335 inf
12.4546 inf
3.70056 inf
8.93747 inf
3.70354 inf
10.7616 inf
3.70652 inf
7.12526 inf
0.815343 inf
10.7646 inf
7.12825 inf
8.94045 inf
12.4575 inf
5.42633 inf
3.7095 inf
14.2519 inf
12.4605 inf
3.71248 inf
7.13123 inf
3.71546 inf
0.818324 inf
14.2548 inf
0.821304 inf
3.71844 inf
10.7675 inf
12.4635 inf
3.72142 inf
8.94343 inf
7.13421 inf
12.4665 inf
5.42931 inf
7.13719 inf
10.7705 inf
8.94641 inf
14.2578 inf
5.43229 inf
7.14017 inf
12.4695 inf
10.7735 inf
8.94939 inf
5.43527 inf
7.14315 inf
8.95237 inf
3.7244 inf
10.7765 inf
12.4725 inf
14.2608 inf
8.95535 inf
7.14613 inf
3.72738 inf
8.95833 inf
5.43825 inf
10.7795 inf
7.14911 inf
12.4754 inf
3.73037 inf
10.7825 inf
0.824285 inf
8.96131 inf
10.7854 inf
7.15209 inf
3.73335 inf
12.4784 inf
14.2638 inf
8.96429 inf
5.44123 inf
10.7884 inf
3.73633 inf
5.44421 inf
12.4814 inf
5.44719 inf
3.73931 inf
14.2668 inf
8.96727 inf
7.15507 inf
12.4844 inf
10.7914 inf
5.45017 inf
3.74229 inf
8.97025 inf
12.4874 inf
14.2698 inf
5.45315 inf
7.15805 inf
10.7944 inf
14.2727 inf
3.74527 inf
12.4903 inf
8.97324 inf
14.2757 inf
10.7974 inf
3.74825 inf
0.827265 inf
7.16103 inf
10.8003 inf
12.4933 inf
7.16401 inf
7.16699 inf
5.45613 inf
14.2787 inf
5.45911 inf
7.16997 inf
10.8033 inf
5.46209 inf
7.17295 inf
12.4963 inf
5.46507 inf
10.8063 inf
14.2817 inf
3.75123 inf
12.4993 inf
10.8093 inf
7.17593 inf
3.75421 inf
5.46805 inf
14.2847 inf
8.97621 inf
12.5023 inf
5.47103 inf
3.75719 inf
10.8123 inf
7.17892 inf
5.47401 inf
3.76017 inf
5.47699 inf
12.5052 inf
3.76315 inf
14.2876 inf
8.9792 inf
10.8152 inf
7.1819 inf
8.98218 inf
0.830246 inf
12.5082 inf
0.833227 inf
8.98516 inf
5.47998 inf
3.76613 inf
10.8182 inf
8.98814 inf
5.48296 inf
14.2906 inf
12.5112 inf
5.48594 inf
14.2936 inf
12.5142 inf
10.8212 inf
7.18488 inf
8.99112 inf
14.2966 inf
3.76911 inf
10.8242 inf
12.5172 inf
5.48892 inf
7.18786 inf
8.9941 inf
5.4919 inf
12.5201 inf
5.49488 inf
14.2996 inf
0.836207 inf
7.19084 inf
3.77209 inf
8.99708 inf
12.5231 inf
10.8272 inf
5.49786 inf
9.00006 inf
0.839188 inf
5.50084 inf
3.77508 inf
10.8301 inf
9.00304 inf
14.3025 inf
9.00602 inf
10.8331 inf
7.19382 inf
9.009 inf
14.3055 inf
10.8361 inf
7.1968 inf
12.5261 inf
0.842168 inf
7.19978 inf
0.845149 inf
3.77806 inf
7.20276 inf
3.78104 inf
7.20574 inf
5.50382 inf
12.5291 inf
0.84813 inf
5.5068 inf
14.3085 inf
12.5321 inf
5.50978 inf
3.78402 inf
10.8391 inf
0.85111 inf
0.854091 inf
7.20872 inf
0.857071 inf
5.51276 inf
3.787 inf
3.78998 inf
12.5351 inf
14.3115 inf
9.01198 inf
3.79296 inf
5.51574 inf
10.8421 inf
7.2117 inf
3.79594 inf
9.01496 inf
7.21468 inf
5.51872 inf
14.3145 inf
7.21766 inf
9.01794 inf
5.5217 inf
14.3174 inf
9.02092 inf
12.538 inf
3.79892 inf
10.8451 inf
14.3204 inf
7.22064 inf
5.52468 inf
12.541 inf
3.8019 inf
7.22363 inf
5.52767 inf
3.80488 inf
0.860052 inf
9.0239 inf
3.80786 inf
10.848 inf
5.53065 inf
0.863033 inf
12.544 inf
5.53363 inf
7.22661 inf
3.81084 inf
14.3234 inf
10.851 inf
7.22959 inf
10.854 inf
14.3264 inf
5.53661 inf
0.866013 inf
10.857 inf
14.3294 inf
5.53959 inf
12.547 inf
3.81382 inf
10.8599 inf
3.8168 inf
9.02689 inf
7.23257 inf
5.54257 inf
12.55 inf
9.02987 inf
7.23555 inf
5.54555 inf
14.3323 inf
9.03285 inf
5.54853 inf
3.81978 inf
0.868994 inf
5.55151 inf
12.5529 inf
10.8629 inf
9.03583 inf
7.23853 inf
5.55449 inf
14.3353 inf
3.82276 inf
5.55747 inf
10.8659 inf
7.24151 inf
12.5559 inf
14.3383 inf
5.56045 inf
9.03881 inf
0.871974 inf
10.8689 inf
7.24449 inf
5.56343 inf
9.04179 inf
12.5589 inf
5.56641 inf
14.3413 inf
9.04477 inf
5.56939 inf
10.8719 inf
7.24747 inf
9.04775 inf
0.874955 inf
10.8749 inf
0.877936 inf
9.05073 inf
5.57237 inf
14.3443 inf
9.05371 inf
7.25045 inf
14.3473 inf
7.25343 inf
12.5619 inf
9.05669 inf
0.880916 inf
5.57536 inf
0.883897 inf
7.25641 inf
10.8778 inf
12.5648 inf
5.57834 inf
9.05967 inf
5.58132 inf
12.5678 inf
14.3502 inf
10.8808 inf
9.06265 inf
5.5843 inf
7.25939 inf
12.5708 inf
14.3532 inf
5.58728 inf
10.8838 inf
9.06563 inf
7.26237 inf
9.06861 inf
14.3562 inf
5.59026 inf
12.5738 inf
0.886877 inf
0.889858 inf
9.07159 inf
7.26535 inf
0.892839 inf
14.3592 inf
12.5768 inf
7.26833 inf
10.8868 inf
0.895819 inf
7.27131 inf
5.59324 inf
14.3621 inf
7.2743 inf
5.59622 inf
12.5798 inf
7.27728 inf
9.07457 inf
14.3651 inf
0.8988 inf
10.8898 inf
0.90178 inf
5.5992 inf
9.07756 inf
7.28026 inf
12.5827 inf
14.3681 inf
9.08054 inf
0.904761 inf
7.28324 inf
5.60218 inf
10.8927 inf
0.907741 inf
12.5857 inf
7.28622 inf
9.08352 inf
7.2892 inf
5.60516 inf
7.29218 inf
9.0865 inf
5.60814 inf
12.5887 inf
7.29516 inf
0.910722 inf
0.913703 inf
7.29814 inf
9.08948 inf
12.5917 inf
5.61112 inf
10.8957 inf
9.09246 inf
0.916683 inf
14.3711 inf
0.919664 inf
12.5947 inf
5.6141 inf
7.30112 inf
10.8987 inf
12.5976 inf
9.09544 inf
7.3041 inf
12.6006 inf
10.9017 inf
14.3741 inf
9.09842 inf
0.922644 inf
5.61708 inf
7.30708 inf
9.1014 inf
14.3771 inf
5.62006 inf
12.6036 inf
10.9047 inf
7.31006 inf
0.925625 inf
12.6066 inf
0.928606 inf
10.9076 inf
9.10438 inf
0.931586 inf
12.6096 inf
7.31304 inf
10.9106 inf
5.62305 inf
9.10736 inf
7.31602 inf
14.38 inf
10.9136 inf
12.6125 inf
5.62603 inf
9.11034 inf
14.383 inf
5.62901 inf
7.319 inf
10.9166 inf
5.63199 inf
9.11332 inf
7.32198 inf
14.386 inf
10.9196 inf
5.63497 inf
9.1163 inf
0.934567 inf
14.389 inf
10.9225 inf
7.32496 inf
9.11928 inf
5.63795 inf
10.9255 inf
12.6155 inf
7.32795 inf
14.392 inf
9.12226 inf
10.9285 inf
5.64093 inf
12.6185 inf
7.33093 inf
9.12524 inf
5.64391 inf
14.3949 inf
10.9315 inf
7.33391 inf
12.6215 inf
5.64689 inf
9.12823 inf
7.33689 inf
5.64987 inf
9.13121 inf
14.3979 inf
5.65285 inf
12.6245 inf
10.9345 inf
7.33987 inf
9.13419 inf
5.65583 inf
14.4009 inf
12.6274 inf
5.65881 inf
9.13717 inf
7.34285 inf
14.4039 inf
10.9375 inf
5.66179 inf
7.34583 inf
9.14015 inf
12.6304 inf
14.4069 inf
9.14313 inf
0.937547 inf
5.66477 inf
10.9404 inf
12.6334 inf
9.14611 inf
7.34881 inf
14.4098 inf
10.9434 inf
5.66775 inf
12.6364 inf
7.35179 inf
9.14909 inf
10.9464 inf
7.35477 inf
9.15207 inf
14.4128 inf
10.9494 inf
9.15505 inf
7.35775 inf
14.4158 inf
9.15803 inf
0.940528 inf
9.16101 inf
14.4188 inf
10.9523 inf
5.67073 inf
9.16399 inf
12.6394 inf
7.36073 inf
10.9553 inf
5.67371 inf
14.4218 inf
12.6424 inf
9.16697 inf
10.9583 inf
7.36371 inf
5.67669 inf
9.16995 inf
10.9613 inf
14.4247 inf
5.67968 inf
12.6453 inf
5.68266 inf
7.36669 inf
9.17294 inf
5.68564 inf
10.9643 inf
12.6483 inf
7.36967 inf
14.4277 inf
9.17591 inf
10.9672 inf
12.6513 inf
7.37265 inf
10.9702 inf
12.6543 inf
9.1789 inf
14.4307 inf
7.37563 inf
10.9732 inf
7.37862 inf
14.4337 inf
9.18188 inf
12.6572 inf
14.4367 inf
10.9762 inf
0.943509 inf
12.6602 inf
7.3816 inf
0.946489 inf
10.9792 inf
14.4397 inf
9.18486 inf
7.38458 inf
0.94947 inf
12.6632 inf
9.18784 inf
14.4426 inf
7.38756 inf
0.95245 inf
9.19082 inf
0.955431 inf
12.6662 inf
9.1938 inf
10.9822 inf
14.4456 inf
7.39054 inf
0.958412 inf
0.961392 inf
10.9851 inf
12.6692 inf
9.19678 inf
0.964373 inf
7.39352 inf
10.9881 inf
0.967353 inf
14.4486 inf
9.19976 inf
7.3965 inf
12.6722 inf
7.39948 inf
0.970334 inf
10.9911 inf
10.9941 inf
14.4516 inf
10.9971 inf
14.4545 inf
11 inf
9.20274 inf
14.4575 inf
11.003 inf
9.20572 inf
7.40246 inf
0.973315 inf
11.006 inf
12.6751 inf
0.976295 inf
7.40544 inf
9.2087 inf
11.009 inf
0.979276 inf
14.4605 inf
7.40842 inf
11.012 inf
12.6781 inf
9.21168 inf
14.4635 inf
11.0149 inf
7.4114 inf
12.6811 inf
9.21466 inf
0.982256 inf
14.4665 inf
12.6841 inf
0.985237 inf
11.0179 inf
9.21764 inf
7.41438 inf
11.0209 inf
7.41736 inf
14.4695 inf
11.0239 inf
7.42034 inf
0.988218 inf
9.22062 inf
0.991198 inf
14.4724 inf
11.0269 inf
0.994179 inf
0.997159 inf
7.42333 inf
12.6871 inf
14.4754 inf
9.2236 inf
7.42631 inf
1.00014 inf
7.42929 inf
14.4784 inf
11.0298 inf
9.22659 inf
1.00312 inf
12.69 inf
9.22957 inf
11.0328 inf
12.693 inf
14.4814 inf
9.23255 inf
7.43227 inf
11.0358 inf
9.23553 inf
12.696 inf
7.43525 inf
14.4844 inf
9.23851 inf
11.0388 inf
7.43823 inf
12.699 inf
9.24149 inf
14.4873 inf
11.0418 inf
1.0061 inf
7.44121 inf
1.00908 inf
11.0448 inf
7.44419 inf
1.01206 inf
14.4903 inf
1.01504 inf
9.24447 inf
12.702 inf
7.44717 inf
11.0477 inf
1.01802 inf
7.45015 inf
9.24745 inf
12.7049 inf
11.0507 inf
7.45313 inf
14.4933 inf
7.45611 inf
11.0537 inf
9.25043 inf
12.7079 inf
7.45909 inf
1.021 inf
14.4963 inf
11.0567 inf
12.7109 inf
9.25341 inf
11.0596 inf
1.02398 inf
7.46207 inf
12.7139 inf
9.25639 inf
14.4993 inf
1.02696 inf
1.02995 inf
7.46505 inf
1.03293 inf
11.0626 inf
14.5022 inf
7.46803 inf
9.25937 inf
1.03591 inf
1.03889 inf
11.0656 inf
9.26235 inf
7.47101 inf
14.5052 inf
12.7169 inf
9.26533 inf
7.474 inf
11.0686 inf
1.04187 inf
14.5082 inf
7.47698 inf
9.26831 inf
11.0716 inf
7.47996 inf
12.7198 inf
9.27129 inf
11.0746 inf
7.48294 inf
14.5112 inf
12.7228 inf
9.27427 inf
11.0775 inf
1.04485 inf
12.7258 inf
14.5142 inf
7.48592 inf
9.27726 inf
1.04783 inf
11.0805 inf
7.4889 inf
12.7288 inf
1.05081 inf
14.5171 inf
9.28024 inf
7.49188 inf
1.05379 inf
11.0835 inf
1.05677 inf
12.7318 inf
1.05975 inf
14.5201 inf
9.28322 inf
1.06273 inf
9.2862 inf
11.0865 inf
1.06571 inf
9.28918 inf
11.0895 inf
1.06869 inf
7.49486 inf
14.5231 inf
9.29216 inf
12.7348 inf
1.07167 inf
7.49784 inf
11.0924 inf
9.29514 inf
1.07465 inf
12.7377 inf
9.29812 inf
14.5261 inf
1.07764 inf
11.0954 inf
7.50082 inf
1.08062 inf
12.7407 inf
11.0984 inf
7.5038 inf
9.3011 inf
14.5291 inf
11.1014 inf
9.30408 inf
7.50678 inf
1.0836 inf
9.30706 inf
1.08658 inf
14.532 inf
11.1044 inf
1.08956 inf
12.7437 inf
7.50976 inf
9.31004 inf
1.09254 inf
7.51274 inf
11.1073 inf
9.31302 inf
7.51572 inf
14.535 inf
11.1103 inf
9.316 inf
1.09552 inf
7.5187 inf
12.7467 inf
1.0985 inf
14.538 inf
1.10148 inf
11.1133 inf
1.10446 inf
7.52168 inf
12.7497 inf
9.31898 inf
11.1163 inf
14.541 inf
9.32196 inf
1.10744 inf
14.544 inf
1.11042 inf
9.32494 inf
11.1193 inf
12.7526 inf
7.52466 inf
1.1134 inf
9.32793 inf
14.547 inf
11.1222 inf
12.7556 inf
7.52765 inf
1.11638 inf
9.33091 inf
1.11936 inf
7.53063 inf
11.1252 inf
12.7586 inf
1.12234 inf
1.12532 inf
14.5499 inf
7.53361 inf
9.33389 inf
11.1282 inf
12.7616 inf
1.12831 inf
7.53659 inf
14.5529 inf
12.7645 inf
1.13129 inf
1.13427 inf
9.33687 inf
7.53957 inf
12.7675 inf
9.33985 inf
11.1312 inf
14.5559 inf
9.34283 inf
12.7705 inf
1.13725 inf
14.5589 inf
11.1342 inf
7.54255 inf
1.14023 inf
12.7735 inf
9.34581 inf
1.14321 inf
14.5618 inf
7.54553 inf
11.1372 inf
12.7765 inf
9.34879 inf
7.54851 inf
1.14619 inf
11.1401 inf
9.35177 inf
12.7795 inf
11.1431 inf
9.35475 inf
14.5648 inf
12.7824 inf
11.1461 inf
9.35773 inf
1.14917 inf
1.15215 inf
14.5678 inf
1.15513 inf
9.36071 inf
11.1491 inf
12.7854 inf
1.15811 inf
14.5708 inf
12.7884 inf
9.36369 inf
1.16109 inf
11.152 inf
12.7914 inf
14.5738 inf
9.36667 inf
1.16407 inf
1.16705 inf
11.155 inf
1.17003 inf
12.7944 inf
1.17301 inf
14.5768 inf
9.36965 inf
11.158 inf
1.17599 inf
14.5797 inf
1.17898 inf
12.7973 inf
9.37264 inf
11.161 inf
1.18196 inf
14.5827 inf
12.8003 inf
11.164 inf
9.37561 inf
1.18494 inf
1.18792 inf
9.3786 inf
14.5857 inf
12.8033 inf
1.1909 inf
1.19388 inf
1.19686 inf
9.38158 inf
1.19984 inf
1.20282 inf
14.5887 inf
9.38456 inf
11.1669 inf
1.2058 inf
1.20878 inf
12.8063 inf
9.38754 inf
14.5917 inf
11.1699 inf
1.21176 inf
12.8093 inf
11.1729 inf
1.21474 inf
14.5946 inf
1.21772 inf
12.8122 inf
1.2207 inf
11.1759 inf
1.22368 inf
9.39052 inf
12.8152 inf
1.22666 inf
11.1789 inf
14.5976 inf
9.3935 inf
11.1819 inf
11.1848 inf
1.22965 inf
1.23263 inf
14.6006 inf
9.39648 inf
11.1878 inf
12.8182 inf
1.23561 inf
14.6036 inf
1.23859 inf
11.1908 inf
9.39946 inf
14.6066 inf
1.24157 inf
14.6095 inf
9.40244 inf
12.8212 inf
1.24455 inf
12.8242 inf
9.40542 inf
14.6125 inf
11.1938 inf
1.24753 inf
12.8271 inf
1.25051 inf
1.25349 inf
1.25647 inf
9.4084 inf
1.25945 inf
14.6155 inf
11.1968 inf
12.8301 inf
1.26243 inf
9.41138 inf
1.26541 inf
11.1997 inf
12.8331 inf
11.2027 inf
14.6185 inf
1.26839 inf
12.8361 inf
1.27137 inf
11.2057 inf
1.27435 inf
14.6215 inf
1.27734 inf
12.8391 inf
1.28032 inf
14.6244 inf
1.2833 inf
1.28628 inf
11.2087 inf
12.8421 inf
1.28926 inf
14.6274 inf
11.2117 inf
1.29224 inf
12.845 inf
1.29522 inf
14.6304 inf
1.2982 inf
1.30118 inf
14.6334 inf
12.848 inf
11.2146 inf
14.6364 inf
12.851 inf
11.2176 inf
14.6394 inf
12.854 inf
11.2206 inf
14.6423 inf
1.30416 inf
12.8569 inf
1.30714 inf
1.31012 inf
1.3131 inf
11.2236 inf
12.8599 inf
14.6453 inf
1.31608 inf
1.31906 inf
12.8629 inf
14.6483 inf
1.32204 inf
11.2266 inf
12.8659 inf
1.32502 inf
1.32801 inf
14.6513 inf
1.33099 inf
11.2295 inf
1.33397 inf
14.6542 inf
1.33695 inf
1.33993 inf
1.34291 inf
14.6572 inf
1.34589 inf
11.2325 inf
12.8689 inf
1.34887 inf
14.6602 inf
1.35185 inf
1.35483 inf
11.2355 inf
1.35781 inf
12.8719 inf
1.36079 inf
14.6632 inf
1.36377 inf
11.2385 inf
12.8748 inf
1.36675 inf
14.6662 inf
1.36973 inf
12.8778 inf
11.2415 inf
1.37271 inf
14.6692 inf
1.37569 inf
11.2445 inf
12.8808 inf
14.6721 inf
11.2474 inf
12.8838 inf
14.6751 inf
1.37868 inf
1.38166 inf
11.2504 inf
14.6781 inf
12.8868 inf
12.8897 inf
1.38464 inf
1.38762 inf
11.2534 inf
14.6811 inf
12.8927 inf
1.3906 inf
11.2564 inf
14.6841 inf
1.39358 inf
12.8957 inf
14.687 inf
11.2593 inf
1.39656 inf
12.8987 inf
11.2623 inf
1.39954 inf
12.9017 inf
14.69 inf
12.9046 inf
11.2653 inf
1.40252 inf
1.4055 inf
1.40848 inf
14.693 inf
12.9076 inf
14.696 inf
11.2683 inf
1.41146 inf
12.9106 inf
1.41444 inf
1.41742 inf
14.699 inf
1.4204 inf
12.9136 inf
1.42338 inf
1.42637 inf
1.42935 inf
11.2713 inf
14.7019 inf
12.9166 inf
1.43233 inf
11.2743 inf
1.43531 inf
12.9195 inf
14.7049 inf
12.9225 inf
1.43829 inf
1.44127 inf
1.44425 inf
14.7079 inf
12.9255 inf
1.44723 inf
1.45021 inf
14.7109 inf
1.45319 inf
1.45617 inf
1.45915 inf
1.46213 inf
12.9285 inf
1.46511 inf
14.7139 inf
1.46809 inf
1.47107 inf
1.47405 inf
1.47704 inf
12.9315 inf
14.7168 inf
1.48002 inf
12.9345 inf
1.483 inf
14.7198 inf
1.48598 inf
1.48896 inf
12.9374 inf
1.49194 inf
1.49492 inf
14.7228 inf
1.4979 inf
12.9404 inf
1.50088 inf
1.50386 inf
14.7258 inf
1.50684 inf
12.9434 inf
1.50982 inf
1.5128 inf
14.7288 inf
1.51578 inf
14.7317 inf
1.51876 inf
1.52174 inf
1.52473 inf
1.52771 inf
1.53069 inf
14.7347 inf
1.53367 inf
1.53665 inf
1.53963 inf
1.54261 inf
1.54559 inf
14.7377 inf
12.9464 inf
1.54857 inf
1.55155 inf
14.7407 inf
12.9494 inf
1.55453 inf
14.7437 inf
1.55751 inf
12.9523 inf
1.56049 inf
1.56347 inf
14.7467 inf
12.9553 inf
1.56645 inf
1.56943 inf
1.57241 inf
12.9583 inf
14.7496 inf
1.5754 inf
12.9613 inf
14.7526 inf
1.57838 inf
1.58136 inf
12.9642 inf
1.58434 inf
14.7556 inf
1.58732 inf
1.5903 inf
12.9672 inf
1.59328 inf
1.59626 inf
14.7586 inf
1.59924 inf
12.9702 inf
1.60222 inf
1.6052 inf
14.7615 inf
12.9732 inf
1.60818 inf
1.61116 inf
1.61414 inf
14.7645 inf
12.9762 inf
1.61712 inf
1.6201 inf
1.62309 inf
12.9792 inf
14.7675 inf
12.9821 inf
1.62607 inf
1.62905 inf
14.7705 inf
1.63203 inf
14.7735 inf
12.9851 inf
1.63501 inf
1.63799 inf
1.64097 inf
14.7765 inf
12.9881 inf
1.64395 inf
1.64693 inf
14.7794 inf
12.9911 inf
1.64991 inf
14.7824 inf
1.65289 inf
12.9941 inf
1.65587 inf
1.65885 inf
12.997 inf
14.7854 inf
1.66183 inf
1.66481 inf
13 inf
1.66779 inf
14.7884 inf
1.67077 inf
1.67376 inf
1.67674 inf
13.003 inf
1.67972 inf
14.7914 inf
1.6827 inf
1.68568 inf
1.68866 inf
13.006 inf
1.69164 inf
1.69462 inf
14.7943 inf
1.6976 inf
1.70058 inf
13.009 inf
14.7973 inf
1.70356 inf
13.0119 inf
1.70654 inf
1.70952 inf
13.0149 inf
1.7125 inf
14.8003 inf
1.71548 inf
1.71846 inf
13.0179 inf
1.72144 inf
1.72443 inf
13.0209 inf
1.72741 inf
1.73039 inf
13.0239 inf
1.73337 inf
1.73635 inf
13.0268 inf
1.73933 inf
1.74231 inf
13.0298 inf
1.74529 inf
1.74827 inf
1.75125 inf
13.0328 inf
1.75423 inf
14.8033 inf
13.0358 inf
1.75721 inf
14.8063 inf
1.76019 inf
13.0388 inf
1.76317 inf
1.76615 inf
14.8092 inf
1.76913 inf
13.0418 inf
1.77211 inf
1.7751 inf
14.8122 inf
1.77808 inf
13.0447 inf
1.78106 inf
1.78404 inf
13.0477 inf
1.78702 inf
1.79 inf
14.8152 inf
13.0507 inf
1.79298 inf
13.0537 inf
1.79596 inf
1.79894 inf
13.0566 inf
1.80192 inf
1.8049 inf
1.80788 inf
1.81086 inf
13.0596 inf
14.8182 inf
1.81384 inf
1.81682 inf
13.0626 inf
13.0656 inf
14.8212 inf
1.8198 inf
1.82279 inf
14.8241 inf
13.0686 inf
1.82577 inf
14.8271 inf
1.82875 inf
13.0716 inf
14.8301 inf
1.83173 inf
1.83471 inf
13.0745 inf
1.83769 inf
14.8331 inf
1.84067 inf
1.84365 inf
13.0775 inf
1.84663 inf
1.84961 inf
14.8361 inf
1.85259 inf
13.0805 inf
1.85557 inf
1.85855 inf
14.8391 inf
1.86153 inf
14.842 inf
1.86451 inf
1.86749 inf
1.87047 inf
1.87346 inf
1.87644 inf
13.0835 inf
14.845 inf
1.87942 inf
1.8824 inf
13.0865 inf
1.88538 inf
1.88836 inf
14.848 inf
1.89134 inf
1.89432 inf
13.0894 inf
1.8973 inf
1.90028 inf
1.90326 inf
14.851 inf
1.90624 inf
13.0924 inf
1.90922 inf
1.9122 inf
1.91518 inf
13.0954 inf
14.8539 inf
1.91816 inf
1.92114 inf
1.92413 inf
13.0984 inf
1.92711 inf
14.8569 inf
13.1014 inf
14.8599 inf
1.93009 inf
13.1043 inf
1.93307 inf
1.93605 inf
13.1073 inf
14.8629 inf
13.1103 inf
1.93903 inf
1.94201 inf
1.94499 inf
14.8659 inf
1.94797 inf
1.95095 inf
13.1133 inf
1.95393 inf
1.95691 inf
1.95989 inf
14.8689 inf
13.1163 inf
14.8718 inf
13.1192 inf
14.8748 inf
13.1222 inf
14.8778 inf
13.1252 inf
14.8808 inf
13.1282 inf
14.8838 inf
13.1312 inf
13.1341 inf
14.8867 inf
13.1371 inf
14.8897 inf
14.8927 inf
14.8957 inf
14.8987 inf
14.9016 inf
14.9046 inf
14.9076 inf
14.9106 inf
14.9136 inf
14.9165 inf
14.9195 inf
14.9225 inf
14.9255 inf
14.9285 inf
14.9314 inf
14.9344 inf
14.9374 inf
14.9404 inf
14.9434 inf
14.9464 inf
14.9493 inf
14.9523 inf
14.9553 inf
14.9583 inf
14.9612 inf
14.9642 inf
14.9672 inf
14.9702 inf
14.9732 inf
14.9762 inf
14.9791 inf
14.9821 inf
14.9851 inf
14.9881 inf
14.9911 inf
14.994 inf
14.997 inf
