0  1.02476  1918.72 
0  1.07429  1830.27 
0  1.12381  1749.61 
0  1.17334  1675.76 
0  1.22286  1607.89 
0  1.27239  1545.31 
0  1.32191  1487.42 
0  1.37144  1433.7 
0  1.42096  1383.73 
0  1.47049  1337.13 
0  1.52001  1293.56 
0  1.56953  1252.75 
0  1.61906  1214.43 
0  1.66858  1178.38 
0  1.71811  1144.42 
0  1.76763  1112.35 
0  1.81716  1082.04 
0  1.86668  1053.33 
0  1.91621  1026.1 
0  1.96573  1000.25 
0  2.01526  975.672 
0  2.06478  952.27 
0  2.11431  929.964 
0  2.16383  908.68 
0  2.21336  888.348 
0  2.26288  868.906 
0  2.31241  850.296 
0  2.36193  832.467 
0  2.41146  815.371 
0  2.46098  798.962 
0  2.51051  783.201 
0  2.56003  768.05 
0  2.60955  753.473 
0  2.65908  739.44 
0  2.7086  725.92 
0  2.75813  712.886 
0  2.80765  700.311 
0  2.85718  688.172 
0  2.9067  676.447 
0  2.95623  665.115 
0  3.00575  654.156 
0  3.05528  643.552 
0  3.1048  633.287 
0  3.15433  623.344 
0  3.20385  613.708 
0  3.25338  604.366 
0  3.3029  595.304 
0  3.35243  586.51 
0  3.40195  577.971 
0  3.45148  569.678 
0  3.501  561.62 
0  3.55053  553.786 
0  3.60005  546.167 
0  3.64957  538.756 
0  3.6991  531.543 
0  3.74862  524.52 
0  3.79815  517.681 
0  3.84767  511.018 
0  3.8972  504.524 
0  3.94672  498.193 
0  3.99625  492.019 
0  4.04577  485.996 
0  4.0953  480.119 
0  4.14482  474.382 
0  4.19435  468.781 
0  4.24387  463.31 
0  4.2934  457.966 
0  4.34292  452.744 
0  4.39245  447.639 
0  4.44197  442.648 
0  4.4915  437.767 
0  4.54102  432.993 
0  4.59055  428.322 
0  4.64007  423.75 
0  4.68959  419.275 
0  4.73912  414.894 
0  4.78864  410.603 
0  4.83817  406.4 
0  4.88769  402.282 
0  4.93722  398.247 
0  4.98674  394.291 
0  5.03627  390.414 
0  5.08579  386.612 
0  5.13532  382.884 
0  5.18484  379.227 
0  5.23437  375.639 
0  5.28389  372.118 
0  5.33342  368.662 
0  5.38294  365.271 
0  5.43247  361.941 
0  5.48199  358.671 
0  5.53152  355.46 
0  5.58104  352.305 
0  5.63057  349.207 
0  5.68009  346.162 
0  5.72961  343.17 
0  5.77914  340.229 
0  5.82866  337.338 
0  5.87819  334.496 
0  5.92771  331.701 
0  5.97724  328.953 
0  6.02676  326.25 
0  6.07629  323.591 
0  6.12581  320.975 
0  6.17534  318.4 
0  6.22486  315.867 
0  6.27439  313.374 
0  6.32391  310.92 
0  6.37344  308.504 
0  6.42296  306.125 
0  6.47249  303.783 
0  6.52201  301.476 
0  6.57154  299.204 
0  6.62106  296.966 
0  6.67059  294.761 
0  6.72011  292.589 
0  6.76963  290.449 
0  6.81916  288.339 
0  6.86868  286.26 
0  6.91821  284.211 
0  6.96773  282.191 
0  7.01726  280.199 
0  7.06678  278.236 
0  7.11631  276.299 
0  7.16583  274.39 
0  7.21536  272.506 
0  7.26488  270.649 
0  7.31441  268.816 
0  7.36393  267.008 
0  7.41346  265.224 
0  7.46298  263.464 
0  7.51251  261.728 
0  7.56203  260.014 
0  7.61156  258.322 
0  7.66108  256.652 
0  7.71061  255.003 
0  7.76013  253.376 
0  7.80965  251.769 
0  7.85918  250.183 
0  7.9087  248.616 
0  7.95823  247.069 
0  8.00775  245.541 
0  8.05728  244.032 
0  8.1068  242.541 
0  8.15633  241.068 
0  8.20585  239.613 
0  8.25538  238.176 
0  8.3049  236.755 
0  8.35443  235.352 
0  8.40395  233.965 
0  8.45348  232.594 
0  8.503  231.24 
0  8.55253  229.901 
0  8.60205  228.577 
0  8.65158  227.268 
0  8.7011  225.975 
0  8.75063  224.696 
0  8.80015  223.431 
0  8.84967  222.181 
0  8.8992  220.945 
0  8.94872  219.722 
0  8.99825  218.513 
0  9.04777  217.316 
0  9.0973  216.133 
0  9.14682  214.963 
0  9.19635  213.806 
0  9.24587  212.66 
0  9.2954  211.527 
0  9.34492  210.406 
0  9.39445  209.297 
0  9.44397  208.2 
0  9.4935  207.113 
0  9.54302  206.039 
0  9.59255  204.975 
0  9.64207  203.922 
0  9.6916  202.88 
0  9.74112  201.848 
0  9.79065  200.827 
0  9.84017  199.817 
0  9.88969  198.816 
0  9.93922  197.825 
0  9.98874  196.845 
0  10.0383  195.873 
0  10.0878  194.912 
0  10.1373  193.96 
0  10.1868  193.017 
0  10.2364  192.083 
0  10.2859  191.158 
0  10.3354  190.242 
0  10.3849  189.335 
0  10.4345  188.436 
0  10.484  187.546 
0  10.5335  186.664 
0  10.583  185.791 
0  10.6326  184.925 
0  10.6821  184.068 
0  10.7316  183.218 
0  10.7811  182.377 
0  10.8307  181.543 
0  10.8802  180.717 
0  10.9297  179.898 
0  10.9792  179.086 
0  11.0288  178.282 
0  11.0783  177.485 
0  11.1278  176.695 
0  11.1773  175.912 
0  11.2269  175.136 
0  11.2764  174.367 
0  11.3259  173.605 
0  11.3754  172.849 
0  11.425  172.099 
0  11.4745  171.357 
0  11.524  170.62 
0  11.5735  169.89 
0  11.6231  169.166 
0  11.6726  168.449 
0  11.7221  167.737 
0  11.7716  167.031 
0  11.8212  166.331 
0  11.8707  165.637 
0  11.9202  164.949 
0  11.9697  164.267 
0  12.0193  163.59 
0  12.0688  162.919 
0  12.1183  162.253 
0  12.1678  161.592 
0  12.2174  160.937 
0  12.2669  160.288 
0  12.3164  159.643 
0  12.3659  159.004 
0  12.4155  158.37 
0  12.465  157.74 
0  12.5145  157.116 
0  12.564  156.497 
0  12.6136  155.882 
0  12.6631  155.273 
0  12.7126  154.668 
0  12.7621  154.068 
0  12.8117  153.472 
0  12.8612  152.881 
0  12.9107  152.295 
0  12.9602  151.713 
0  13.0098  151.135 
0  13.0593  150.562 
0  13.1088  149.993 
0  13.1583  149.429 
0  13.2079  148.868 
0  13.2574  148.312 
0  13.3069  147.76 
0  13.3564  147.212 
0  13.406  146.668 
0  13.4555  146.129 
0  13.505  145.593 
0  13.5545  145.061 
0  13.6041  144.533 
0  13.6536  144.008 
0  13.7031  143.488 
0  13.7526  142.971 
0  13.8022  142.458 
0  13.8517  141.949 
0  13.9012  141.443 
0  13.9507  140.941 
0  14.0003  140.443 
0  14.0498  139.947 
0  14.0993  139.456 
0  14.1488  138.968 
0  14.1983  138.483 
0  14.2479  138.002 
0  14.2974  137.524 
0  14.3469  137.049 
0  14.3964  136.577 
0  14.446  136.109 
0  14.4955  135.644 
0  14.545  135.182 
0  14.5945  134.724 
0  14.6441  134.268 
0  14.6936  133.815 
0  14.7431  133.366 
0  14.7926  132.919 
0  14.8422  132.476 
0  14.8917  132.035 
0  14.9412  131.598 
0  14.9907  131.163 
0  15.0403  130.731 
0  15.0898  130.302 
0  15.1393  129.876 
0  15.1888  129.452 
0  15.2384  129.032 
0  15.2879  128.614 
0  15.3374  128.198 
0  15.3869  127.786 
0  15.4365  127.376 
0  15.486  126.968 
0  15.5355  126.564 
0  15.585  126.161 
0  15.6346  125.762 
0  15.6841  125.365 
0  15.7336  124.97 
0  15.7831  124.578 
0  15.8327  124.188 
0  15.8822  123.801 
0  15.9317  123.416 
0  15.9812  123.034 
0  16.0308  122.654 
0  16.0803  122.276 
0  16.1298  121.9 
0  16.1793  121.527 
0  16.2289  121.156 
0  16.2784  120.788 
0  16.3279  120.421 
0  16.3774  120.057 
0  16.427  119.695 
0  16.4765  119.336 
0  16.526  118.978 
0  16.5755  118.622 
0  16.6251  118.269 
0  16.6746  117.918 
0  16.7241  117.569 
0  16.7736  117.221 
0  16.8232  116.876 
0  16.8727  116.533 
0  16.9222  116.192 
0  16.9717  115.853 
0  17.0213  115.516 
0  17.0708  115.181 
0  17.1203  114.848 
0  17.1698  114.517 
0  17.2194  114.187 
0  17.2689  113.86 
0  17.3184  113.534 
0  17.3679  113.21 
0  17.4175  112.888 
0  17.467  112.568 
0  17.5165  112.25 
0  17.566  111.934 
0  17.6156  111.619 
0  17.6651  111.306 
0  17.7146  110.995 
0  17.7641  110.685 
0  17.8137  110.378 
0  17.8632  110.072 
0  17.9127  109.767 
0  17.9622  109.465 
0  18.0118  109.164 
0  18.0613  108.864 
0  18.1108  108.567 
0  18.1603  108.271 
0  18.2099  107.976 
0  18.2594  107.683 
0  18.3089  107.392 
0  18.3584  107.102 
0  18.408  106.814 
0  18.4575  106.528 
0  18.507  106.242 
0  18.5565  105.959 
0  18.6061  105.677 
0  18.6556  105.396 
0  18.7051  105.117 
0  18.7546  104.84 
0  18.8042  104.564 
0  18.8537  104.289 
0  18.9032  104.016 
0  18.9527  103.744 
0  19.0023  103.474 
0  19.0518  103.205 
0  19.1013  102.937 
0  19.1508  102.671 
0  19.2004  102.406 
0  19.2499  102.142 
0  19.2994  101.88 
0  19.3489  101.62 
0  19.3984  101.36 
0  19.448  101.102 
0  19.4975  100.845 
0  19.547  100.59 
0  19.5965  100.336 
0  19.6461  100.083 
0  19.6956  99.831 
0  19.7451  99.5806 
0  19.7946  99.3314 
0  19.8442  99.0835 
0  19.8937  98.8368 
0  19.9432  98.5914 
0  19.9927  98.3472 
0  20.0423  98.1042 
0  20.0918  97.8623 
0  20.1413  97.6217 
0  20.1908  97.3823 
0  20.2404  97.144 
0  20.2899  96.9069 
0  20.3394  96.6709 
0  20.3889  96.4361 
0  20.4385  96.2024 
0  20.488  95.9699 
0  20.5375  95.7385 
0  20.587  95.5081 
0  20.6366  95.2789 
0  20.6861  95.0508 
0  20.7356  94.8238 
0  20.7851  94.5979 
0  20.8347  94.373 
0  20.8842  94.1492 
0  20.9337  93.9265 
0  20.9832  93.7048 
0  21.0328  93.4842 
0  21.0823  93.2645 
0  21.1318  93.046 
0  21.1813  92.8284 
0  21.2309  92.6119 
0  21.2804  92.3963 
0  21.3299  92.1818 
0  21.3794  91.9683 
0  21.429  91.7557 
0  21.4785  91.5442 
0  21.528  91.3336 
0  21.5775  91.1239 
0  21.6271  90.9153 
0  21.6766  90.7076 
0  21.7261  90.5008 
0  21.7756  90.295 
0  21.8252  90.0901 
0  21.8747  89.8861 
0  21.9242  89.6831 
0  21.9737  89.4809 
0  22.0233  89.2797 
0  22.0728  89.0794 
0  22.1223  88.88 
0  22.1718  88.6814 
0  22.2214  88.4838 
0  22.2709  88.287 
0  22.3204  88.0911 
0  22.3699  87.8961 
0  22.4195  87.7019 
0  22.469  87.5086 
0  22.5185  87.3162 
0  22.568  87.1246 
0  22.6176  86.9338 
0  22.6671  86.7439 
0  22.7166  86.5547 
0  22.7661  86.3665 
0  22.8157  86.179 
0  22.8652  85.9923 
0  22.9147  85.8065 
0  22.9642  85.6214 
0  23.0138  85.4372 
0  23.0633  85.2537 
0  23.1128  85.071 
0  23.1623  84.8891 
0  23.2119  84.708 
0  23.2614  84.5277 
0  23.3109  84.3481 
0  23.3604  84.1693 
0  23.41  83.9912 
0  23.4595  83.8139 
0  23.509  83.6373 
0  23.5585  83.4615 
0  23.6081  83.2864 
0  23.6576  83.1121 
0  23.7071  82.9384 
0  23.7566  82.7655 
0  23.8062  82.5934 
0  23.8557  82.4219 
0  23.9052  82.2511 
0  23.9547  82.0811 
0  24.0043  81.9117 
0  24.0538  81.7431 
0  24.1033  81.5751 
0  24.1528  81.4079 
0  24.2024  81.2413 
0  24.2519  81.0754 
0  24.3014  80.9102 
0  24.3509  80.7456 
0  24.4005  80.5817 
0  24.45  80.4185 
0  24.4995  80.2559 
0  24.549  80.094 
0  24.5985  79.9328 
0  24.6481  79.7722 
0  24.6976  79.6122 
0  24.7471  79.4529 
0  24.7966  79.2942 
0  24.8462  79.1361 
0  24.8957  78.9787 
0  24.9452  78.8219 
0  24.9947  78.6657 
0  25.0443  78.5102 
0  25.0938  78.3552 
0  25.1433  78.2009 
0  25.1928  78.0472 
0  25.2424  77.894 
0  25.2919  77.7415 
0  25.3414  77.5896 
0  25.3909  77.4382 
0  25.4405  77.2875 
0  25.49  77.1373 
0  25.5395  76.9878 
0  25.589  76.8388 
0  25.6386  76.6903 
0  25.6881  76.5425 
0  25.7376  76.3952 
0  25.7871  76.2485 
0  25.8367  76.1023 
0  25.8862  75.9567 
0  25.9357  75.8117 
0  25.9852  75.6672 
0  26.0348  75.5233 
0  26.0843  75.3799 
0  26.1338  75.237 
0  26.1833  75.0947 
0  26.2329  74.9529 
0  26.2824  74.8117 
0  26.3319  74.671 
0  26.3814  74.5308 
0  26.431  74.3912 
0  26.4805  74.252 
0  26.53  74.1134 
0  26.5795  73.9753 
0  26.6291  73.8378 
0  26.6786  73.7007 
0  26.7281  73.5641 
0  26.7776  73.4281 
0  26.8272  73.2925 
0  26.8767  73.1575 
0  26.9262  73.0229 
0  26.9757  72.8888 
0  27.0253  72.7553 
0  27.0748  72.6222 
0  27.1243  72.4896 
0  27.1738  72.3575 
0  27.2234  72.2258 
0  27.2729  72.0947 
0  27.3224  71.964 
0  27.3719  71.8338 
0  27.4215  71.7041 
0  27.471  71.5748 
0  27.5205  71.446 
0  27.57  71.3177 
0  27.6196  71.1898 
0  27.6691  71.0624 
0  27.7186  70.9354 
0  27.7681  70.8089 
0  27.8177  70.6828 
0  27.8672  70.5572 
0  27.9167  70.432 
0  27.9662  70.3073 
0  28.0158  70.183 
0  28.0653  70.0592 
0  28.1148  69.9358 
0  28.1643  69.8128 
0  28.2139  69.6902 
0  28.2634  69.5681 
0  28.3129  69.4464 
0  28.3624  69.3252 
0  28.412  69.2043 
0  28.4615  69.0839 
0  28.511  68.9639 
0  28.5605  68.8443 
0  28.6101  68.7251 
0  28.6596  68.6064 
0  28.7091  68.488 
0  28.7586  68.3701 
0  28.8082  68.2526 
0  28.8577  68.1354 
0  28.9072  68.0187 
0  28.9567  67.9024 
0  29.0063  67.7864 
0  29.0558  67.6709 
0  29.1053  67.5557 
0  29.1548  67.441 
0  29.2044  67.3266 
0  29.2539  67.2126 
0  29.3034  67.099 
0  29.3529  66.9858 
0  29.4025  66.873 
0  29.452  66.7606 
0  29.5015  66.6485 
0  29.551  66.5368 
0  29.6006  66.4255 
0  29.6501  66.3145 
0  29.6996  66.2039 
0  29.7491  66.0937 
0  29.7986  65.9839 
0  29.8482  65.8744 
0  29.8977  65.7653 
0  29.9472  65.6565 
0  29.9967  65.5481 
0  30.0463  65.4401 
0  30.0958  65.3324 
0  30.1453  65.2251 
0  30.1948  65.1181 
0  30.2444  65.0114 
0  30.2939  64.9052 
0  30.3434  64.7992 
0  30.3929  64.6936 
0  30.4425  64.5884 
0  30.492  64.4835 
0  30.5415  64.3789 
0  30.591  64.2747 
0  30.6406  64.1708 
0  30.6901  64.0673 
0  30.7396  63.964 
0  30.7891  63.8612 
0  30.8387  63.7586 
0  30.8882  63.6564 
0  30.9377  63.5545 
0  30.9872  63.4529 
0  31.0368  63.3516 
0  31.0863  63.2507 
0  31.1358  63.1501 
0  31.1853  63.0498 
0  31.2349  62.9499 
0  31.2844  62.8502 
0  31.3339  62.7509 
0  31.3834  62.6518 
0  31.433  62.5531 
0  31.4825  62.4547 
0  31.532  62.3566 
0  31.5815  62.2588 
0  31.6311  62.1614 
0  31.6806  62.0642 
0  31.7301  61.9673 
0  31.7796  61.8708 
0  31.8292  61.7745 
0  31.8787  61.6785 
0  31.9282  61.5828 
0  31.9777  61.4875 
0  32.0273  61.3924 
0  32.0768  61.2976 
0  32.1263  61.2031 
0  32.1758  61.1089 
0  32.2254  61.015 
0  32.2749  60.9214 
0  32.3244  60.828 
0  32.3739  60.735 
0  32.4235  60.6422 
0  32.473  60.5497 
0  32.5225  60.4575 
0  32.572  60.3656 
0  32.6216  60.2739 
0  32.6711  60.1826 
0  32.7206  60.0915 
0  32.7701  60.0007 
0  32.8197  59.9101 
0  32.8692  59.8199 
0  32.9187  59.7299 
0  32.9682  59.6401 
0  33.0178  59.5507 
0  33.0673  59.4615 
0  33.1168  59.3726 
0  33.1663  59.2839 
0  33.2159  59.1955 
0  33.2654  59.1074 
0  33.3149  59.0195 
0  33.3644  58.9319 
0  33.414  58.8446 
0  33.4635  58.7575 
0  33.513  58.6707 
0  33.5625  58.5841 
0  33.6121  58.4978 
0  33.6616  58.4117 
0  33.7111  58.3259 
0  33.7606  58.2403 
0  33.8102  58.155 
0  33.8597  58.07 
0  33.9092  57.9851 
0  33.9587  57.9006 
0  34.0083  57.8163 
0  34.0578  57.7322 
0  34.1073  57.6484 
0  34.1568  57.5648 
0  34.2064  57.4814 
0  34.2559  57.3983 
0  34.3054  57.3155 
0  34.3549  57.2328 
0  34.4045  57.1505 
0  34.454  57.0683 
0  34.5035  56.9864 
0  34.553  56.9047 
0  34.6026  56.8233 
0  34.6521  56.7421 
0  34.7016  56.6611 
0  34.7511  56.5803 
0  34.8007  56.4998 
0  34.8502  56.4195 
0  34.8997  56.3395 
0  34.9492  56.2596 
0  34.9987  56.18 
0  35.0483  56.1006 
0  35.0978  56.0215 
0  35.1473  55.9425 
0  35.1968  55.8638 
0  35.2464  55.7853 
0  35.2959  55.707 
0  35.3454  55.629 
0  35.3949  55.5512 
0  35.4445  55.4735 
0  35.494  55.3961 
0  35.5435  55.3189 
0  35.593  55.242 
0  35.6426  55.1652 
0  35.6921  55.0887 
0  35.7416  55.0123 
0  35.7911  54.9362 
0  35.8407  54.8603 
0  35.8902  54.7846 
0  35.9397  54.7091 
0  35.9892  54.6338 
0  36.0388  54.5588 
0  36.0883  54.4839 
0  36.1378  54.4092 
0  36.1873  54.3348 
0  36.2369  54.2605 
0  36.2864  54.1864 
0  36.3359  54.1126 
0  36.3854  54.0389 
0  36.435  53.9655 
0  36.4845  53.8922 
0  36.534  53.8192 
0  36.5835  53.7463 
0  36.6331  53.6736 
0  36.6826  53.6012 
0  36.7321  53.5289 
0  36.7816  53.4568 
0  36.8312  53.385 
0  36.8807  53.3133 
0  36.9302  53.2418 
0  36.9797  53.1705 
0  37.0293  53.0994 
0  37.0788  53.0284 
0  37.1283  52.9577 
0  37.1778  52.8872 
0  37.2274  52.8168 
0  37.2769  52.7466 
0  37.3264  52.6766 
0  37.3759  52.6068 
0  37.4255  52.5372 
0  37.475  52.4678 
0  37.5245  52.3986 
0  37.574  52.3295 
0  37.6236  52.2606 
0  37.6731  52.1919 
0  37.7226  52.1234 
0  37.7721  52.055 
0  37.8217  51.9869 
0  37.8712  51.9189 
0  37.9207  51.8511 
0  37.9702  51.7835 
0  38.0198  51.716 
0  38.0693  51.6487 
0  38.1188  51.5816 
0  38.1683  51.5147 
0  38.2179  51.4479 
0  38.2674  51.3814 
0  38.3169  51.315 
0  38.3664  51.2487 
0  38.416  51.1826 
0  38.4655  51.1167 
0  38.515  51.051 
0  38.5645  50.9855 
0  38.6141  50.9201 
0  38.6636  50.8548 
0  38.7131  50.7898 
0  38.7626  50.7249 
0  38.8122  50.6602 
0  38.8617  50.5956 
0  38.9112  50.5312 
0  38.9607  50.467 
0  39.0103  50.4029 
0  39.0598  50.339 
0  39.1093  50.2753 
0  39.1588  50.2117 
0  39.2084  50.1482 
0  39.2579  50.085 
0  39.3074  50.0219 
0  39.3569  49.9589 
0  39.4065  49.8961 
0  39.456  49.8335 
0  39.5055  49.771 
0  39.555  49.7087 
0  39.6046  49.6466 
0  39.6541  49.5846 
0  39.7036  49.5227 
0  39.7531  49.461 
0  39.8027  49.3995 
0  39.8522  49.3381 
0  39.9017  49.2769 
0  39.9512  49.2158 
0  40.0008  49.1548 
0  40.0503  49.0941 
0  40.0998  49.0334 
0  40.1493  48.9729 
0  40.1988  48.9126 
0  40.2484  48.8524 
0  40.2979  48.7924 
0  40.3474  48.7325 
0  40.3969  48.6727 
0  40.4465  48.6131 
0  40.496  48.5537 
0  40.5455  48.4944 
0  40.595  48.4352 
0  40.6446  48.3762 
0  40.6941  48.3173 
0  40.7436  48.2586 
0  40.7931  48.2 
0  40.8427  48.1416 
0  40.8922  48.0833 
0  40.9417  48.0251 
0  40.9912  47.9671 
0  41.0408  47.9092 
0  41.0903  47.8515 
0  41.1398  47.7938 
0  41.1893  47.7364 
0  41.2389  47.6791 
0  41.2884  47.6219 
0  41.3379  47.5648 
0  41.3874  47.5079 
0  41.437  47.4511 
0  41.4865  47.3945 
0  41.536  47.338 
0  41.5855  47.2816 
0  41.6351  47.2253 
0  41.6846  47.1692 
0  41.7341  47.1133 
0  41.7836  47.0574 
0  41.8332  47.0017 
0  41.8827  46.9461 
0  41.9322  46.8907 
0  41.9817  46.8354 
0  42.0313  46.7802 
0  42.0808  46.7251 
0  42.1303  46.6702 
0  42.1798  46.6154 
0  42.2294  46.5607 
0  42.2789  46.5062 
0  42.3284  46.4518 
0  42.3779  46.3975 
0  42.4275  46.3433 
0  42.477  46.2893 
0  42.5265  46.2354 
0  42.576  46.1816 
0  42.6256  46.128 
0  42.6751  46.0744 
0  42.7246  46.021 
0  42.7741  45.9677 
0  42.8237  45.9146 
0  42.8732  45.8615 
0  42.9227  45.8086 
0  42.9722  45.7558 
0  43.0218  45.7032 
0  43.0713  45.6506 
0  43.1208  45.5982 
0  43.1703  45.5459 
0  43.2199  45.4937 
0  43.2694  45.4416 
0  43.3189  45.3897 
0  43.3684  45.3378 
0  43.418  45.2861 
0  43.4675  45.2345 
0  43.517  45.183 
0  43.5665  45.1317 
0  43.6161  45.0804 
0  43.6656  45.0293 
0  43.7151  44.9783 
0  43.7646  44.9274 
0  43.8142  44.8766 
0  43.8637  44.8259 
0  43.9132  44.7754 
0  43.9627  44.7249 
0  44.0123  44.6746 
0  44.0618  44.6244 
0  44.1113  44.5743 
0  44.1608  44.5243 
0  44.2104  44.4744 
0  44.2599  44.4247 
0  44.3094  44.375 
0  44.3589  44.3255 
0  44.4085  44.276 
0  44.458  44.2267 
0  44.5075  44.1775 
0  44.557  44.1284 
0  44.6066  44.0794 
0  44.6561  44.0305 
0  44.7056  43.9817 
0  44.7551  43.9331 
0  44.8047  43.8845 
0  44.8542  43.8361 
0  44.9037  43.7877 
0  44.9532  43.7395 
0  45.0028  43.6913 
0  45.0523  43.6433 
0  45.1018  43.5954 
0  45.1513  43.5476 
0  45.2009  43.4999 
0  45.2504  43.4522 
0  45.2999  43.4047 
0  45.3494  43.3573 
0  45.3989  43.31 
0  45.4485  43.2628 
0  45.498  43.2158 
0  45.5475  43.1688 
0  45.597  43.1219 
0  45.6466  43.0751 
0  45.6961  43.0284 
0  45.7456  42.9818 
0  45.7951  42.9353 
0  45.8447  42.889 
0  45.8942  42.8427 
0  45.9437  42.7965 
0  45.9932  42.7504 
0  46.0428  42.7044 
0  46.0923  42.6585 
0  46.1418  42.6128 
0  46.1913  42.5671 
0  46.2409  42.5215 
0  46.2904  42.476 
0  46.3399  42.4306 
0  46.3894  42.3853 
0  46.439  42.3401 
0  46.4885  42.295 
0  46.538  42.25 
0  46.5875  42.2051 
0  46.6371  42.1602 
0  46.6866  42.1155 
0  46.7361  42.0709 
0  46.7856  42.0264 
0  46.8352  41.9819 
0  46.8847  41.9376 
0  46.9342  41.8933 
0  46.9837  41.8492 
0  47.0333  41.8051 
0  47.0828  41.7611 
0  47.1323  41.7172 
0  47.1818  41.6735 
0  47.2314  41.6298 
0  47.2809  41.5862 
0  47.3304  41.5426 
0  47.3799  41.4992 
0  47.4295  41.4559 
0  47.479  41.4126 
0  47.5285  41.3695 
0  47.578  41.3264 
0  47.6276  41.2835 
0  47.6771  41.2406 
0  47.7266  41.1978 
0  47.7761  41.1551 
0  47.8257  41.1125 
0  47.8752  41.0699 
0  47.9247  41.0275 
0  47.9742  40.9851 
0  48.0238  40.9429 
0  48.0733  40.9007 
0  48.1228  40.8586 
0  48.1723  40.8166 
0  48.2219  40.7747 
0  48.2714  40.7328 
0  48.3209  40.6911 
0  48.3704  40.6494 
0  48.42  40.6078 
0  48.4695  40.5664 
0  48.519  40.5249 
0  48.5685  40.4836 
0  48.6181  40.4424 
0  48.6676  40.4012 
0  48.7171  40.3602 
0  48.7666  40.3192 
0  48.8162  40.2783 
0  48.8657  40.2374 
0  48.9152  40.1967 
0  48.9647  40.1561 
0  49.0143  40.1155 
0  49.0638  40.075 
0  49.1133  40.0346 
0  49.1628  39.9942 
0  49.2124  39.954 
0  49.2619  39.9138 
0  49.3114  39.8737 
0  49.3609  39.8337 
0  49.4105  39.7938 
0  49.46  39.754 
0  49.5095  39.7142 
0  49.559  39.6745 
0  49.6086  39.6349 
0  49.6581  39.5954 
0  49.7076  39.5559 
0  49.7571  39.5166 
0  49.8067  39.4773 
0  49.8562  39.438 
0  49.9057  39.3989 
0  49.9552  39.3599 
0  50.0048  39.3209 
0  50.0543  39.282 
0  50.1038  39.2431 
0  50.1533  39.2044 
0  50.2029  39.1657 
0  50.2524  39.1271 
0  50.3019  39.0886 
0  50.3514  39.0501 
0  50.401  39.0118 
0  50.4505  38.9735 
0  50.5  38.9353 
0  50.5495  38.8971 
0  50.599  38.859 
0  50.6486  38.821 
0  50.6981  38.7831 
0  50.7476  38.7453 
0  50.7971  38.7075 
0  50.8467  38.6698 
0  50.8962  38.6322 
0  50.9457  38.5946 
0  50.9952  38.5571 
0  51.0448  38.5197 
0  51.0943  38.4824 
0  51.1438  38.4451 
0  51.1933  38.4079 
0  51.2429  38.3708 
0  51.2924  38.3338 
0  51.3419  38.2968 
0  51.3914  38.2599 
0  51.441  38.223 
0  51.4905  38.1863 
0  51.54  38.1496 
0  51.5895  38.113 
0  51.6391  38.0764 
0  51.6886  38.0399 
0  51.7381  38.0035 
0  51.7876  37.9672 
0  51.8372  37.9309 
0  51.8867  37.8947 
0  51.9362  37.8586 
0  51.9857  37.8225 
0  52.0353  37.7865 
0  52.0848  37.7506 
0  52.1343  37.7147 
0  52.1838  37.6789 
0  52.2334  37.6432 
0  52.2829  37.6075 
0  52.3324  37.5719 
0  52.3819  37.5364 
0  52.4315  37.501 
0  52.481  37.4656 
0  52.5305  37.4302 
0  52.58  37.395 
0  52.6296  37.3598 
0  52.6791  37.3247 
0  52.7286  37.2896 
0  52.7781  37.2546 
0  52.8277  37.2197 
0  52.8772  37.1848 
0  52.9267  37.1501 
0  52.9762  37.1153 
0  53.0258  37.0807 
0  53.0753  37.0461 
0  53.1248  37.0115 
0  53.1743  36.9771 
0  53.2239  36.9426 
0  53.2734  36.9083 
0  53.3229  36.874 
0  53.3724  36.8398 
0  53.422  36.8057 
0  53.4715  36.7716 
0  53.521  36.7375 
0  53.5705  36.7036 
0  53.6201  36.6697 
0  53.6696  36.6358 
0  53.7191  36.6021 
0  53.7686  36.5684 
0  53.8182  36.5347 
0  53.8677  36.5011 
0  53.9172  36.4676 
0  53.9667  36.4341 
0  54.0163  36.4007 
0  54.0658  36.3674 
0  54.1153  36.3341 
0  54.1648  36.3009 
0  54.2144  36.2677 
0  54.2639  36.2346 
0  54.3134  36.2016 
0  54.3629  36.1686 
0  54.4125  36.1357 
0  54.462  36.1028 
0  54.5115  36.07 
0  54.561  36.0373 
0  54.6106  36.0046 
0  54.6601  35.972 
0  54.7096  35.9394 
0  54.7591  35.9069 
0  54.8087  35.8744 
0  54.8582  35.8421 
0  54.9077  35.8097 
0  54.9572  35.7775 
0  55.0068  35.7453 
0  55.0563  35.7131 
0  55.1058  35.681 
0  55.1553  35.649 
0  55.2049  35.617 
0  55.2544  35.5851 
0  55.3039  35.5532 
0  55.3534  35.5214 
0  55.403  35.4896 
0  55.4525  35.4579 
0  55.502  35.4263 
0  55.5515  35.3947 
0  55.6011  35.3632 
0  55.6506  35.3317 
0  55.7001  35.3003 
0  55.7496  35.2689 
0  55.7991  35.2376 
0  55.8487  35.2064 
0  55.8982  35.1752 
0  55.9477  35.1441 
0  55.9972  35.113 
0  56.0468  35.082 
0  56.0963  35.051 
0  56.1458  35.0201 
0  56.1953  34.9892 
0  56.2449  34.9584 
0  56.2944  34.9276 
0  56.3439  34.8969 
0  56.3934  34.8663 
0  56.443  34.8357 
0  56.4925  34.8052 
0  56.542  34.7747 
0  56.5915  34.7442 
0  56.6411  34.7139 
0  56.6906  34.6835 
0  56.7401  34.6533 
0  56.7896  34.623 
0  56.8392  34.5929 
0  56.8887  34.5628 
0  56.9382  34.5327 
0  56.9877  34.5027 
0  57.0373  34.4727 
0  57.0868  34.4428 
0  57.1363  34.413 
0  57.1858  34.3832 
0  57.2354  34.3534 
0  57.2849  34.3237 
0  57.3344  34.2941 
0  57.3839  34.2645 
0  57.4335  34.2349 
0  57.483  34.2054 
0  57.5325  34.176 
0  57.582  34.1466 
0  57.6316  34.1172 
0  57.6811  34.088 
0  57.7306  34.0587 
0  57.7801  34.0295 
0  57.8297  34.0004 
0  57.8792  33.9713 
0  57.9287  33.9422 
0  57.9782  33.9132 
0  58.0278  33.8843 
0  58.0773  33.8554 
0  58.1268  33.8266 
0  58.1763  33.7978 
0  58.2259  33.769 
0  58.2754  33.7403 
0  58.3249  33.7117 
0  58.3744  33.6831 
0  58.424  33.6545 
0  58.4735  33.626 
0  58.523  33.5976 
0  58.5725  33.5692 
0  58.6221  33.5408 
0  58.6716  33.5125 
0  58.7211  33.4842 
0  58.7706  33.456 
0  58.8202  33.4278 
0  58.8697  33.3997 
0  58.9192  33.3716 
0  58.9687  33.3436 
0  59.0183  33.3156 
0  59.0678  33.2877 
0  59.1173  33.2598 
0  59.1668  33.232 
0  59.2164  33.2042 
0  59.2659  33.1764 
0  59.3154  33.1487 
0  59.3649  33.1211 
0  59.4145  33.0935 
0  59.464  33.0659 
0  59.5135  33.0384 
0  59.563  33.0109 
0  59.6126  32.9835 
0  59.6621  32.9561 
0  59.7116  32.9288 
0  59.7611  32.9015 
0  59.8107  32.8742 
0  59.8602  32.847 
0  59.9097  32.8199 
0  59.9592  32.7928 
0  60.0088  32.7657 
0  60.0583  32.7387 
0  60.1078  32.7117 
0  60.1573  32.6848 
0  60.2069  32.6579 
0  60.2564  32.6311 
0  60.3059  32.6043 
0  60.3554  32.5775 
0  60.405  32.5508 
0  60.4545  32.5241 
0  60.504  32.4975 
0  60.5535  32.4709 
0  60.6031  32.4444 
0  60.6526  32.4179 
0  60.7021  32.3915 
0  60.7516  32.3651 
0  60.8012  32.3387 
0  60.8507  32.3124 
0  60.9002  32.2861 
0  60.9497  32.2599 
0  60.9992  32.2337 
0  61.0488  32.2075 
0  61.0983  32.1814 
0  61.1478  32.1554 
0  61.1973  32.1293 
0  61.2469  32.1034 
0  61.2964  32.0774 
0  61.3459  32.0515 
0  61.3954  32.0257 
0  61.445  31.9999 
0  61.4945  31.9741 
0  61.544  31.9484 
0  61.5935  31.9227 
0  61.6431  31.897 
0  61.6926  31.8714 
0  61.7421  31.8458 
0  61.7916  31.8203 
0  61.8412  31.7948 
0  61.8907  31.7694 
0  61.9402  31.744 
0  61.9897  31.7186 
0  62.0393  31.6933 
0  62.0888  31.668 
0  62.1383  31.6428 
0  62.1878  31.6176 
0  62.2374  31.5924 
0  62.2869  31.5673 
0  62.3364  31.5422 
0  62.3859  31.5172 
0  62.4355  31.4922 
0  62.485  31.4672 
0  62.5345  31.4423 
0  62.584  31.4174 
0  62.6336  31.3926 
0  62.6831  31.3678 
0  62.7326  31.343 
0  62.7821  31.3183 
0  62.8317  31.2936 
0  62.8812  31.269 
0  62.9307  31.2444 
0  62.9802  31.2198 
0  63.0298  31.1953 
0  63.0793  31.1708 
0  63.1288  31.1463 
0  63.1783  31.1219 
0  63.2279  31.0975 
0  63.2774  31.0732 
0  63.3269  31.0489 
0  63.3764  31.0246 
0  63.426  31.0004 
0  63.4755  30.9762 
0  63.525  30.9521 
0  63.5745  30.928 
0  63.6241  30.9039 
0  63.6736  30.8798 
0  63.7231  30.8558 
0  63.7726  30.8319 
0  63.8222  30.808 
0  63.8717  30.7841 
0  63.9212  30.7602 
0  63.9707  30.7364 
0  64.0203  30.7126 
0  64.0698  30.6889 
0  64.1193  30.6652 
0  64.1688  30.6415 
0  64.2184  30.6179 
0  64.2679  30.5943 
0  64.3174  30.5707 
0  64.3669  30.5472 
0  64.4165  30.5237 
0  64.466  30.5003 
0  64.5155  30.4769 
0  64.565  30.4535 
0  64.6146  30.4301 
0  64.6641  30.4068 
0  64.7136  30.3836 
0  64.7631  30.3603 
0  64.8127  30.3371 
0  64.8622  30.314 
0  64.9117  30.2908 
0  64.9612  30.2678 
0  65.0108  30.2447 
0  65.0603  30.2217 
0  65.1098  30.1987 
0  65.1593  30.1757 
0  65.2089  30.1528 
0  65.2584  30.1299 
0  65.3079  30.1071 
0  65.3574  30.0843 
0  65.407  30.0615 
0  65.4565  30.0387 
0  65.506  30.016 
0  65.5555  29.9934 
0  65.6051  29.9707 
0  65.6546  29.9481 
0  65.7041  29.9255 
0  65.7536  29.903 
0  65.8032  29.8805 
0  65.8527  29.858 
0  65.9022  29.8356 
0  65.9517  29.8132 
0  66.0013  29.7908 
0  66.0508  29.7685 
0  66.1003  29.7462 
0  66.1498  29.7239 
0  66.1993  29.7017 
0  66.2489  29.6795 
0  66.2984  29.6573 
0  66.3479  29.6351 
0  66.3974  29.613 
0  66.447  29.591 
0  66.4965  29.5689 
0  66.546  29.5469 
0  66.5955  29.525 
0  66.6451  29.503 
0  66.6946  29.4811 
0  66.7441  29.4592 
0  66.7936  29.4374 
0  66.8432  29.4156 
0  66.8927  29.3938 
0  66.9422  29.3721 
0  66.9917  29.3503 
0  67.0413  29.3287 
0  67.0908  29.307 
0  67.1403  29.2854 
0  67.1898  29.2638 
0  67.2394  29.2422 
0  67.2889  29.2207 
0  67.3384  29.1992 
0  67.3879  29.1778 
0  67.4375  29.1563 
0  67.487  29.135 
0  67.5365  29.1136 
0  67.586  29.0923 
0  67.6356  29.071 
0  67.6851  29.0497 
0  67.7346  29.0284 
0  67.7841  29.0072 
0  67.8337  28.9861 
0  67.8832  28.9649 
0  67.9327  28.9438 
0  67.9822  28.9227 
0  68.0318  28.9017 
0  68.0813  28.8806 
0  68.1308  28.8596 
0  68.1803  28.8387 
0  68.2299  28.8177 
0  68.2794  28.7968 
0  68.3289  28.776 
0  68.3784  28.7551 
0  68.428  28.7343 
0  68.4775  28.7135 
0  68.527  28.6928 
0  68.5765  28.6721 
0  68.6261  28.6514 
0  68.6756  28.6307 
0  68.7251  28.6101 
0  68.7746  28.5895 
0  68.8242  28.5689 
0  68.8737  28.5484 
0  68.9232  28.5278 
0  68.9727  28.5074 
0  69.0223  28.4869 
0  69.0718  28.4665 
0  69.1213  28.4461 
0  69.1708  28.4257 
0  69.2204  28.4054 
0  69.2699  28.3851 
0  69.3194  28.3648 
0  69.3689  28.3445 
0  69.4185  28.3243 
0  69.468  28.3041 
0  69.5175  28.284 
0  69.567  28.2638 
0  69.6166  28.2437 
0  69.6661  28.2236 
0  69.7156  28.2036 
0  69.7651  28.1836 
0  69.8147  28.1636 
0  69.8642  28.1436 
0  69.9137  28.1237 
0  69.9632  28.1038 
0  70.0128  28.0839 
0  70.0623  28.064 
0  70.1118  28.0442 
0  70.1613  28.0244 
0  70.2109  28.0046 
0  70.2604  27.9849 
0  70.3099  27.9652 
0  70.3594  27.9455 
0  70.409  27.9259 
0  70.4585  27.9062 
0  70.508  27.8866 
0  70.5575  27.8671 
0  70.6071  27.8475 
0  70.6566  27.828 
0  70.7061  27.8085 
0  70.7556  27.789 
0  70.8052  27.7696 
0  70.8547  27.7502 
0  70.9042  27.7308 
0  70.9537  27.7114 
0  71.0033  27.6921 
0  71.0528  27.6728 
0  71.1023  27.6535 
0  71.1518  27.6343 
0  71.2014  27.6151 
0  71.2509  27.5959 
0  71.3004  27.5767 
0  71.3499  27.5576 
0  71.3994  27.5385 
0  71.449  27.5194 
0  71.4985  27.5003 
0  71.548  27.4813 
0  71.5975  27.4623 
0  71.6471  27.4433 
0  71.6966  27.4243 
0  71.7461  27.4054 
0  71.7956  27.3865 
0  71.8452  27.3676 
0  71.8947  27.3488 
0  71.9442  27.3299 
0  71.9937  27.3111 
0  72.0433  27.2924 
0  72.0928  27.2736 
0  72.1423  27.2549 
0  72.1918  27.2362 
0  72.2414  27.2175 
0  72.2909  27.1989 
0  72.3404  27.1802 
0  72.3899  27.1616 
0  72.4395  27.1431 
0  72.489  27.1245 
0  72.5385  27.106 
0  72.588  27.0875 
0  72.6376  27.0691 
0  72.6871  27.0506 
0  72.7366  27.0322 
0  72.7861  27.0138 
0  72.8357  26.9954 
0  72.8852  26.9771 
0  72.9347  26.9588 
0  72.9842  26.9405 
0  73.0338  26.9222 
0  73.0833  26.904 
0  73.1328  26.8857 
0  73.1823  26.8676 
0  73.2319  26.8494 
0  73.2814  26.8312 
0  73.3309  26.8131 
0  73.3804  26.795 
0  73.43  26.7769 
0  73.4795  26.7589 
0  73.529  26.7409 
0  73.5785  26.7229 
0  73.6281  26.7049 
0  73.6776  26.687 
0  73.7271  26.669 
0  73.7766  26.6511 
0  73.8262  26.6332 
0  73.8757  26.6154 
0  73.9252  26.5976 
0  73.9747  26.5798 
0  74.0243  26.562 
0  74.0738  26.5442 
0  74.1233  26.5265 
0  74.1728  26.5088 
0  74.2224  26.4911 
0  74.2719  26.4734 
0  74.3214  26.4558 
0  74.3709  26.4382 
0  74.4205  26.4206 
0  74.47  26.403 
0  74.5195  26.3854 
0  74.569  26.3679 
0  74.6186  26.3504 
0  74.6681  26.3329 
0  74.7176  26.3155 
0  74.7671  26.2981 
0  74.8167  26.2806 
0  74.8662  26.2633 
0  74.9157  26.2459 
0  74.9652  26.2286 
0  75.0148  26.2112 
0  75.0643  26.194 
0  75.1138  26.1767 
0  75.1633  26.1594 
0  75.2129  26.1422 
0  75.2624  26.125 
0  75.3119  26.1078 
0  75.3614  26.0907 
0  75.411  26.0735 
0  75.4605  26.0564 
0  75.51  26.0393 
0  75.5595  26.0223 
0  75.6091  26.0052 
0  75.6586  25.9882 
0  75.7081  25.9712 
0  75.7576  25.9542 
0  75.8072  25.9373 
0  75.8567  25.9203 
0  75.9062  25.9034 
0  75.9557  25.8865 
0  76.0053  25.8697 
0  76.0548  25.8528 
0  76.1043  25.836 
0  76.1538  25.8192 
0  76.2034  25.8024 
0  76.2529  25.7857 
0  76.3024  25.7689 
0  76.3519  25.7522 
0  76.4015  25.7355 
0  76.451  25.7188 
0  76.5005  25.7022 
0  76.55  25.6856 
0  76.5995  25.669 
0  76.6491  25.6524 
0  76.6986  25.6358 
0  76.7481  25.6193 
0  76.7976  25.6027 
0  76.8472  25.5862 
0  76.8967  25.5698 
0  76.9462  25.5533 
0  76.9957  25.5369 
0  77.0453  25.5205 
0  77.0948  25.5041 
0  77.1443  25.4877 
0  77.1938  25.4713 
0  77.2434  25.455 
0  77.2929  25.4387 
0  77.3424  25.4224 
0  77.3919  25.4061 
0  77.4415  25.3899 
0  77.491  25.3737 
0  77.5405  25.3575 
0  77.59  25.3413 
0  77.6396  25.3251 
0  77.6891  25.309 
0  77.7386  25.2928 
0  77.7881  25.2767 
0  77.8377  25.2607 
0  77.8872  25.2446 
0  77.9367  25.2285 
0  77.9862  25.2125 
0  78.0358  25.1965 
0  78.0853  25.1805 
0  78.1348  25.1646 
0  78.1843  25.1486 
0  78.2339  25.1327 
0  78.2834  25.1168 
0  78.3329  25.1009 
0  78.3824  25.0851 
0  78.432  25.0692 
0  78.4815  25.0534 
0  78.531  25.0376 
0  78.5805  25.0218 
0  78.6301  25.0061 
0  78.6796  24.9903 
0  78.7291  24.9746 
0  78.7786  24.9589 
0  78.8282  24.9432 
0  78.8777  24.9276 
0  78.9272  24.9119 
0  78.9767  24.8963 
0  79.0263  24.8807 
0  79.0758  24.8651 
0  79.1253  24.8496 
0  79.1748  24.834 
0  79.2244  24.8185 
0  79.2739  24.803 
0  79.3234  24.7875 
0  79.3729  24.772 
0  79.4225  24.7566 
0  79.472  24.7412 
0  79.5215  24.7258 
0  79.571  24.7104 
0  79.6206  24.695 
0  79.6701  24.6797 
0  79.7196  24.6643 
0  79.7691  24.649 
0  79.8187  24.6337 
0  79.8682  24.6184 
0  79.9177  24.6032 
0  79.9672  24.5879 
0  80.0168  24.5727 
0  80.0663  24.5575 
0  80.1158  24.5424 
0  80.1653  24.5272 
0  80.2149  24.512 
0  80.2644  24.4969 
0  80.3139  24.4818 
0  80.3634  24.4667 
0  80.413  24.4517 
0  80.4625  24.4366 
0  80.512  24.4216 
0  80.5615  24.4066 
0  80.6111  24.3916 
0  80.6606  24.3766 
0  80.7101  24.3616 
0  80.7596  24.3467 
0  80.8092  24.3318 
0  80.8587  24.3169 
0  80.9082  24.302 
0  80.9577  24.2871 
0  81.0073  24.2723 
0  81.0568  24.2574 
0  81.1063  24.2426 
0  81.1558  24.2278 
0  81.2054  24.2131 
0  81.2549  24.1983 
0  81.3044  24.1836 
0  81.3539  24.1688 
0  81.4035  24.1541 
0  81.453  24.1395 
0  81.5025  24.1248 
0  81.552  24.1101 
0  81.6016  24.0955 
0  81.6511  24.0809 
0  81.7006  24.0663 
0  81.7501  24.0517 
0  81.7996  24.0371 
0  81.8492  24.0226 
0  81.8987  24.0081 
0  81.9482  23.9936 
0  81.9977  23.9791 
0  82.0473  23.9646 
0  82.0968  23.9501 
0  82.1463  23.9357 
0  82.1958  23.9213 
0  82.2454  23.9069 
0  82.2949  23.8925 
0  82.3444  23.8781 
0  82.3939  23.8638 
0  82.4435  23.8494 
0  82.493  23.8351 
0  82.5425  23.8208 
0  82.592  23.8065 
0  82.6416  23.7923 
0  82.6911  23.778 
0  82.7406  23.7638 
0  82.7901  23.7496 
0  82.8397  23.7354 
0  82.8892  23.7212 
0  82.9387  23.707 
0  82.9882  23.6929 
0  83.0378  23.6787 
0  83.0873  23.6646 
0  83.1368  23.6505 
0  83.1863  23.6365 
0  83.2359  23.6224 
0  83.2854  23.6083 
0  83.3349  23.5943 
0  83.3844  23.5803 
0  83.434  23.5663 
0  83.4835  23.5523 
0  83.533  23.5384 
0  83.5825  23.5244 
0  83.6321  23.5105 
0  83.6816  23.4966 
0  83.7311  23.4827 
0  83.7806  23.4688 
0  83.8302  23.4549 
0  83.8797  23.4411 
0  83.9292  23.4272 
0  83.9787  23.4134 
0  84.0283  23.3996 
0  84.0778  23.3858 
0  84.1273  23.3721 
0  84.1768  23.3583 
0  84.2264  23.3446 
0  84.2759  23.3309 
0  84.3254  23.3172 
0  84.3749  23.3035 
0  84.4245  23.2898 
0  84.474  23.2762 
0  84.5235  23.2625 
0  84.573  23.2489 
0  84.6226  23.2353 
0  84.6721  23.2217 
0  84.7216  23.2081 
0  84.7711  23.1946 
0  84.8207  23.181 
0  84.8702  23.1675 
0  84.9197  23.154 
0  84.9692  23.1405 
0  85.0188  23.127 
0  85.0683  23.1136 
0  85.1178  23.1001 
0  85.1673  23.0867 
0  85.2169  23.0733 
0  85.2664  23.0599 
0  85.3159  23.0465 
0  85.3654  23.0331 
0  85.415  23.0197 
0  85.4645  23.0064 
0  85.514  22.9931 
0  85.5635  22.9798 
0  85.6131  22.9665 
0  85.6626  22.9532 
0  85.7121  22.9399 
0  85.7616  22.9267 
0  85.8112  22.9135 
0  85.8607  22.9002 
0  85.9102  22.887 
0  85.9597  22.8739 
0  86.0093  22.8607 
0  86.0588  22.8475 
0  86.1083  22.8344 
0  86.1578  22.8213 
0  86.2074  22.8082 
0  86.2569  22.7951 
0  86.3064  22.782 
0  86.3559  22.7689 
0  86.4055  22.7559 
0  86.455  22.7428 
0  86.5045  22.7298 
0  86.554  22.7168 
0  86.6036  22.7038 
0  86.6531  22.6908 
0  86.7026  22.6779 
0  86.7521  22.6649 
0  86.8017  22.652 
0  86.8512  22.6391 
0  86.9007  22.6262 
0  86.9502  22.6133 
0  86.9997  22.6004 
0  87.0493  22.5876 
0  87.0988  22.5747 
0  87.1483  22.5619 
0  87.1978  22.5491 
0  87.2474  22.5363 
0  87.2969  22.5235 
0  87.3464  22.5107 
0  87.3959  22.498 
0  87.4455  22.4852 
0  87.495  22.4725 
0  87.5445  22.4598 
0  87.594  22.4471 
0  87.6436  22.4344 
0  87.6931  22.4217 
0  87.7426  22.4091 
0  87.7921  22.3964 
0  87.8417  22.3838 
0  87.8912  22.3712 
0  87.9407  22.3586 
0  87.9902  22.346 
0  88.0398  22.3334 
0  88.0893  22.3209 
0  88.1388  22.3083 
0  88.1883  22.2958 
0  88.2379  22.2833 
0  88.2874  22.2708 
0  88.3369  22.2583 
0  88.3864  22.2458 
0  88.436  22.2334 
0  88.4855  22.2209 
0  88.535  22.2085 
0  88.5845  22.1961 
0  88.6341  22.1837 
0  88.6836  22.1713 
0  88.7331  22.1589 
0  88.7826  22.1466 
0  88.8322  22.1342 
0  88.8817  22.1219 
0  88.9312  22.1096 
0  88.9807  22.0973 
0  89.0303  22.085 
0  89.0798  22.0727 
0  89.1293  22.0604 
0  89.1788  22.0482 
0  89.2284  22.0359 
0  89.2779  22.0237 
0  89.3274  22.0115 
0  89.3769  21.9993 
0  89.4265  21.9871 
0  89.476  21.9749 
0  89.5255  21.9628 
0  89.575  21.9506 
0  89.6246  21.9385 
0  89.6741  21.9264 
0  89.7236  21.9143 
0  89.7731  21.9022 
0  89.8227  21.8901 
0  89.8722  21.8781 
0  89.9217  21.866 
0  89.9712  21.854 
0  90.0208  21.842 
0  90.0703  21.83 
0  90.1198  21.818 
0  90.1693  21.806 
0  90.2189  21.794 
0  90.2684  21.782 
0  90.3179  21.7701 
0  90.3674  21.7582 
0  90.417  21.7463 
0  90.4665  21.7344 
0  90.516  21.7225 
0  90.5655  21.7106 
0  90.6151  21.6987 
0  90.6646  21.6869 
0  90.7141  21.675 
0  90.7636  21.6632 
0  90.8132  21.6514 
0  90.8627  21.6396 
0  90.9122  21.6278 
0  90.9617  21.616 
0  91.0113  21.6043 
0  91.0608  21.5925 
0  91.1103  21.5808 
0  91.1598  21.569 
0  91.2094  21.5573 
0  91.2589  21.5456 
0  91.3084  21.5339 
0  91.3579  21.5223 
0  91.4075  21.5106 
0  91.457  21.499 
0  91.5065  21.4873 
0  91.556  21.4757 
0  91.6056  21.4641 
0  91.6551  21.4525 
0  91.7046  21.4409 
0  91.7541  21.4293 
0  91.8037  21.4178 
0  91.8532  21.4062 
0  91.9027  21.3947 
0  91.9522  21.3832 
0  92.0018  21.3717 
0  92.0513  21.3602 
0  92.1008  21.3487 
0  92.1503  21.3372 
0  92.1998  21.3257 
0  92.2494  21.3143 
0  92.2989  21.3029 
0  92.3484  21.2914 
0  92.3979  21.28 
0  92.4475  21.2686 
0  92.497  21.2572 
0  92.5465  21.2459 
0  92.596  21.2345 
0  92.6456  21.2231 
0  92.6951  21.2118 
0  92.7446  21.2005 
0  92.7941  21.1892 
0  92.8437  21.1779 
0  92.8932  21.1666 
0  92.9427  21.1553 
0  92.9922  21.144 
0  93.0418  21.1328 
0  93.0913  21.1215 
0  93.1408  21.1103 
0  93.1903  21.0991 
0  93.2399  21.0879 
0  93.2894  21.0767 
0  93.3389  21.0655 
0  93.3884  21.0543 
0  93.438  21.0432 
0  93.4875  21.032 
0  93.537  21.0209 
0  93.5865  21.0098 
0  93.6361  20.9986 
0  93.6856  20.9875 
0  93.7351  20.9765 
0  93.7846  20.9654 
0  93.8342  20.9543 
0  93.8837  20.9433 
0  93.9332  20.9322 
0  93.9827  20.9212 
0  94.0323  20.9102 
0  94.0818  20.8992 
0  94.1313  20.8882 
0  94.1808  20.8772 
0  94.2304  20.8662 
0  94.2799  20.8552 
0  94.3294  20.8443 
0  94.3789  20.8334 
0  94.4285  20.8224 
0  94.478  20.8115 
0  94.5275  20.8006 
0  94.577  20.7897 
0  94.6266  20.7788 
0  94.6761  20.768 
0  94.7256  20.7571 
0  94.7751  20.7463 
0  94.8247  20.7354 
0  94.8742  20.7246 
0  94.9237  20.7138 
0  94.9732  20.703 
0  95.0228  20.6922 
0  95.0723  20.6814 
0  95.1218  20.6707 
0  95.1713  20.6599 
0  95.2209  20.6492 
0  95.2704  20.6384 
0  95.3199  20.6277 
0  95.3694  20.617 
0  95.419  20.6063 
0  95.4685  20.5956 
0  95.518  20.5849 
0  95.5675  20.5742 
0  95.6171  20.5636 
0  95.6666  20.5529 
0  95.7161  20.5423 
0  95.7656  20.5317 
0  95.8152  20.5211 
0  95.8647  20.5105 
0  95.9142  20.4999 
0  95.9637  20.4893 
0  96.0133  20.4787 
0  96.0628  20.4682 
0  96.1123  20.4576 
0  96.1618  20.4471 
0  96.2114  20.4366 
0  96.2609  20.4261 
0  96.3104  20.4156 
0  96.3599  20.4051 
0  96.4095  20.3946 
0  96.459  20.3841 
0  96.5085  20.3736 
0  96.558  20.3632 
0  96.6076  20.3528 
0  96.6571  20.3423 
0  96.7066  20.3319 
0  96.7561  20.3215 
0  96.8057  20.3111 
0  96.8552  20.3007 
0  96.9047  20.2903 
0  96.9542  20.28 
0  97.0038  20.2696 
0  97.0533  20.2593 
0  97.1028  20.249 
0  97.1523  20.2386 
0  97.2019  20.2283 
0  97.2514  20.218 
0  97.3009  20.2077 
0  97.3504  20.1974 
0  97.3999  20.1872 
0  97.4495  20.1769 
0  97.499  20.1667 
0  97.5485  20.1564 
0  97.598  20.1462 
0  97.6476  20.136 
0  97.6971  20.1258 
0  97.7466  20.1156 
0  97.7961  20.1054 
0  97.8457  20.0952 
0  97.8952  20.0851 
0  97.9447  20.0749 
0  97.9942  20.0648 
0  98.0438  20.0546 
0  98.0933  20.0445 
0  98.1428  20.0344 
0  98.1923  20.0243 
0  98.2419  20.0142 
0  98.2914  20.0041 
0  98.3409  19.994 
0  98.3904  19.984 
0  98.44  19.9739 
0  98.4895  19.9639 
0  98.539  19.9538 
0  98.5885  19.9438 
0  98.6381  19.9338 
0  98.6876  19.9238 
0  98.7371  19.9138 
0  98.7866  19.9038 
0  98.8362  19.8938 
0  98.8857  19.8839 
0  98.9352  19.8739 
0  98.9847  19.864 
0  99.0343  19.854 
0  99.0838  19.8441 
0  99.1333  19.8342 
0  99.1828  19.8243 
0  99.2324  19.8144 
0  99.2819  19.8045 
0  99.3314  19.7946 
0  99.3809  19.7848 
0  99.4305  19.7749 
0  99.48  19.7651 
0  99.5295  19.7552 
0  99.579  19.7454 
0  99.6286  19.7356 
0  99.6781  19.7258 
0  99.7276  19.716 
0  99.7771  19.7062 
0  99.8267  19.6964 
0  99.8762  19.6867 
0  99.9257  19.6769 
0  99.9752  19.6672 
0  100.025  19.6574 
