0   1.02476   nan   nan
0.00258106   0.000455481   0.0692872   nan
1918.72   0.0001   2.37335e-11   -0.483417
1   1.07429   0.021429   0.69947
0.00258401   0.000456001   0.0692476   -0.216454
1830.27   0.0001   2.54746e-11   -0.619415
2   1.12381   0.00792552   0.69911
0.00258669   0.000456475   0.0692119   -0.0800558
1749.61   0.0001   2.72564e-11   -0.653612
3   1.17334   0.00450425   0.698777
0.00258915   0.000456909   0.0691789   -0.0454974
1675.76   0.0001   2.90779e-11   -0.667979
4   1.22286   0.00304907   0.698473
0.00259141   0.000457308   0.0691488   -0.0307986
1607.89   0.0001   3.09382e-11   -0.675542
5   1.27239   0.0022701   0.69819
0.0025935   0.000457676   0.0691208   -0.0229303
1545.31   0.0001   3.28365e-11   -0.680067
6   1.32191   0.00179413   0.697929
0.00259543   0.000458016   0.069095   -0.0181226
1487.42   0.0001   3.4772e-11   -0.683009
7   1.37144   0.0014771   0.697689
0.00259722   0.000458332   0.0690712   -0.0149202
1433.7   0.0001   3.67445e-11   -0.685036
8   1.42096   0.00125264   0.697468
0.00259888   0.000458626   0.0690493   -0.0126529
1383.73   0.0001   3.87528e-11   -0.686494
9   1.47049   0.00108637   0.697261
0.00260043   0.0004589   0.0690288   -0.0109734
1337.13   0.0001   4.07962e-11   -0.687576
10   1.52001   0.000958797   0.697067
0.00260188   0.000459156   0.0690096   -0.00968481
1293.56   0.0001   4.28746e-11   -0.688398
11   1.56953   0.000858145   0.696884
0.00260324   0.000459396   0.0689916   -0.00866813
1252.75   0.0001   4.49866e-11   -0.689037
12   1.61906   0.000776911   0.696712
0.00260452   0.000459621   0.0689745   -0.00784758
1214.43   0.0001   4.71326e-11   -0.689539
13   1.66858   0.000710088   0.696552
0.00260572   0.000459833   0.0689586   -0.0071726
1178.38   0.0001   4.93119e-11   -0.689943
14   1.71811   0.000654243   0.696402
0.00260685   0.000460033   0.0689438   -0.00660851
1144.42   0.0001   5.15231e-11   -0.690271
15   1.76763   0.000606924   0.696258
0.00260792   0.000460221   0.0689295   -0.00613055
1112.35   0.0001   5.37673e-11   -0.690537
16   1.81716   0.000566361   0.696122
0.00260893   0.000460399   0.0689161   -0.00572082
1082.04   0.0001   5.60422e-11   -0.690757
17   1.86668   0.000531223   0.695994
0.00260989   0.000460568   0.0689034   -0.00536588
1053.33   0.0001   5.8349e-11   -0.690938
18   1.91621   0.000500512   0.695876
0.00261079   0.000460728   0.0688917   -0.00505568
1026.1   0.0001   6.0687e-11   -0.691093
19   1.96573   0.000473449   0.695761
0.00261165   0.00046088   0.0688804   -0.00478232
1000.25   0.0001   6.30547e-11   -0.691222
20   2.01526   0.000449434   0.695653
0.00261247   0.000461025   0.0688696   -0.00453974
975.672   0.0001   6.54522e-11   -0.69133
21   2.06478   0.000427981   0.695548
0.00261325   0.000461162   0.0688592   -0.00432304
952.27   0.0001   6.78797e-11   -0.691419
22   2.11431   0.000408709   0.695446
0.002614   0.000461293   0.0688491   -0.00412838
929.964   0.0001   7.03365e-11   -0.691493
23   2.16383   0.000391301   0.695355
0.0026147   0.000461418   0.0688401   -0.00395254
908.68   0.0001   7.28222e-11   -0.691562
24   2.21336   0.000375505   0.695265
0.00261538   0.000461538   0.0688312   -0.00379298
888.348   0.0001   7.53365e-11   -0.691617
25   2.26288   0.000361103   0.695177
0.00261603   0.000461652   0.0688225   -0.00364751
868.906   0.0001   7.78791e-11   -0.691663
26   2.31241   0.000347924   0.695096
0.00261665   0.000461762   0.0688145   -0.00351439
850.296   0.0001   8.04498e-11   -0.691704
27   2.36193   0.000335816   0.695017
0.00261724   0.000461866   0.0688067   -0.00339208
832.467   0.0001   8.30481e-11   -0.691738
28   2.41146   0.000324656   0.694942
0.00261781   0.000461967   0.0687993   -0.00327935
815.371   0.0001   8.56736e-11   -0.691767
29   2.46098   0.000314334   0.694868
0.00261836   0.000462063   0.0687919   -0.00317509
798.962   0.0001   8.83265e-11   -0.691789
30   2.51051   0.000304762   0.6948
0.00261888   0.000462156   0.0687852   -0.0030784
783.201   0.0001   9.1006e-11   -0.691812
31   2.56003   0.000295858   0.694731
0.00261939   0.000462245   0.0687784   -0.00298846
768.05   0.0001   9.37121e-11   -0.691827
32   2.60955   0.000287555   0.69467
0.00261987   0.000462331   0.0687723   -0.00290459
753.473   0.0001   9.64447e-11   -0.691843
33   2.65908   0.000279795   0.694606
0.00262034   0.000462413   0.068766   -0.00282622
739.44   0.0001   9.92032e-11   -0.691853
34   2.7086   0.000272525   0.694547
0.00262079   0.000462493   0.0687602   -0.00275278
725.92   0.0001   1.01987e-10   -0.691863
35   2.75813   0.000265701   0.694486
0.00262123   0.000462569   0.0687541   -0.00268384
712.886   0.0001   1.04797e-10   -0.691867
36   2.80765   0.00025928   0.694431
0.00262165   0.000462643   0.0687486   -0.00261899
700.311   0.0001   1.07633e-10   -0.691873
37   2.85718   0.00025323   0.69438
0.00262205   0.000462715   0.0687436   -0.00255788
688.172   0.0001   1.10493e-10   -0.69188
38   2.9067   0.000247517   0.694328
0.00262244   0.000462784   0.0687385   -0.00250017
676.447   0.0001   1.13378e-10   -0.691883
39   2.95623   0.000242115   0.694276
0.00262282   0.00046285   0.0687334   -0.0024456
665.115   0.0001   1.16288e-10   -0.691883
40   3.00575   0.000236997   0.694231
0.00262318   0.000462915   0.0687289   -0.00239391
654.156   0.0001   1.19222e-10   -0.691886
41   3.05528   0.000232143   0.694181
0.00262354   0.000462977   0.0687239   -0.00234488
643.552   0.0001   1.22181e-10   -0.691883
42   3.1048   0.000227531   0.694136
0.00262388   0.000463037   0.0687195   -0.00229829
633.287   0.0001   1.25164e-10   -0.691882
43   3.15433   0.000223144   0.694094
0.00262421   0.000463096   0.0687153   -0.00225397
623.344   0.0001   1.28171e-10   -0.691882
44   3.20385   0.000218964   0.694051
0.00262453   0.000463152   0.068711   -0.00221176
613.708   0.0001   1.31201e-10   -0.691879
45   3.25338   0.000214979   0.69401
0.00262484   0.000463207   0.068707   -0.0021715
604.366   0.0001   1.34255e-10   -0.691877
46   3.3029   0.000211173   0.693972
0.00262514   0.000463261   0.0687032   -0.00213306
595.304   0.0001   1.37332e-10   -0.691876
47   3.35243   0.000207536   0.693929
0.00262544   0.000463312   0.068699   -0.00209632
586.51   0.0001   1.40432e-10   -0.691868
48   3.40195   0.000204054   0.693893
0.00262572   0.000463362   0.0686954   -0.00206115
577.971   0.0001   1.43556e-10   -0.691866
49   3.45148   0.00020072   0.693856
0.002626   0.000463411   0.0686917   -0.00202748
569.678   0.0001   1.46702e-10   -0.69186
50   3.501   0.000197523   0.693824
0.00262626   0.000463459   0.0686886   -0.00199518
561.62   0.0001   1.49871e-10   -0.69186
51   3.55053   0.000194454   0.693786
0.00262653   0.000463505   0.0686848   -0.00196419
553.786   0.0001   1.53062e-10   -0.691852
52   3.60005   0.000191507   0.693753
0.00262678   0.000463549   0.0686816   -0.00193441
546.167   0.0001   1.56276e-10   -0.691847
53   3.64957   0.000188672   0.69372
0.00262703   0.000463593   0.0686783   -0.00190578
538.756   0.0001   1.59511e-10   -0.691842
54   3.6991   0.000185945   0.693688
0.00262727   0.000463635   0.0686751   -0.00187823
531.543   0.0001   1.62769e-10   -0.691836
55   3.74862   0.000183319   0.69366
0.0026275   0.000463677   0.0686723   -0.00185171
524.52   0.0001   1.66049e-10   -0.691833
56   3.79815   0.000180788   0.693628
0.00262773   0.000463717   0.0686692   -0.00182614
517.681   0.0001   1.69351e-10   -0.691827
57   3.84767   0.000178347   0.693599
0.00262795   0.000463756   0.0686664   -0.00180148
511.018   0.0001   1.72674e-10   -0.691822
58   3.8972   0.000175991   0.693569
0.00262817   0.000463794   0.0686634   -0.00177769
504.524   0.0001   1.76018e-10   -0.691815
59   3.94672   0.000173715   0.693541
0.00262838   0.000463831   0.0686606   -0.0017547
498.193   0.0001   1.79384e-10   -0.691809
60   3.99625   0.000171516   0.693518
0.00262858   0.000463868   0.0686582   -0.00173249
492.019   0.0001   1.82771e-10   -0.691807
61   4.04577   0.00016939   0.693491
0.00262878   0.000463903   0.0686556   -0.001711
485.996   0.0001   1.86179e-10   -0.691801
62   4.0953   0.000167332   0.693464
0.00262898   0.000463938   0.0686529   -0.00169022
480.119   0.0001   1.89608e-10   -0.691794
63   4.14482   0.000165339   0.693438
0.00262917   0.000463971   0.0686504   -0.00167009
474.382   0.0001   1.93058e-10   -0.691788
64   4.19435   0.000163409   0.693412
0.00262936   0.000464004   0.0686478   -0.00165059
468.781   0.0001   1.96528e-10   -0.691781
65   4.24387   0.000161537   0.693389
0.00262954   0.000464036   0.0686455   -0.00163169
463.31   0.0001   2.0002e-10   -0.691776
66   4.2934   0.000159722   0.693366
0.00262972   0.000464068   0.0686432   -0.00161335
457.966   0.0001   2.03531e-10   -0.69177
67   4.34292   0.000157961   0.693345
0.00262989   0.000464099   0.0686411   -0.00159556
452.744   0.0001   2.07062e-10   -0.691766
68   4.39245   0.000156251   0.693322
0.00263006   0.000464129   0.0686389   -0.00157829
447.639   0.0001   2.10614e-10   -0.691761
69   4.44197   0.00015459   0.693298
0.00263023   0.000464158   0.0686365   -0.00156152
442.648   0.0001   2.14187e-10   -0.691753
70   4.4915   0.000152976   0.693278
0.00263039   0.000464187   0.0686346   -0.00154521
437.767   0.0001   2.17779e-10   -0.691749
71   4.54102   0.000151407   0.693257
0.00263055   0.000464215   0.0686324   -0.00152936
432.993   0.0001   2.2139e-10   -0.691743
72   4.59055   0.000149881   0.693234
0.00263071   0.000464242   0.0686302   -0.00151395
428.322   0.0001   2.25022e-10   -0.691735
73   4.64007   0.000148395   0.693215
0.00263086   0.000464269   0.0686283   -0.00149894
423.75   0.0001   2.28673e-10   -0.691731
74   4.68959   0.000146949   0.693195
0.00263101   0.000464295   0.0686263   -0.00148433
419.275   0.0001   2.32344e-10   -0.691724
75   4.73912   0.000145541   0.693178
0.00263115   0.000464321   0.0686246   -0.00147011
414.894   0.0001   2.36034e-10   -0.691722
76   4.78864   0.000144169   0.693156
0.0026313   0.000464346   0.0686225   -0.00145625
410.603   0.0001   2.39744e-10   -0.691713
77   4.83817   0.000142832   0.693138
0.00263144   0.000464371   0.0686207   -0.00144274
406.4   0.0001   2.43472e-10   -0.691709
78   4.88769   0.000141528   0.693123
0.00263157   0.000464395   0.0686191   -0.00142957
402.282   0.0001   2.4722e-10   -0.691706
79   4.93722   0.000140256   0.693103
0.00263171   0.000464419   0.0686172   -0.00141673
398.247   0.0001   2.50987e-10   -0.691699
80   4.98674   0.000139015   0.693086
0.00263184   0.000464442   0.0686155   -0.00140419
394.291   0.0001   2.54774e-10   -0.691694
81   5.03627   0.000137804   0.693069
0.00263197   0.000464465   0.0686138   -0.00139196
390.414   0.0001   2.58578e-10   -0.691689
82   5.08579   0.000136621   0.693054
0.00263209   0.000464487   0.0686124   -0.00138001
386.612   0.0001   2.62402e-10   -0.691686
83   5.13532   0.000135466   0.693036
0.00263222   0.000464509   0.0686106   -0.00136834
382.884   0.0001   2.66244e-10   -0.691679
84   5.18484   0.000134337   0.693021
0.00263234   0.000464531   0.0686091   -0.00135694
379.227   0.0001   2.70104e-10   -0.691676
85   5.23437   0.000133234   0.693005
0.00263246   0.000464552   0.0686075   -0.0013458
375.639   0.0001   2.73983e-10   -0.69167
86   5.28389   0.000132156   0.692988
0.00263258   0.000464572   0.0686058   -0.0013349
372.118   0.0001   2.77881e-10   -0.691663
87   5.33342   0.000131101   0.692976
0.00263269   0.000464593   0.0686046   -0.00132425
368.662   0.0001   2.81798e-10   -0.691662
88   5.38294   0.00013007   0.692958
0.00263281   0.000464613   0.0686028   -0.00131383
365.271   0.0001   2.85731e-10   -0.691654
89   5.43247   0.00012906   0.692943
0.00263292   0.000464632   0.0686014   -0.00130364
361.941   0.0001   2.89683e-10   -0.691649
90   5.48199   0.000128072   0.692929
0.00263303   0.000464652   0.0686   -0.00129365
358.671   0.0001   2.93654e-10   -0.691645
91   5.53152   0.000127105   0.692917
0.00263313   0.00046467   0.0685988   -0.00128389
355.46   0.0001   2.97642e-10   -0.691642
92   5.58104   0.000126158   0.692902
0.00263324   0.000464689   0.0685973   -0.00127432
352.305   0.0001   3.01649e-10   -0.691637
93   5.63057   0.00012523   0.692889
0.00263334   0.000464707   0.068596   -0.00126495
349.207   0.0001   3.05672e-10   -0.691633
94   5.68009   0.000124321   0.692876
0.00263344   0.000464725   0.0685948   -0.00125576
346.162   0.0001   3.09714e-10   -0.69163
95   5.72961   0.00012343   0.692864
0.00263354   0.000464743   0.0685935   -0.00124676
343.17   0.0001   3.13773e-10   -0.691626
96   5.77914   0.000122557   0.69285
0.00263364   0.00046476   0.0685921   -0.00123794
340.229   0.0001   3.17851e-10   -0.69162
97   5.82866   0.0001217   0.692836
0.00263374   0.000464777   0.0685907   -0.00122929
337.338   0.0001   3.21945e-10   -0.691615
98   5.87819   0.000120861   0.692825
0.00263383   0.000464794   0.0685897   -0.00122081
334.496   0.0001   3.26057e-10   -0.691613
99   5.92771   0.000120037   0.692814
0.00263392   0.00046481   0.0685886   -0.00121249
331.701   0.0001   3.30187e-10   -0.691609
100   5.97724   0.000119229   0.692798
0.00263402   0.000464826   0.068587   -0.00120433
328.953   0.0001   3.34333e-10   -0.691602
101   6.02676   0.000118436   0.692786
0.00263411   0.000464842   0.0685859   -0.00119631
326.25   0.0001   3.38497e-10   -0.691598
102   6.07629   0.000117657   0.692779
0.00263419   0.000464858   0.0685851   -0.00118845
323.591   0.0001   3.42677e-10   -0.691598
103   6.12581   0.000116893   0.692766
0.00263428   0.000464873   0.0685838   -0.00118073
320.975   0.0001   3.46875e-10   -0.691592
104   6.17534   0.000116142   0.692752
0.00263437   0.000464888   0.0685825   -0.00117315
318.4   0.0001   3.51092e-10   -0.691587
105   6.22486   0.000115405   0.692743
0.00263445   0.000464903   0.0685816   -0.00116571
315.867   0.0001   3.55323e-10   -0.691585
106   6.27439   0.000114681   0.692734
0.00263453   0.000464918   0.0685807   -0.00115839
313.374   0.0001   3.59572e-10   -0.691583
107   6.32391   0.00011397   0.692719
0.00263462   0.000464932   0.0685792   -0.00115121
310.92   0.0001   3.63837e-10   -0.691575
108   6.37344   0.000113271   0.692709
0.0026347   0.000464946   0.0685782   -0.00114415
308.504   0.0001   3.6812e-10   -0.691571
109   6.42296   0.000112584   0.692698
0.00263478   0.00046496   0.0685771   -0.00113721
306.125   0.0001   3.72419e-10   -0.691568
110   6.47249   0.000111908   0.692691
0.00263485   0.000464974   0.0685764   -0.00113038
303.783   0.0001   3.76734e-10   -0.691568
111   6.52201   0.000111244   0.692681
0.00263493   0.000464988   0.0685754   -0.00112367
301.476   0.0001   3.81067e-10   -0.691563
112   6.57154   0.000110591   0.692668
0.00263501   0.000465001   0.0685742   -0.00111708
299.204   0.0001   3.85415e-10   -0.691558
113   6.62106   0.000109949   0.69266
0.00263508   0.000465014   0.0685734   -0.00111059
296.966   0.0001   3.8978e-10   -0.691556
114   6.67059   0.000109317   0.692652
0.00263515   0.000465027   0.0685725   -0.00110421
294.761   0.0001   3.94162e-10   -0.691554
115   6.72011   0.000108695   0.69264
0.00263523   0.00046504   0.0685713   -0.00109793
292.589   0.0001   3.98559e-10   -0.691548
116   6.76963   0.000108083   0.692631
0.0026353   0.000465053   0.0685705   -0.00109174
290.449   0.0001   4.02972e-10   -0.691546
117   6.81916   0.000107481   0.692622
0.00263537   0.000465065   0.0685696   -0.00108566
288.339   0.0001   4.07404e-10   -0.691542
118   6.86868   0.000106888   0.692612
0.00263544   0.000465077   0.0685686   -0.00107968
286.26   0.0001   4.1185e-10   -0.691538
119   6.91821   0.000106305   0.692602
0.00263551   0.000465089   0.0685676   -0.00107378
284.211   0.0001   4.16312e-10   -0.691534
120   6.96773   0.00010573   0.692597
0.00263557   0.000465101   0.0685671   -0.00106798
282.191   0.0001   4.2079e-10   -0.691534
121   7.01726   0.000105165   0.692587
0.00263564   0.000465113   0.0685661   -0.00106226
280.199   0.0001   4.25285e-10   -0.69153
122   7.06678   0.000104607   0.69258
0.0026357   0.000465124   0.0685654   -0.00105663
278.236   0.0001   4.29794e-10   -0.691528
123   7.11631   0.000104058   0.69257
0.00263577   0.000465136   0.0685644   -0.00105109
276.299   0.0001   4.34321e-10   -0.691524
124   7.16583   0.000103518   0.692563
0.00263583   0.000465147   0.0685637   -0.00104563
274.39   0.0001   4.38862e-10   -0.691522
125   7.21536   0.000102985   0.692551
0.0026359   0.000465158   0.0685626   -0.00104025
272.506   0.0001   4.43421e-10   -0.691516
126   7.26488   0.00010246   0.692544
0.00263596   0.000465169   0.0685619   -0.00103494
270.649   0.0001   4.47992e-10   -0.691514
127   7.31441   0.000101942   0.692537
0.00263602   0.00046518   0.0685611   -0.00102971
268.816   0.0001   4.52582e-10   -0.691512
128   7.36393   0.000101432   0.692528
0.00263608   0.00046519   0.0685603   -0.00102456
267.008   0.0001   4.57187e-10   -0.691509
129   7.41346   0.000100929   0.692521
0.00263614   0.000465201   0.0685596   -0.00101948
265.224   0.0001   4.61807e-10   -0.691506
130   7.46298   0.000100433   0.692512
0.0026362   0.000465211   0.0685587   -0.00101447
263.464   0.0001   4.66443e-10   -0.691502
131   7.51251   9.99443e-05   0.692507
0.00263625   0.000465221   0.0685582   -0.00100953
261.728   0.0001   4.71091e-10   -0.691503
132   7.56203   9.94621e-05   0.692498
0.00263631   0.000465231   0.0685573   -0.00100466
260.014   0.0001   4.75757e-10   -0.691499
133   7.61156   9.89866e-05   0.69249
0.00263637   0.000465241   0.0685565   -0.00099986
258.322   0.0001   4.80439e-10   -0.691495
134   7.66108   9.85174e-05   0.692485
0.00263642   0.000465251   0.068556   -0.00099512
256.652   0.0001   4.85136e-10   -0.691494
135   7.71061   9.80546e-05   0.692476
0.00263648   0.000465261   0.0685551   -0.000990446
255.003   0.0001   4.89849e-10   -0.69149
136   7.76013   9.7598e-05   0.69247
0.00263653   0.00046527   0.0685545   -0.000985833
253.376   0.0001   4.94575e-10   -0.691489
137   7.80965   9.71473e-05   0.692461
0.00263659   0.00046528   0.0685536   -0.000981281
251.769   0.0001   4.99317e-10   -0.691484
138   7.85918   9.67027e-05   0.692455
0.00263664   0.000465289   0.068553   -0.00097679
250.183   0.0001   5.04073e-10   -0.691482
139   7.9087   9.62638e-05   0.692448
0.00263669   0.000465298   0.0685524   -0.000972356
248.616   0.0001   5.08846e-10   -0.69148
140   7.95823   9.58307e-05   0.692444
0.00263674   0.000465308   0.0685519   -0.000967981
247.069   0.0001   5.13633e-10   -0.69148
141   8.00775   9.5403e-05   0.692437
0.00263679   0.000465317   0.0685513   -0.000963661
245.541   0.0001   5.18435e-10   -0.691478
142   8.05728   9.49808e-05   0.69243
0.00263684   0.000465325   0.0685505   -0.000959397
244.032   0.0001   5.23251e-10   -0.691474
143   8.1068   9.45639e-05   0.692423
0.00263689   0.000465334   0.0685499   -0.000955186
242.541   0.0001   5.28083e-10   -0.691472
144   8.15633   9.41523e-05   0.692417
0.00263694   0.000465343   0.0685493   -0.000951028
241.068   0.0001   5.32931e-10   -0.69147
145   8.20585   9.37458e-05   0.692409
0.00263699   0.000465351   0.0685485   -0.000946921
239.613   0.0001   5.37792e-10   -0.691466
146   8.25538   9.33443e-05   0.692403
0.00263704   0.00046536   0.0685479   -0.000942866
238.176   0.0001   5.42667e-10   -0.691464
147   8.3049   9.29477e-05   0.692395
0.00263709   0.000465368   0.0685471   -0.00093886
236.755   0.0001   5.4756e-10   -0.69146
148   8.35443   9.25559e-05   0.692391
0.00263713   0.000465376   0.0685467   -0.000934903
235.352   0.0001   5.52463e-10   -0.69146
149   8.40395   9.21688e-05   0.692385
0.00263718   0.000465385   0.0685461   -0.000930993
233.965   0.0001   5.57383e-10   -0.691458
150   8.45348   9.17865e-05   0.692381
0.00263722   0.000465393   0.0685457   -0.00092713
232.594   0.0001   5.62318e-10   -0.691458
151   8.503   9.14086e-05   0.692373
0.00263727   0.000465401   0.068545   -0.000923313
231.24   0.0001   5.67265e-10   -0.691454
152   8.55253   9.10352e-05   0.692368
0.00263731   0.000465408   0.0685444   -0.000919542
229.901   0.0001   5.72228e-10   -0.691452
153   8.60205   9.06661e-05   0.69236
0.00263736   0.000465416   0.0685437   -0.000915813
228.577   0.0001   5.77207e-10   -0.691448
154   8.65158   9.03014e-05   0.692356
0.0026374   0.000465424   0.0685433   -0.000912129
227.268   0.0001   5.82201e-10   -0.691448
155   8.7011   8.99408e-05   0.692349
0.00263745   0.000465432   0.0685425   -0.000908487
225.975   0.0001   5.87205e-10   -0.691444
156   8.75063   8.95844e-05   0.692343
0.00263749   0.000465439   0.068542   -0.000904887
224.696   0.0001   5.92225e-10   -0.691442
157   8.80015   8.9232e-05   0.692338
0.00263753   0.000465446   0.0685414   -0.000901327
223.431   0.0001   5.97262e-10   -0.69144
158   8.84967   8.88836e-05   0.692334
0.00263757   0.000465454   0.0685411   -0.000897808
222.181   0.0001   6.02309e-10   -0.69144
159   8.8992   8.85392e-05   0.692329
0.00263761   0.000465461   0.0685405   -0.000894329
220.945   0.0001   6.07371e-10   -0.691438
160   8.94872   8.81985e-05   0.692323
0.00263765   0.000465468   0.06854   -0.000890887
219.722   0.0001   6.12449e-10   -0.691436
161   8.99825   8.78616e-05   0.692318
0.00263769   0.000465475   0.0685395   -0.000887485
218.513   0.0001   6.17539e-10   -0.691434
162   9.04777   8.75284e-05   0.692313
0.00263773   0.000465482   0.068539   -0.000884119
217.316   0.0001   6.22648e-10   -0.691432
163   9.0973   8.71989e-05   0.692307
0.00263777   0.000465489   0.0685384   -0.000880791
216.133   0.0001   6.27767e-10   -0.69143
164   9.14682   8.68729e-05   0.692302
0.00263781   0.000465496   0.0685379   -0.000877498
214.963   0.0001   6.32899e-10   -0.691428
165   9.19635   8.65505e-05   0.692297
0.00263785   0.000465503   0.0685374   -0.000874241
213.806   0.0001   6.38043e-10   -0.691426
166   9.24587   8.62315e-05   0.692291
0.00263789   0.00046551   0.0685368   -0.000871018
212.66   0.0001   6.43208e-10   -0.691423
167   9.2954   8.59159e-05   0.692284
0.00263793   0.000465516   0.0685362   -0.000867831
211.527   0.0001   6.48383e-10   -0.69142
168   9.34492   8.56035e-05   0.692283
0.00263796   0.000465523   0.068536   -0.000864676
210.406   0.0001   6.53571e-10   -0.691422
169   9.39445   8.52946e-05   0.692278
0.002638   0.00046553   0.0685355   -0.000861555
209.297   0.0001   6.58773e-10   -0.691419
170   9.44397   8.49887e-05   0.692271
0.00263804   0.000465536   0.0685348   -0.000858465
208.2   0.0001   6.63986e-10   -0.691415
171   9.4935   8.46861e-05   0.692268
0.00263807   0.000465542   0.0685345   -0.000855409
207.113   0.0001   6.6922e-10   -0.691416
172   9.54302   8.43866e-05   0.692263
0.00263811   0.000465549   0.068534   -0.000852383
206.039   0.0001   6.7446e-10   -0.691413
173   9.59255   8.40901e-05   0.69226
0.00263814   0.000465555   0.0685337   -0.000849388
204.975   0.0001   6.79718e-10   -0.691413
174   9.64207   8.37966e-05   0.692253
0.00263818   0.000465561   0.068533   -0.000846424
203.922   0.0001   6.8499e-10   -0.691409
175   9.6916   8.35062e-05   0.69225
0.00263821   0.000465567   0.0685328   -0.00084349
202.88   0.0001   6.90274e-10   -0.69141
176   9.74112   8.32185e-05   0.692243
0.00263825   0.000465573   0.0685321   -0.000840584
201.848   0.0001   6.95574e-10   -0.691406
177   9.79065   8.29338e-05   0.69224
0.00263828   0.000465579   0.0685318   -0.000837708
200.827   0.0001   7.00885e-10   -0.691406
178   9.84017   8.26519e-05   0.692234
0.00263832   0.000465585   0.0685311   -0.00083486
199.817   0.0001   7.06206e-10   -0.691402
179   9.88969   8.23727e-05   0.692231
0.00263835   0.000465591   0.0685308   -0.00083204
198.816   0.0001   7.11546e-10   -0.691401
180   9.93922   8.20963e-05   0.692228
0.00263838   0.000465597   0.0685306   -0.000829248
197.825   0.0001   7.169e-10   -0.691401
181   9.98874   8.18225e-05   0.692221
0.00263842   0.000465603   0.0685299   -0.000826483
196.845   0.0001   7.2226e-10   -0.691397
182   10.0383   8.15517e-05   0.692217
0.00263845   0.000465608   0.0685294   -0.000823747
195.873   0.0001   7.27643e-10   -0.691396
183   10.0878   8.1283e-05   0.692214
0.00263848   0.000465614   0.0685292   -0.000821033
194.912   0.0001   7.33031e-10   -0.691395
184   10.1373   8.10169e-05   0.692211
0.00263851   0.00046562   0.0685289   -0.000818345
193.96   0.0001   7.38434e-10   -0.691395
185   10.1868   8.07533e-05   0.692206
0.00263854   0.000465625   0.0685284   -0.000815682
193.017   0.0001   7.43852e-10   -0.691393
186   10.2364   8.0493e-05   0.692204
0.00263857   0.000465631   0.0685282   -0.000813053
192.083   0.0001   7.49284e-10   -0.691393
187   10.2859   8.02343e-05   0.692195
0.00263861   0.000465636   0.0685273   -0.00081044
191.158   0.0001   7.5473e-10   -0.691387
188   10.3354   7.9978e-05   0.692192
0.00263864   0.000465642   0.068527   -0.000807851
190.242   0.0001   7.60187e-10   -0.691387
189   10.3849   7.97241e-05   0.692188
0.00263867   0.000465647   0.0685266   -0.000805286
189.335   0.0001   7.65656e-10   -0.691385
190   10.4345   7.94733e-05   0.692184
0.0026387   0.000465652   0.0685262   -0.000802753
188.436   0.0001   7.71142e-10   -0.691383
191   10.484   7.9224e-05   0.692179
0.00263873   0.000465657   0.0685257   -0.000800235
187.546   0.0001   7.76638e-10   -0.691382
192   10.5335   7.89771e-05   0.69218
0.00263875   0.000465663   0.0685259   -0.00079774
186.664   0.0001   7.82149e-10   -0.691385
193   10.583   7.87323e-05   0.692176
0.00263878   0.000465668   0.0685254   -0.000795268
185.791   0.0001   7.87668e-10   -0.691383
194   10.6326   7.84905e-05   0.692172
0.00263881   0.000465673   0.068525   -0.000792825
184.925   0.0001   7.93207e-10   -0.691381
195   10.6821   7.82501e-05   0.692167
0.00263884   0.000465678   0.0685246   -0.000790397
184.068   0.0001   7.98753e-10   -0.691379
196   10.7316   7.80118e-05   0.692163
0.00263887   0.000465683   0.0685241   -0.00078799
183.218   0.0001   8.04318e-10   -0.691377
197   10.7811   7.77757e-05   0.692158
0.0026389   0.000465688   0.0685237   -0.000785605
182.377   0.0001   8.09888e-10   -0.691375
198   10.8307   7.75423e-05   0.692154
0.00263893   0.000465693   0.0685233   -0.000783248
181.543   0.0001   8.15475e-10   -0.691373
199   10.8802   7.73103e-05   0.692154
0.00263895   0.000465698   0.0685232   -0.000780904
180.717   0.0001   8.21073e-10   -0.691375
200   10.9297   7.70803e-05   0.692148
0.00263898   0.000465702   0.0685226   -0.00077858
179.898   0.0001   8.26686e-10   -0.691371
201   10.9792   7.68523e-05   0.692143
0.00263901   0.000465707   0.0685222   -0.000776277
179.086   0.0001   8.32315e-10   -0.691369
202   11.0288   7.66269e-05   0.692143
0.00263903   0.000465712   0.0685222   -0.000774001
178.282   0.0001   8.37951e-10   -0.691371
203   11.0783   7.64028e-05   0.692139
0.00263906   0.000465717   0.0685217   -0.000771737
177.485   0.0001   8.43602e-10   -0.691369
204   11.1278   7.61806e-05   0.692133
0.00263909   0.000465721   0.0685211   -0.000769492
176.695   0.0001   8.49266e-10   -0.691365
205   11.1773   7.59602e-05   0.692132
0.00263911   0.000465726   0.0685211   -0.000767266
175.912   0.0001   8.54942e-10   -0.691367
206   11.2269   7.57424e-05   0.692126
0.00263914   0.00046573   0.0685205   -0.000765066
175.136   0.0001   8.60631e-10   -0.691364
207   11.2764   7.55257e-05   0.692126
0.00263916   0.000465735   0.0685205   -0.000762878
174.367   0.0001   8.66331e-10   -0.691365
208   11.3259   7.53109e-05   0.69212
0.00263919   0.000465739   0.0685199   -0.000760707
173.605   0.0001   8.72041e-10   -0.691362
209   11.3754   7.50978e-05   0.692116
0.00263922   0.000465744   0.0685195   -0.000758555
172.849   0.0001   8.77768e-10   -0.691359
210   11.425   7.48872e-05   0.692114
0.00263924   0.000465748   0.0685193   -0.000756427
172.099   0.0001   8.83512e-10   -0.69136
211   11.4745   7.46776e-05   0.692113
0.00263926   0.000465753   0.0685192   -0.00075431
171.357   0.0001   8.89257e-10   -0.691361
212   11.524   7.44697e-05   0.692108
0.00263929   0.000465757   0.0685186   -0.00075221
170.62   0.0001   8.95025e-10   -0.691357
213   11.5735   7.42635e-05   0.692106
0.00263931   0.000465761   0.0685185   -0.000750127
169.89   0.0001   9.008e-10   -0.691358
214   11.6231   7.40596e-05   0.6921
0.00263934   0.000465765   0.0685179   -0.000748068
169.166   0.0001   9.06589e-10   -0.691354
215   11.6726   7.38567e-05   0.692099
0.00263936   0.00046577   0.0685178   -0.000746018
168.449   0.0001   9.12383e-10   -0.691355
216   11.7221   7.36554e-05   0.692093
0.00263939   0.000465774   0.0685173   -0.000743985
167.737   0.0001   9.18199e-10   -0.691352
217   11.7716   7.34558e-05   0.692092
0.00263941   0.000465778   0.0685171   -0.000741968
167.031   0.0001   9.24027e-10   -0.691352
218   11.8212   7.32583e-05   0.69209
0.00263943   0.000465782   0.0685169   -0.000739974
166.331   0.0001   9.29866e-10   -0.691352
219   11.8707   7.30618e-05   0.692084
0.00263946   0.000465786   0.0685163   -0.000737988
165.637   0.0001   9.35716e-10   -0.691348
220   11.9202   7.28668e-05   0.692082
0.00263948   0.00046579   0.0685161   -0.000736019
164.949   0.0001   9.41576e-10   -0.691348
221   11.9697   7.26733e-05   0.69208
0.0026395   0.000465794   0.0685159   -0.000734064
164.267   0.0001   9.47446e-10   -0.691348
222   12.0193   7.24819e-05   0.692078
0.00263952   0.000465798   0.0685157   -0.000732131
163.59   0.0001   9.53334e-10   -0.691348
223   12.0688   7.22914e-05   0.692072
0.00263955   0.000465802   0.0685151   -0.000730207
162.919   0.0001   9.59229e-10   -0.691344
224   12.1183   7.21024e-05   0.69207
0.00263957   0.000465806   0.068515   -0.000728297
162.253   0.0001   9.65141e-10   -0.691344
225   12.1678   7.19148e-05   0.692068
0.00263959   0.00046581   0.0685148   -0.000726402
161.592   0.0001   9.71069e-10   -0.691344
226   12.2174   7.17292e-05   0.692066
0.00263961   0.000465814   0.0685146   -0.000724528
160.937   0.0001   9.77004e-10   -0.691344
227   12.2669   7.15445e-05   0.692064
0.00263963   0.000465818   0.0685144   -0.000722662
160.288   0.0001   9.82944e-10   -0.691344
228   12.3164   7.13611e-05   0.692061
0.00263965   0.000465821   0.068514   -0.000720809
159.643   0.0001   9.88907e-10   -0.691342
229   12.3659   7.11791e-05   0.692055
0.00263968   0.000465825   0.0685135   -0.000718971
159.004   0.0001   9.94874e-10   -0.691338
230   12.4155   7.0999e-05   0.692053
0.0026397   0.000465829   0.0685133   -0.000717152
158.37   0.0001   1.00085e-09   -0.691338
231   12.465   7.08197e-05   0.692051
0.00263972   0.000465833   0.0685131   -0.000715341
157.74   0.0001   1.00686e-09   -0.691338
232   12.5145   7.06418e-05   0.692048
0.00263974   0.000465836   0.0685127   -0.000713543
157.116   0.0001   1.01286e-09   -0.691336
233   12.564   7.04651e-05   0.692046
0.00263976   0.00046584   0.0685126   -0.000711758
156.497   0.0001   1.01888e-09   -0.691336
234   12.6136   7.02903e-05   0.692044
0.00263978   0.000465844   0.0685124   -0.000709993
155.882   0.0001   1.02491e-09   -0.691336
235   12.6631   7.01162e-05   0.692041
0.0026398   0.000465847   0.068512   -0.000708234
155.273   0.0001   1.03095e-09   -0.691334
236   12.7126   6.99434e-05   0.692039
0.00263982   0.000465851   0.0685118   -0.000706488
154.668   0.0001   1.037e-09   -0.691334
237   12.7621   6.97718e-05   0.692035
0.00263984   0.000465854   0.0685115   -0.000704755
154.068   0.0001   1.04307e-09   -0.691332
238   12.8117   6.96019e-05   0.692033
0.00263986   0.000465858   0.0685113   -0.000703039
153.472   0.0001   1.04915e-09   -0.691332
239   12.8612   6.94328e-05   0.69203
0.00263988   0.000465861   0.068511   -0.000701331
152.881   0.0001   1.05524e-09   -0.69133
240   12.9107   6.92649e-05   0.692028
0.0026399   0.000465865   0.0685108   -0.000699634
152.295   0.0001   1.06133e-09   -0.69133
241   12.9602   6.90981e-05   0.692025
0.00263992   0.000465868   0.0685104   -0.00069795
151.713   0.0001   1.06745e-09   -0.691328
242   13.0098   6.89331e-05   0.692021
0.00263994   0.000465871   0.0685101   -0.000696283
151.135   0.0001   1.07358e-09   -0.691327
243   13.0593   6.87687e-05   0.692019
0.00263996   0.000465875   0.0685099   -0.000694622
150.562   0.0001   1.07971e-09   -0.691326
244   13.1088   6.86054e-05   0.692016
0.00263998   0.000465878   0.0685096   -0.000692973
149.993   0.0001   1.08586e-09   -0.691325
245   13.1583   6.84433e-05   0.692014
0.00264   0.000465882   0.0685094   -0.000691335
149.429   0.0001   1.09201e-09   -0.691324
246   13.2079   6.82828e-05   0.692015
0.00264001   0.000465885   0.0685094   -0.000689714
148.868   0.0001   1.09819e-09   -0.691326
247   13.2574   6.81229e-05   0.692011
0.00264003   0.000465888   0.0685091   -0.000688099
148.312   0.0001   1.10437e-09   -0.691325
248   13.3069   6.79641e-05   0.692008
0.00264005   0.000465891   0.0685088   -0.000686495
147.76   0.0001   1.11057e-09   -0.691323
249   13.3564   6.78064e-05   0.692006
0.00264007   0.000465895   0.0685086   -0.000684902
147.212   0.0001   1.11677e-09   -0.691323
250   13.406   6.76502e-05   0.692002
0.00264009   0.000465898   0.0685082   -0.000683324
146.668   0.0001   1.12299e-09   -0.691321
251   13.4555   6.74946e-05   0.691999
0.00264011   0.000465901   0.0685079   -0.000681753
146.129   0.0001   1.12921e-09   -0.691319
252   13.505   6.73401e-05   0.692
0.00264012   0.000465904   0.068508   -0.000680192
145.593   0.0001   1.13545e-09   -0.691321
253   13.5545   6.71866e-05   0.691996
0.00264014   0.000465907   0.0685076   -0.000678641
145.061   0.0001   1.14171e-09   -0.691319
254   13.6041   6.70346e-05   0.691993
0.00264016   0.00046591   0.0685073   -0.000677106
144.533   0.0001   1.14797e-09   -0.691317
255   13.6536   6.68832e-05   0.691989
0.00264018   0.000465913   0.0685069   -0.000675576
144.008   0.0001   1.15425e-09   -0.691315
256   13.7031   6.67327e-05   0.69199
0.00264019   0.000465916   0.068507   -0.000674056
143.488   0.0001   1.16053e-09   -0.691317
257   13.7526   6.65833e-05   0.691986
0.00264021   0.000465919   0.0685067   -0.000672547
142.971   0.0001   1.16683e-09   -0.691315
258   13.8022   6.64353e-05   0.691983
0.00264023   0.000465922   0.0685063   -0.000671052
142.458   0.0001   1.17314e-09   -0.691313
259   13.8517   6.62878e-05   0.691984
0.00264024   0.000465925   0.0685064   -0.000669562
141.949   0.0001   1.17946e-09   -0.691315
260   13.9012   6.61412e-05   0.69198
0.00264026   0.000465928   0.068506   -0.000668081
141.443   0.0001   1.18579e-09   -0.691314
261   13.9507   6.59956e-05   0.691977
0.00264028   0.000465931   0.0685057   -0.000666611
140.941   0.0001   1.19213e-09   -0.691312
262   14.0003   6.58515e-05   0.691977
0.00264029   0.000465934   0.0685058   -0.000665154
140.443   0.0001   1.19848e-09   -0.691314
263   14.0498   6.57077e-05   0.691974
0.00264031   0.000465937   0.0685054   -0.000663702
139.947   0.0001   1.20485e-09   -0.691312
264   14.0993   6.55649e-05   0.69197
0.00264033   0.00046594   0.0685051   -0.00066226
139.456   0.0001   1.21122e-09   -0.69131
265   14.1488   6.54231e-05   0.691971
0.00264034   0.000465943   0.0685051   -0.000660827
138.968   0.0001   1.21761e-09   -0.691312
266   14.1983   6.52821e-05   0.691968
0.00264036   0.000465946   0.0685048   -0.000659403
138.483   0.0001   1.22401e-09   -0.69131
267   14.2479   6.51424e-05   0.691964
0.00264038   0.000465949   0.0685045   -0.000657992
138.002   0.0001   1.23042e-09   -0.691308
268   14.2974   6.50032e-05   0.691963
0.00264039   0.000465951   0.0685044   -0.000656586
137.524   0.0001   1.23684e-09   -0.691308
269   14.3469   6.48649e-05   0.69196
0.00264041   0.000465954   0.068504   -0.000655188
137.049   0.0001   1.24327e-09   -0.691306
270   14.3964   6.47274e-05   0.69196
0.00264042   0.000465957   0.0685041   -0.0006538
136.577   0.0001   1.24972e-09   -0.691308
271   14.446   6.45913e-05   0.691957
0.00264044   0.00046596   0.0685037   -0.000652424
136.109   0.0001   1.25617e-09   -0.691306
272   14.4955   6.44555e-05   0.691957
0.00264045   0.000465963   0.0685038   -0.000651053
135.644   0.0001   1.26264e-09   -0.691308
273   14.545   6.43206e-05   0.691953
0.00264047   0.000465965   0.0685033   -0.00064969
135.182   0.0001   1.26912e-09   -0.691304
274   14.5945   6.41865e-05   0.691949
0.00264049   0.000465968   0.068503   -0.000648335
134.724   0.0001   1.27559e-09   -0.691302
275   14.6441   6.40536e-05   0.69195
0.0026405   0.000465971   0.068503   -0.000646993
134.268   0.0001   1.2821e-09   -0.691304
276   14.6936   6.39212e-05   0.691945
0.00264052   0.000465973   0.0685025   -0.000645655
133.815   0.0001   1.28861e-09   -0.6913
277   14.7431   6.37895e-05   0.691945
0.00264053   0.000465976   0.0685026   -0.000644325
133.366   0.0001   1.29513e-09   -0.691302
278   14.7926   6.36586e-05   0.691942
0.00264055   0.000465979   0.0685022   -0.000643003
132.919   0.0001   1.30167e-09   -0.6913
279   14.8422   6.3529e-05   0.691941
0.00264056   0.000465981   0.0685022   -0.000641694
132.476   0.0001   1.3082e-09   -0.691301
280   14.8917   6.33997e-05   0.691941
0.00264057   0.000465984   0.0685022   -0.000640388
132.035   0.0001   1.31476e-09   -0.691302
281   14.9412   6.32712e-05   0.691937
0.00264059   0.000465986   0.0685017   -0.00063909
131.598   0.0001   1.32131e-09   -0.691299
282   14.9907   6.31435e-05   0.691937
0.0026406   0.000465989   0.0685018   -0.000637799
131.163   0.0001   1.32789e-09   -0.691301
283   15.0403   6.30169e-05   0.691932
0.00264062   0.000465991   0.0685013   -0.000636521
130.731   0.0001   1.33448e-09   -0.691297
284   15.0898   6.28906e-05   0.691933
0.00264063   0.000465994   0.0685013   -0.000635245
130.302   0.0001   1.34108e-09   -0.691299
285   15.1393   6.27652e-05   0.691928
0.00264065   0.000465996   0.0685009   -0.000633978
129.876   0.0001   1.34768e-09   -0.691295
286   15.1888   6.26404e-05   0.691928
0.00264066   0.000465999   0.0685009   -0.000632718
129.452   0.0001   1.35431e-09   -0.691297
287   15.2384   6.25168e-05   0.691927
0.00264067   0.000466001   0.0685008   -0.000631469
129.032   0.0001   1.36092e-09   -0.691297
288   15.2879   6.23935e-05   0.691924
0.00264069   0.000466004   0.0685005   -0.000630223
128.614   0.0001   1.36756e-09   -0.691295
289   15.3374   6.22709e-05   0.691923
0.0026407   0.000466006   0.0685004   -0.000628985
128.198   0.0001   1.37423e-09   -0.691295
290   15.3869   6.2149e-05   0.69192
0.00264072   0.000466009   0.0685   -0.000627754
127.786   0.0001   1.38088e-09   -0.691293
291   15.4365   6.20282e-05   0.691919
0.00264073   0.000466011   0.0684999   -0.000626534
127.376   0.0001   1.38755e-09   -0.691293
292   15.486   6.19078e-05   0.691919
0.00264074   0.000466014   0.0685   -0.000625317
126.968   0.0001   1.39424e-09   -0.691295
293   15.5355   6.1788e-05   0.691914
0.00264076   0.000466016   0.0684995   -0.000624107
126.564   0.0001   1.40092e-09   -0.691291
294   15.585   6.16689e-05   0.691913
0.00264077   0.000466018   0.0684994   -0.000622904
126.161   0.0001   1.40764e-09   -0.691292
295   15.6346   6.15508e-05   0.691914
0.00264078   0.000466021   0.0684995   -0.000621711
125.762   0.0001   1.41435e-09   -0.691293
296   15.6841   6.14331e-05   0.691909
0.0026408   0.000466023   0.068499   -0.000620522
125.365   0.0001   1.42107e-09   -0.69129
297   15.7336   6.1316e-05   0.691908
0.00264081   0.000466025   0.0684989   -0.000619339
124.97   0.0001   1.42781e-09   -0.69129
298   15.7831   6.11995e-05   0.691909
0.00264082   0.000466028   0.0684989   -0.000618162
124.578   0.0001   1.43456e-09   -0.691292
299   15.8327   6.10841e-05   0.691904
0.00264084   0.00046603   0.0684985   -0.000616997
124.188   0.0001   1.44132e-09   -0.691288
300   15.8822   6.0969e-05   0.691903
0.00264085   0.000466032   0.0684984   -0.000615834
123.801   0.0001   1.44808e-09   -0.691288
301   15.9317   6.08545e-05   0.691902
0.00264086   0.000466034   0.0684983   -0.000614677
123.416   0.0001   1.45487e-09   -0.691288
302   15.9812   6.07406e-05   0.691902
0.00264087   0.000466037   0.0684983   -0.000613527
123.034   0.0001   1.46165e-09   -0.69129
303   16.0308   6.06277e-05   0.691897
0.00264089   0.000466039   0.0684978   -0.000612387
122.654   0.0001   1.46844e-09   -0.691286
304   16.0803   6.05151e-05   0.691896
0.0026409   0.000466041   0.0684977   -0.000611249
122.276   0.0001   1.47526e-09   -0.691286
305   16.1298   6.04031e-05   0.691895
0.00264091   0.000466043   0.0684976   -0.000610117
121.9   0.0001   1.48209e-09   -0.691286
306   16.1793   6.02917e-05   0.691896
0.00264092   0.000466046   0.0684977   -0.000608992
121.527   0.0001   1.48892e-09   -0.691288
307   16.2289   6.01813e-05   0.691891
0.00264094   0.000466048   0.0684972   -0.000607877
121.156   0.0001   1.49576e-09   -0.691284
308   16.2784   6.00711e-05   0.69189
0.00264095   0.00046605   0.0684971   -0.000606764
120.788   0.0001   1.5026e-09   -0.691284
309   16.3279   5.99615e-05   0.691889
0.00264096   0.000466052   0.068497   -0.000605657
120.421   0.0001   1.50948e-09   -0.691285
310   16.3774   5.98525e-05   0.691888
0.00264097   0.000466054   0.0684969   -0.000604556
120.057   0.0001   1.51635e-09   -0.691285
311   16.427   5.97445e-05   0.691883
0.00264099   0.000466056   0.0684964   -0.000603464
119.695   0.0001   1.52323e-09   -0.691281
312   16.4765   5.96366e-05   0.691882
0.002641   0.000466058   0.0684964   -0.000602375
119.336   0.0001   1.53011e-09   -0.691281
313   16.526   5.95294e-05   0.691883
0.00264101   0.000466061   0.0684964   -0.000601291
118.978   0.0001   1.53702e-09   -0.691283
314   16.5755   5.94227e-05   0.691882
0.00264102   0.000466063   0.0684963   -0.000600213
118.622   0.0001   1.54395e-09   -0.691283
315   16.6251   5.93169e-05   0.691881
0.00264103   0.000466065   0.0684962   -0.000599145
118.269   0.0001   1.55086e-09   -0.691283
316   16.6746   5.92113e-05   0.69188
0.00264104   0.000466067   0.0684961   -0.000598079
117.918   0.0001   1.55779e-09   -0.691283
317   16.7241   5.91063e-05   0.691875
0.00264106   0.000466069   0.0684956   -0.000597018
117.569   0.0001   1.56474e-09   -0.691279
318   16.7736   5.90019e-05   0.691874
0.00264107   0.000466071   0.0684955   -0.000595962
117.221   0.0001   1.57171e-09   -0.691279
319   16.8232   5.88983e-05   0.691873
0.00264108   0.000466073   0.0684954   -0.000594916
116.876   0.0001   1.57867e-09   -0.691279
320   16.8727   5.87949e-05   0.691872
0.00264109   0.000466075   0.0684953   -0.000593872
116.533   0.0001   1.58565e-09   -0.691279
321   16.9222   5.86921e-05   0.691871
0.0026411   0.000466077   0.0684953   -0.000592833
116.192   0.0001   1.59263e-09   -0.691279
322   16.9717   5.85897e-05   0.69187
0.00264111   0.000466079   0.0684952   -0.000591799
115.853   0.0001   1.59963e-09   -0.691279
323   17.0213   5.84883e-05   0.691869
0.00264112   0.000466081   0.0684951   -0.000590775
115.516   0.0001   1.60663e-09   -0.69128
324   17.0708   5.8387e-05   0.691864
0.00264114   0.000466083   0.0684946   -0.000589752
115.181   0.0001   1.61365e-09   -0.691276
325   17.1203   5.82863e-05   0.691863
0.00264115   0.000466085   0.0684945   -0.000588734
114.848   0.0001   1.62067e-09   -0.691276
326   17.1698   5.81861e-05   0.691862
0.00264116   0.000466087   0.0684944   -0.000587721
114.517   0.0001   1.6277e-09   -0.691276
327   17.2194   5.80867e-05   0.691862
0.00264117   0.000466089   0.0684943   -0.000586717
114.187   0.0001   1.63476e-09   -0.691276
328   17.2689   5.79874e-05   0.691861
0.00264118   0.000466091   0.0684942   -0.000585715
113.86   0.0001   1.64181e-09   -0.691276
329   17.3184   5.78887e-05   0.69186
0.00264119   0.000466093   0.0684941   -0.000584718
113.534   0.0001   1.64889e-09   -0.691276
330   17.3679   5.77905e-05   0.691857
0.0026412   0.000466094   0.0684939   -0.000583726
113.21   0.0001   1.65597e-09   -0.691274
331   17.4175   5.76931e-05   0.691856
0.00264121   0.000466096   0.0684938   -0.000582742
112.888   0.0001   1.66306e-09   -0.691274
332   17.467   5.75959e-05   0.691855
0.00264122   0.000466098   0.0684937   -0.000581759
112.568   0.0001   1.67016e-09   -0.691274
333   17.5165   5.74991e-05   0.691854
0.00264123   0.0004661   0.0684936   -0.000580782
112.25   0.0001   1.67726e-09   -0.691274
334   17.566   5.74028e-05   0.691853
0.00264124   0.000466102   0.0684935   -0.000579809
111.934   0.0001   1.68437e-09   -0.691274
335   17.6156   5.73073e-05   0.691852
0.00264125   0.000466104   0.0684934   -0.000578845
111.619   0.0001   1.6915e-09   -0.691274
336   17.6651   5.7212e-05   0.691847
0.00264127   0.000466106   0.0684929   -0.000577882
111.306   0.0001   1.69864e-09   -0.691271
337   17.7146   5.71172e-05   0.691845
0.00264128   0.000466107   0.0684927   -0.000576924
110.995   0.0001   1.70579e-09   -0.691269
338   17.7641   5.70228e-05   0.691844
0.00264129   0.000466109   0.0684926   -0.00057597
110.685   0.0001   1.71296e-09   -0.691269
339   17.8137   5.69291e-05   0.691843
0.0026413   0.000466111   0.0684925   -0.000575024
110.378   0.0001   1.72011e-09   -0.691269
340   17.8632   5.68357e-05   0.691842
0.00264131   0.000466113   0.0684924   -0.00057408
110.072   0.0001   1.72729e-09   -0.691269
341   17.9127   5.67426e-05   0.691841
0.00264132   0.000466115   0.0684923   -0.00057314
109.767   0.0001   1.73449e-09   -0.691269
342   17.9622   5.66501e-05   0.691839
0.00264133   0.000466116   0.068492   -0.000572205
109.465   0.0001   1.74168e-09   -0.691267
343   18.0118   5.65583e-05   0.691838
0.00264134   0.000466118   0.0684919   -0.000571278
109.164   0.0001   1.74888e-09   -0.691267
344   18.0613   5.64666e-05   0.691837
0.00264135   0.00046612   0.0684918   -0.000570352
108.864   0.0001   1.75612e-09   -0.691267
345   18.1108   5.63753e-05   0.691836
0.00264136   0.000466122   0.0684918   -0.00056943
108.567   0.0001   1.76333e-09   -0.691267
346   18.1603   5.62845e-05   0.691833
0.00264137   0.000466123   0.0684915   -0.000568513
108.271   0.0001   1.77056e-09   -0.691266
347   18.2099   5.61944e-05   0.691832
0.00264138   0.000466125   0.0684914   -0.000567603
107.976   0.0001   1.77783e-09   -0.691266
348   18.2594   5.61045e-05   0.691831
0.00264139   0.000466127   0.0684913   -0.000566694
107.683   0.0001   1.78509e-09   -0.691266
349   18.3089   5.6015e-05   0.691831
0.0026414   0.000466129   0.0684912   -0.00056579
107.392   0.0001   1.79235e-09   -0.691266
350   18.3584   5.59259e-05   0.691828
0.00264141   0.00046613   0.068491   -0.00056489
107.102   0.0001   1.79963e-09   -0.691264
351   18.408   5.58375e-05   0.691831
0.00264141   0.000466132   0.0684913   -0.000563997
106.814   0.0001   1.80692e-09   -0.691268
352   18.4575   5.57492e-05   0.69183
0.00264142   0.000466134   0.0684912   -0.000563105
106.528   0.0001   1.8142e-09   -0.691268
353   18.507   5.56614e-05   0.691828
0.00264143   0.000466135   0.0684909   -0.000562218
106.242   0.0001   1.82153e-09   -0.691266
354   18.5565   5.55739e-05   0.691827
0.00264144   0.000466137   0.0684908   -0.000561335
105.959   0.0001   1.82883e-09   -0.691266
355   18.6061   5.54872e-05   0.691826
0.00264145   0.000466139   0.0684907   -0.000560458
105.677   0.0001   1.83616e-09   -0.691266
356   18.6556   5.54006e-05   0.691823
0.00264146   0.00046614   0.0684905   -0.000559583
105.396   0.0001   1.8435e-09   -0.691265
357   18.7051   5.53143e-05   0.691822
0.00264147   0.000466142   0.0684904   -0.000558712
105.117   0.0001   1.85085e-09   -0.691264
358   18.7546   5.52285e-05   0.691821
0.00264148   0.000466144   0.0684903   -0.000557845
104.84   0.0001   1.85819e-09   -0.691264
359   18.8042   5.51434e-05   0.691819
0.00264149   0.000466145   0.0684901   -0.000556985
104.564   0.0001   1.86555e-09   -0.691263
360   18.8537   5.50583e-05   0.691818
0.0026415   0.000466147   0.06849   -0.000556126
104.289   0.0001   1.87293e-09   -0.691263
361   18.9032   5.49737e-05   0.691816
0.00264151   0.000466148   0.0684897   -0.00055527
104.016   0.0001   1.88031e-09   -0.691261
362   18.9527   5.48894e-05   0.691815
0.00264152   0.00046615   0.0684896   -0.000554419
103.744   0.0001   1.88771e-09   -0.691261
363   19.0023   5.48058e-05   0.691814
0.00264153   0.000466152   0.0684895   -0.000553575
103.474   0.0001   1.8951e-09   -0.691261
364   19.0518   5.47223e-05   0.691815
0.00264153   0.000466153   0.0684897   -0.000552731
103.205   0.0001   1.90252e-09   -0.691263
365   19.1013   5.46391e-05   0.691814
0.00264154   0.000466155   0.0684896   -0.000551891
102.937   0.0001   1.90995e-09   -0.691263
366   19.1508   5.45564e-05   0.691812
0.00264155   0.000466156   0.0684894   -0.000551055
102.671   0.0001   1.91738e-09   -0.691261
367   19.2004   5.44742e-05   0.691811
0.00264156   0.000466158   0.0684893   -0.000550225
102.406   0.0001   1.92483e-09   -0.691261
368   19.2499   5.43922e-05   0.691808
0.00264157   0.000466159   0.068489   -0.000549397
102.142   0.0001   1.9323e-09   -0.69126
369   19.2994   5.43106e-05   0.691807
0.00264158   0.000466161   0.0684889   -0.000548572
101.88   0.0001   1.93975e-09   -0.69126
370   19.3489   5.42293e-05   0.691806
0.00264159   0.000466163   0.0684888   -0.000547751
101.62   0.0001   1.9472e-09   -0.691259
371   19.3984   5.41483e-05   0.691804
0.0026416   0.000466164   0.0684886   -0.000546933
101.36   0.0001   1.9547e-09   -0.691258
372   19.448   5.4068e-05   0.691807
0.0026416   0.000466166   0.0684889   -0.000546122
101.102   0.0001   1.96219e-09   -0.691262
373   19.4975   5.39878e-05   0.691804
0.00264161   0.000466167   0.0684886   -0.000545312
100.845   0.0001   1.96969e-09   -0.69126
374   19.547   5.39079e-05   0.691803
0.00264162   0.000466169   0.0684885   -0.000544505
100.59   0.0001   1.97719e-09   -0.69126
375   19.5965   5.38284e-05   0.691801
0.00264163   0.00046617   0.0684883   -0.000543701
100.336   0.0001   1.9847e-09   -0.691258
376   19.6461   5.37495e-05   0.6918
0.00264164   0.000466172   0.0684882   -0.000542904
100.083   0.0001   1.99223e-09   -0.691258
377   19.6956   5.36707e-05   0.691798
0.00264165   0.000466173   0.068488   -0.000542108
99.831   0.0001   1.99978e-09   -0.691256
378   19.7451   5.35922e-05   0.691797
0.00264166   0.000466175   0.0684879   -0.000541315
99.5806   0.0001   2.00733e-09   -0.691256
379   19.7946   5.35141e-05   0.691798
0.00264166   0.000466176   0.068488   -0.000540526
99.3314   0.0001   2.01488e-09   -0.691258
380   19.8442   5.34365e-05   0.691796
0.00264167   0.000466177   0.0684878   -0.000539743
99.0835   0.0001   2.02245e-09   -0.691257
381   19.8937   5.33591e-05   0.691795
0.00264168   0.000466179   0.0684877   -0.00053896
98.8368   0.0001   2.03003e-09   -0.691257
382   19.9432   5.32819e-05   0.691792
0.00264169   0.00046618   0.0684874   -0.000538181
98.5914   0.0001   2.03761e-09   -0.691255
383   19.9927   5.32051e-05   0.691791
0.0026417   0.000466182   0.0684873   -0.000537405
98.3472   0.0001   2.04521e-09   -0.691255
384   20.0423   5.31289e-05   0.691793
0.0026417   0.000466183   0.0684875   -0.000536635
98.1042   0.0001   2.05281e-09   -0.691257
385   20.0918   5.30527e-05   0.691792
0.00264171   0.000466185   0.0684874   -0.000535865
97.8623   0.0001   2.06043e-09   -0.691257
386   20.1413   5.29769e-05   0.691789
0.00264172   0.000466186   0.0684872   -0.000535099
97.6217   0.0001   2.06805e-09   -0.691255
387   20.1908   5.29014e-05   0.691787
0.00264173   0.000466187   0.0684869   -0.000534337
97.3823   0.0001   2.07568e-09   -0.691253
388   20.2404   5.28265e-05   0.691786
0.00264174   0.000466189   0.0684868   -0.00053358
97.144   0.0001   2.08332e-09   -0.691253
389   20.2899   5.27516e-05   0.691787
0.00264174   0.00046619   0.068487   -0.000532823
96.9069   0.0001   2.09097e-09   -0.691255
390   20.3394   5.2677e-05   0.691787
0.00264175   0.000466192   0.0684869   -0.00053207
96.6709   0.0001   2.09863e-09   -0.691255
391   20.3889   5.26028e-05   0.691784
0.00264176   0.000466193   0.0684866   -0.00053132
96.4361   0.0001   2.1063e-09   -0.691254
392   20.4385   5.25291e-05   0.691782
0.00264177   0.000466194   0.0684864   -0.000530576
96.2024   0.0001   2.11398e-09   -0.691252
393   20.488   5.24555e-05   0.691781
0.00264178   0.000466196   0.0684863   -0.000529832
95.9699   0.0001   2.12167e-09   -0.691252
394   20.5375   5.23821e-05   0.691782
0.00264178   0.000466197   0.0684864   -0.000529091
95.7385   0.0001   2.12937e-09   -0.691254
395   20.587   5.23091e-05   0.69178
0.00264179   0.000466198   0.0684862   -0.000528353
95.5081   0.0001   2.13707e-09   -0.691252
396   20.6366   5.22367e-05   0.691779
0.0026418   0.0004662   0.0684861   -0.000527621
95.2789   0.0001   2.14479e-09   -0.691252
397   20.6861   5.21642e-05   0.691776
0.00264181   0.000466201   0.0684859   -0.00052689
95.0508   0.0001   2.15252e-09   -0.69125
398   20.7356   5.20921e-05   0.691778
0.00264181   0.000466202   0.068486   -0.000526161
94.8238   0.0001   2.16025e-09   -0.691252
399   20.7851   5.20203e-05   0.691777
0.00264182   0.000466204   0.0684859   -0.000525436
94.5979   0.0001   2.16799e-09   -0.691252
400   20.8347   5.1949e-05   0.691774
0.00264183   0.000466205   0.0684857   -0.000524716
94.373   0.0001   2.17575e-09   -0.69125
401   20.8842   5.18778e-05   0.691772
0.00264184   0.000466206   0.0684854   -0.000523996
94.1492   0.0001   2.18351e-09   -0.691249
402   20.9337   5.18068e-05   0.691775
0.00264184   0.000466208   0.0684857   -0.000523279
93.9265   0.0001   2.19128e-09   -0.691252
403   20.9832   5.17362e-05   0.691772
0.00264185   0.000466209   0.0684855   -0.000522565
93.7048   0.0001   2.19906e-09   -0.691251
404   21.0328   5.1666e-05   0.69177
0.00264186   0.00046621   0.0684852   -0.000521857
93.4842   0.0001   2.20685e-09   -0.691249
405   21.0823   5.15959e-05   0.691769
0.00264187   0.000466212   0.0684851   -0.000521149
93.2645   0.0001   2.21465e-09   -0.691249
406   21.1318   5.15261e-05   0.691771
0.00264187   0.000466213   0.0684853   -0.000520443
93.046   0.0001   2.22246e-09   -0.691251
407   21.1813   5.14566e-05   0.691768
0.00264188   0.000466214   0.068485   -0.000519741
92.8284   0.0001   2.23028e-09   -0.691249
408   21.2309   5.13876e-05   0.691766
0.00264189   0.000466215   0.0684848   -0.000519044
92.6119   0.0001   2.2381e-09   -0.691247
409   21.2804   5.13186e-05   0.691769
0.00264189   0.000466217   0.0684851   -0.000518347
92.3963   0.0001   2.24594e-09   -0.691251
410   21.3299   5.12499e-05   0.691766
0.0026419   0.000466218   0.0684849   -0.000517653
92.1818   0.0001   2.25378e-09   -0.691249
411   21.3794   5.11815e-05   0.691764
0.00264191   0.000466219   0.0684846   -0.000516962
91.9683   0.0001   2.26164e-09   -0.691247
412   21.429   5.11136e-05   0.691763
0.00264192   0.000466221   0.0684845   -0.000516276
91.7557   0.0001   2.2695e-09   -0.691247
413   21.4785   5.10457e-05   0.691764
0.00264192   0.000466222   0.0684847   -0.00051559
91.5442   0.0001   2.27737e-09   -0.691249
414   21.528   5.09781e-05   0.691762
0.00264193   0.000466223   0.0684844   -0.000514907
91.3336   0.0001   2.28525e-09   -0.691248
415   21.5775   5.09107e-05   0.691759
0.00264194   0.000466224   0.0684842   -0.000514226
91.1239   0.0001   2.29315e-09   -0.691246
416   21.6271   5.08438e-05   0.691761
0.00264194   0.000466225   0.0684843   -0.000513551
90.9153   0.0001   2.30104e-09   -0.691248
417   21.6766   5.0777e-05   0.69176
0.00264195   0.000466227   0.0684842   -0.000512876
90.7076   0.0001   2.30895e-09   -0.691248
418   21.7261   5.07104e-05   0.691757
0.00264196   0.000466228   0.068484   -0.000512203
90.5008   0.0001   2.31687e-09   -0.691246
419   21.7756   5.06441e-05   0.691759
0.00264196   0.000466229   0.0684841   -0.000511533
90.295   0.0001   2.32479e-09   -0.691248
420   21.8252   5.05783e-05   0.691757
0.00264197   0.00046623   0.0684839   -0.000510869
90.0901   0.0001   2.33273e-09   -0.691246
421   21.8747   5.05125e-05   0.691756
0.00264198   0.000466232   0.0684838   -0.000510204
89.8861   0.0001   2.34068e-09   -0.691246
422   21.9242   5.0447e-05   0.691753
0.00264199   0.000466233   0.0684836   -0.000509542
89.6831   0.0001   2.34863e-09   -0.691244
423   21.9737   5.03817e-05   0.691755
0.00264199   0.000466234   0.0684837   -0.000508882
89.4809   0.0001   2.35659e-09   -0.691246
424   22.0233   5.03169e-05   0.691752
0.002642   0.000466235   0.0684835   -0.000508227
89.2797   0.0001   2.36456e-09   -0.691245
425   22.0728   5.02521e-05   0.69175
0.00264201   0.000466236   0.0684832   -0.000507573
89.0794   0.0001   2.37254e-09   -0.691243
426   22.1223   5.01875e-05   0.691751
0.00264201   0.000466237   0.0684834   -0.000506921
88.88   0.0001   2.38053e-09   -0.691245
427   22.1718   5.01232e-05   0.69175
0.00264202   0.000466239   0.0684833   -0.000506271
88.6814   0.0001   2.38853e-09   -0.691245
428   22.2214   5.00594e-05   0.691748
0.00264203   0.00046624   0.068483   -0.000505627
88.4838   0.0001   2.39654e-09   -0.691243
429   22.2709   4.99956e-05   0.691749
0.00264203   0.000466241   0.0684832   -0.000504982
88.287   0.0001   2.40456e-09   -0.691245
430   22.3204   4.9932e-05   0.691747
0.00264204   0.000466242   0.0684829   -0.00050434
88.0911   0.0001   2.41258e-09   -0.691243
431   22.3699   4.98687e-05   0.691748
0.00264204   0.000466243   0.0684831   -0.0005037
87.8961   0.0001   2.42061e-09   -0.691245
432   22.4195   4.98059e-05   0.691746
0.00264205   0.000466244   0.0684828   -0.000503065
87.7019   0.0001   2.42866e-09   -0.691243
433   22.469   4.9743e-05   0.691743
0.00264206   0.000466245   0.0684826   -0.00050243
87.5086   0.0001   2.43671e-09   -0.691242
434   22.5185   4.96804e-05   0.691746
0.00264206   0.000466247   0.0684829   -0.000501797
87.3162   0.0001   2.44477e-09   -0.691245
435   22.568   4.9618e-05   0.691744
0.00264207   0.000466248   0.0684827   -0.000501167
87.1246   0.0001   2.45284e-09   -0.691243
436   22.6176   4.95561e-05   0.691741
0.00264208   0.000466249   0.0684824   -0.000500542
86.9338   0.0001   2.46092e-09   -0.691242
437   22.6671   4.94942e-05   0.691743
0.00264208   0.00046625   0.0684826   -0.000499916
86.7439   0.0001   2.469e-09   -0.691244
438   22.7166   4.94325e-05   0.691741
0.00264209   0.000466251   0.0684823   -0.000499293
86.5547   0.0001   2.4771e-09   -0.691242
439   22.7661   4.9371e-05   0.691738
0.0026421   0.000466252   0.0684821   -0.000498672
86.3665   0.0001   2.4852e-09   -0.69124
440   22.8157   4.931e-05   0.69174
0.0026421   0.000466253   0.0684822   -0.000498055
86.179   0.0001   2.49332e-09   -0.691242
441   22.8652   4.9249e-05   0.691737
0.00264211   0.000466254   0.068482   -0.000497439
85.9923   0.0001   2.50144e-09   -0.69124
442   22.9147   4.91882e-05   0.691739
0.00264211   0.000466255   0.0684821   -0.000496825
85.8065   0.0001   2.50957e-09   -0.691242
443   22.9642   4.91276e-05   0.691738
0.00264212   0.000466257   0.068482   -0.000496213
85.6214   0.0001   2.51772e-09   -0.691242
444   23.0138   4.90675e-05   0.691735
0.00264213   0.000466258   0.0684818   -0.000495606
85.4372   0.0001   2.52586e-09   -0.69124
445   23.0633   4.90074e-05   0.691737
0.00264213   0.000466259   0.0684819   -0.000494998
85.2537   0.0001   2.53402e-09   -0.691242
446   23.1128   4.89475e-05   0.691734
0.00264214   0.00046626   0.0684817   -0.000494393
85.071   0.0001   2.54219e-09   -0.69124
447   23.1623   4.88878e-05   0.691732
0.00264215   0.000466261   0.0684815   -0.00049379
84.8891   0.0001   2.55036e-09   -0.691239
448   23.2119   4.88285e-05   0.691733
0.00264215   0.000466262   0.0684816   -0.000493192
84.708   0.0001   2.55855e-09   -0.691241
449   23.2614   4.87693e-05   0.691731
0.00264216   0.000466263   0.0684814   -0.000492593
84.5277   0.0001   2.56674e-09   -0.691239
450   23.3109   4.87102e-05   0.691732
0.00264216   0.000466264   0.0684815   -0.000491997
84.3481   0.0001   2.57494e-09   -0.691241
451   23.3604   4.86514e-05   0.69173
0.00264217   0.000466265   0.0684813   -0.000491402
84.1693   0.0001   2.58315e-09   -0.691239
452   23.41   4.8593e-05   0.691731
0.00264217   0.000466266   0.0684814   -0.000490812
83.9912   0.0001   2.59137e-09   -0.691241
453   23.4595   4.85346e-05   0.691729
0.00264218   0.000466267   0.0684812   -0.000490222
83.8139   0.0001   2.5996e-09   -0.691239
454   23.509   4.84764e-05   0.691726
0.00264219   0.000466268   0.0684809   -0.000489634
83.6373   0.0001   2.60783e-09   -0.691237
455   23.5585   4.84184e-05   0.691728
0.00264219   0.000466269   0.0684811   -0.000489049
83.4615   0.0001   2.61608e-09   -0.691239
456   23.6081   4.83608e-05   0.691726
0.0026422   0.00046627   0.0684808   -0.000488467
83.2864   0.0001   2.62433e-09   -0.691238
457   23.6576   4.83033e-05   0.691727
0.0026422   0.000466271   0.068481   -0.000487885
83.1121   0.0001   2.63259e-09   -0.69124
458   23.7071   4.82459e-05   0.691725
0.00264221   0.000466272   0.0684807   -0.000487306
82.9384   0.0001   2.64087e-09   -0.691238
459   23.7566   4.81887e-05   0.691722
0.00264222   0.000466273   0.0684805   -0.000486728
82.7655   0.0001   2.64915e-09   -0.691236
460   23.8062   4.81319e-05   0.691724
0.00264222   0.000466274   0.0684806   -0.000486154
82.5934   0.0001   2.65743e-09   -0.691238
461   23.8557   4.80752e-05   0.691721
0.00264223   0.000466275   0.0684804   -0.000485581
82.4219   0.0001   2.66573e-09   -0.691236
462   23.9052   4.80186e-05   0.691723
0.00264223   0.000466276   0.0684805   -0.000485009
82.2511   0.0001   2.67404e-09   -0.691238
463   23.9547   4.79622e-05   0.69172
0.00264224   0.000466277   0.0684803   -0.00048444
82.0811   0.0001   2.68235e-09   -0.691236
464   24.0043   4.79062e-05   0.691722
0.00264224   0.000466278   0.0684804   -0.000483874
81.9117   0.0001   2.69067e-09   -0.691238
465   24.0538   4.78503e-05   0.691719
0.00264225   0.000466279   0.0684802   -0.000483309
81.7431   0.0001   2.699e-09   -0.691236
466   24.1033   4.77945e-05   0.691717
0.00264226   0.00046628   0.06848   -0.000482745
81.5751   0.0001   2.70735e-09   -0.691235
467   24.1528   4.77389e-05   0.691718
0.00264226   0.000466281   0.0684801   -0.000482183
81.4079   0.0001   2.71569e-09   -0.691237
468   24.2024   4.76837e-05   0.691716
0.00264227   0.000466282   0.0684799   -0.000481626
81.2413   0.0001   2.72405e-09   -0.691235
469   24.2519   4.76285e-05   0.691717
0.00264227   0.000466283   0.06848   -0.000481068
81.0754   0.0001   2.73241e-09   -0.691237
470   24.3014   4.75734e-05   0.691715
0.00264228   0.000466284   0.0684798   -0.000480512
80.9102   0.0001   2.74079e-09   -0.691235
471   24.3509   4.75186e-05   0.691716
0.00264228   0.000466285   0.0684799   -0.000479958
80.7456   0.0001   2.74917e-09   -0.691237
472   24.4005   4.74642e-05   0.691714
0.00264229   0.000466286   0.0684797   -0.000479408
80.5817   0.0001   2.75756e-09   -0.691235
473   24.45   4.74097e-05   0.691715
0.00264229   0.000466287   0.0684798   -0.000478858
80.4185   0.0001   2.76596e-09   -0.691237
474   24.4995   4.73554e-05   0.691713
0.0026423   0.000466288   0.0684796   -0.00047831
80.2559   0.0001   2.77437e-09   -0.691235
475   24.549   4.73013e-05   0.691714
0.0026423   0.000466289   0.0684797   -0.000477763
80.094   0.0001   2.78279e-09   -0.691237
476   24.5985   4.72474e-05   0.691712
0.00264231   0.00046629   0.0684795   -0.000477219
79.9328   0.0001   2.79121e-09   -0.691235
477   24.6481   4.71939e-05   0.69171
0.00264232   0.000466291   0.0684792   -0.000476678
79.7722   0.0001   2.79964e-09   -0.691233
478   24.6976   4.71404e-05   0.691711
0.00264232   0.000466292   0.0684794   -0.000476137
79.6122   0.0001   2.80809e-09   -0.691235
479   24.7471   4.7087e-05   0.691709
0.00264233   0.000466293   0.0684792   -0.000475598
79.4529   0.0001   2.81654e-09   -0.691234
480   24.7966   4.70338e-05   0.69171
0.00264233   0.000466294   0.0684793   -0.000475061
79.2942   0.0001   2.825e-09   -0.691236
481   24.8462   4.6981e-05   0.691708
0.00264234   0.000466295   0.0684791   -0.000474527
79.1361   0.0001   2.83347e-09   -0.691234
482   24.8957   4.69282e-05   0.691709
0.00264234   0.000466296   0.0684792   -0.000473993
78.9787   0.0001   2.84194e-09   -0.691236
483   24.9452   4.68755e-05   0.691707
0.00264235   0.000466297   0.068479   -0.000473462
78.8219   0.0001   2.85043e-09   -0.691234
484   24.9947   4.68231e-05   0.691707
0.00264235   0.000466297   0.068479   -0.000472932
78.6657   0.0001   2.85892e-09   -0.691234
485   25.0443   4.6771e-05   0.691704
0.00264236   0.000466298   0.0684787   -0.000472405
78.5102   0.0001   2.86742e-09   -0.691232
486   25.0938   4.67188e-05   0.691706
0.00264236   0.000466299   0.0684789   -0.000471878
78.3552   0.0001   2.87593e-09   -0.691234
487   25.1433   4.66669e-05   0.691703
0.00264237   0.0004663   0.0684786   -0.000471354
78.2009   0.0001   2.88445e-09   -0.691232
488   25.1928   4.66151e-05   0.691705
0.00264237   0.000466301   0.0684788   -0.000470831
78.0472   0.0001   2.89297e-09   -0.691234
489   25.2424   4.65637e-05   0.691702
0.00264238   0.000466302   0.0684785   -0.000470311
77.894   0.0001   2.90151e-09   -0.691233
490   25.2919   4.65123e-05   0.691704
0.00264238   0.000466303   0.0684787   -0.000469791
77.7415   0.0001   2.91005e-09   -0.691235
491   25.3414   4.6461e-05   0.691701
0.00264239   0.000466304   0.0684784   -0.000469273
77.5896   0.0001   2.9186e-09   -0.691233
492   25.3909   4.64099e-05   0.691703
0.00264239   0.000466305   0.0684786   -0.000468757
77.4382   0.0001   2.92716e-09   -0.691235
493   25.4405   4.63591e-05   0.6917
0.0026424   0.000466306   0.0684783   -0.000468244
77.2875   0.0001   2.93573e-09   -0.691233
494   25.49   4.63084e-05   0.6917
0.0026424   0.000466306   0.0684783   -0.000467732
77.1373   0.0001   2.94431e-09   -0.691233
495   25.5395   4.62578e-05   0.691698
0.00264241   0.000466307   0.0684781   -0.00046722
76.9878   0.0001   2.95289e-09   -0.691231
496   25.589   4.62073e-05   0.691699
0.00264241   0.000466308   0.0684782   -0.000466711
76.8388   0.0001   2.96148e-09   -0.691233
497   25.6386   4.61572e-05   0.691697
0.00264242   0.000466309   0.068478   -0.000466205
76.6903   0.0001   2.97009e-09   -0.691231
498   25.6881   4.61071e-05   0.691698
0.00264242   0.00046631   0.0684782   -0.000465698
76.5425   0.0001   2.9787e-09   -0.691233
499   25.7376   4.60572e-05   0.691696
0.00264243   0.000466311   0.0684779   -0.000465194
76.3952   0.0001   2.98731e-09   -0.691231
500   25.7871   4.60074e-05   0.691698
0.00264243   0.000466312   0.0684781   -0.000464691
76.2485   0.0001   2.99594e-09   -0.691233
501   25.8367   4.59579e-05   0.691695
0.00264244   0.000466313   0.0684778   -0.000464191
76.1023   0.0001   3.00458e-09   -0.691231
502   25.8862   4.59085e-05   0.691695
0.00264244   0.000466313   0.0684778   -0.000463691
75.9567   0.0001   3.01322e-09   -0.691232
503   25.9357   4.58592e-05   0.691693
0.00264245   0.000466314   0.0684776   -0.000463193
75.8117   0.0001   3.02187e-09   -0.69123
504   25.9852   4.581e-05   0.691694
0.00264245   0.000466315   0.0684777   -0.000462697
75.6672   0.0001   3.03053e-09   -0.691232
505   26.0348   4.57612e-05   0.691692
0.00264246   0.000466316   0.0684775   -0.000462203
75.5233   0.0001   3.0392e-09   -0.69123
506   26.0843   4.57123e-05   0.691693
0.00264246   0.000466317   0.0684776   -0.00046171
75.3799   0.0001   3.04787e-09   -0.691232
507   26.1338   4.56637e-05   0.691691
0.00264247   0.000466318   0.0684774   -0.000461218
75.237   0.0001   3.05656e-09   -0.69123
508   26.1833   4.56151e-05   0.691691
0.00264247   0.000466318   0.0684774   -0.000460728
75.0947   0.0001   3.06525e-09   -0.69123
509   26.2329   4.55669e-05   0.691688
0.00264248   0.000466319   0.0684771   -0.000460241
74.9529   0.0001   3.07395e-09   -0.691229
510   26.2824   4.55187e-05   0.69169
0.00264248   0.00046632   0.0684773   -0.000459754
74.8117   0.0001   3.08266e-09   -0.69123
511   26.3319   4.54706e-05   0.691687
0.00264249   0.000466321   0.068477   -0.000459268
74.671   0.0001   3.09138e-09   -0.691229
512   26.3814   4.54227e-05   0.691689
0.00264249   0.000466322   0.0684772   -0.000458784
74.5308   0.0001   3.1001e-09   -0.69123
513   26.431   4.53751e-05   0.69169
0.00264249   0.000466323   0.0684773   -0.000458303
74.3912   0.0001   3.10884e-09   -0.691232
514   26.4805   4.53275e-05   0.691686
0.0026425   0.000466323   0.068477   -0.000457822
74.252   0.0001   3.11758e-09   -0.691229
515   26.53   4.528e-05   0.691688
0.0026425   0.000466324   0.0684771   -0.000457342
74.1134   0.0001   3.12633e-09   -0.691231
516   26.5795   4.52327e-05   0.691685
0.00264251   0.000466325   0.0684769   -0.000456864
73.9753   0.0001   3.13509e-09   -0.691229
517   26.6291   4.51857e-05   0.691687
0.00264251   0.000466326   0.068477   -0.000456389
73.8378   0.0001   3.14385e-09   -0.691231
518   26.6786   4.51386e-05   0.691684
0.00264252   0.000466327   0.0684768   -0.000455914
73.7007   0.0001   3.15263e-09   -0.691229
519   26.7281   4.50918e-05   0.691684
0.00264252   0.000466327   0.0684768   -0.00045544
73.5641   0.0001   3.16141e-09   -0.691229
520   26.7776   4.5045e-05   0.691682
0.00264253   0.000466328   0.0684765   -0.000454968
73.4281   0.0001   3.1702e-09   -0.691227
521   26.8272   4.49986e-05   0.691683
0.00264253   0.000466329   0.0684767   -0.000454499
73.2925   0.0001   3.179e-09   -0.691229
522   26.8767   4.49521e-05   0.691681
0.00264254   0.00046633   0.0684764   -0.00045403
73.1575   0.0001   3.18781e-09   -0.691227
523   26.9262   4.49058e-05   0.691682
0.00264254   0.000466331   0.0684766   -0.000453562
73.0229   0.0001   3.19662e-09   -0.691229
524   26.9757   4.48596e-05   0.691682
0.00264254   0.000466331   0.0684766   -0.000453095
72.8888   0.0001   3.20545e-09   -0.69123
525   27.0253   4.48138e-05   0.69168
0.00264255   0.000466332   0.0684763   -0.000452632
72.7553   0.0001   3.21428e-09   -0.691228
526   27.0748   4.47679e-05   0.691682
0.00264255   0.000466333   0.0684765   -0.000452168
72.6222   0.0001   3.22312e-09   -0.69123
527   27.1243   4.47222e-05   0.691679
0.00264256   0.000466334   0.0684762   -0.000451706
72.4896   0.0001   3.23196e-09   -0.691228
528   27.1738   4.46765e-05   0.691681
0.00264256   0.000466335   0.0684764   -0.000451245
72.3575   0.0001   3.24082e-09   -0.69123
529   27.2234   4.46312e-05   0.691677
0.00264257   0.000466335   0.068476   -0.000450788
72.2258   0.0001   3.24969e-09   -0.691226
530   27.2729   4.45859e-05   0.691678
0.00264257   0.000466336   0.0684761   -0.00045033
72.0947   0.0001   3.25856e-09   -0.691228
531   27.3224   4.45407e-05   0.691676
0.00264258   0.000466337   0.0684759   -0.000449873
71.964   0.0001   3.26744e-09   -0.691226
532   27.3719   4.44957e-05   0.691677
0.00264258   0.000466338   0.068476   -0.000449418
71.8338   0.0001   3.27632e-09   -0.691228
533   27.4215   4.44509e-05   0.691677
0.00264258   0.000466338   0.068476   -0.000448966
71.7041   0.0001   3.28522e-09   -0.691229
534   27.471   4.44061e-05   0.691675
0.00264259   0.000466339   0.0684758   -0.000448513
71.5748   0.0001   3.29412e-09   -0.691227
535   27.5205   4.43614e-05   0.691676
0.00264259   0.00046634   0.0684759   -0.000448062
71.446   0.0001   3.30304e-09   -0.691229
536   27.57   4.43169e-05   0.691674
0.0026426   0.000466341   0.0684757   -0.000447612
71.3177   0.0001   3.31195e-09   -0.691227
537   27.6196   4.42727e-05   0.691674
0.0026426   0.000466341   0.0684757   -0.000447165
71.1898   0.0001   3.32088e-09   -0.691227
538   27.6691   4.42284e-05   0.691671
0.00264261   0.000466342   0.0684755   -0.000446718
71.0624   0.0001   3.32982e-09   -0.691225
539   27.7186   4.41843e-05   0.691673
0.00264261   0.000466343   0.0684756   -0.000446273
70.9354   0.0001   3.33876e-09   -0.691227
540   27.7681   4.41403e-05   0.691674
0.00264261   0.000466344   0.0684758   -0.000445828
70.8089   0.0001   3.34771e-09   -0.691229
541   27.8177   4.40966e-05   0.69167
0.00264262   0.000466344   0.0684754   -0.000445387
70.6828   0.0001   3.35668e-09   -0.691225
542   27.8672   4.40529e-05   0.691672
0.00264262   0.000466345   0.0684755   -0.000444945
70.5572   0.0001   3.36564e-09   -0.691227
543   27.9167   4.40093e-05   0.691669
0.00264263   0.000466346   0.0684753   -0.000444504
70.432   0.0001   3.37462e-09   -0.691225
544   27.9662   4.39658e-05   0.691671
0.00264263   0.000466347   0.0684754   -0.000444065
70.3073   0.0001   3.3836e-09   -0.691227
545   28.0158   4.39226e-05   0.691671
0.00264263   0.000466347   0.0684754   -0.000443629
70.183   0.0001   3.3926e-09   -0.691228
546   28.0653   4.38794e-05   0.691668
0.00264264   0.000466348   0.0684752   -0.000443192
70.0592   0.0001   3.40159e-09   -0.691226
547   28.1148   4.38363e-05   0.69167
0.00264264   0.000466349   0.0684753   -0.000442757
69.9358   0.0001   3.4106e-09   -0.691228
548   28.1643   4.37934e-05   0.691667
0.00264265   0.00046635   0.0684751   -0.000442323
69.8128   0.0001   3.41962e-09   -0.691226
549   28.2139   4.37507e-05   0.691667
0.00264265   0.00046635   0.0684751   -0.000441891
69.6902   0.0001   3.42864e-09   -0.691226
550   28.2634   4.3708e-05   0.691665
0.00264266   0.000466351   0.0684748   -0.00044146
69.5681   0.0001   3.43768e-09   -0.691224
551   28.3129   4.36654e-05   0.691667
0.00264266   0.000466352   0.068475   -0.000441029
69.4464   0.0001   3.44672e-09   -0.691226
552   28.3624   4.36229e-05   0.691667
0.00264266   0.000466352   0.068475   -0.0004406
69.3252   0.0001   3.45576e-09   -0.691226
553   28.412   4.35807e-05   0.691664
0.00264267   0.000466353   0.0684747   -0.000440174
69.2043   0.0001   3.46482e-09   -0.691224
554   28.4615   4.35385e-05   0.691666
0.00264267   0.000466354   0.0684749   -0.000439747
69.0839   0.0001   3.47388e-09   -0.691226
555   28.511   4.34964e-05   0.691662
0.00264268   0.000466354   0.0684745   -0.000439322
68.9639   0.0001   3.48295e-09   -0.691223
556   28.5605   4.34544e-05   0.691663
0.00264268   0.000466355   0.0684747   -0.000438898
68.8443   0.0001   3.49203e-09   -0.691225
557   28.6101   4.34127e-05   0.691665
0.00264268   0.000466356   0.0684748   -0.000438477
68.7251   0.0001   3.50112e-09   -0.691227
558   28.6596   4.33709e-05   0.691662
0.00264269   0.000466357   0.0684746   -0.000438055
68.6064   0.0001   3.51021e-09   -0.691225
559   28.7091   4.33293e-05   0.691662
0.00264269   0.000466357   0.0684746   -0.000437634
68.488   0.0001   3.51932e-09   -0.691225
560   28.7586   4.32878e-05   0.69166
0.0026427   0.000466358   0.0684743   -0.000437215
68.3701   0.0001   3.52842e-09   -0.691223
561   28.8082   4.32466e-05   0.691661
0.0026427   0.000466359   0.0684745   -0.000436799
68.2526   0.0001   3.53754e-09   -0.691225
562   28.8577   4.32053e-05   0.691661
0.0026427   0.000466359   0.0684745   -0.000436382
68.1354   0.0001   3.54667e-09   -0.691225
563   28.9072   4.31642e-05   0.691659
0.00264271   0.00046636   0.0684742   -0.000435966
68.0187   0.0001   3.5558e-09   -0.691223
564   28.9567   4.31232e-05   0.69166
0.00264271   0.000466361   0.0684744   -0.000435551
67.9024   0.0001   3.56494e-09   -0.691225
565   29.0063   4.30824e-05   0.69166
0.00264271   0.000466361   0.0684744   -0.000435139
67.7864   0.0001   3.5741e-09   -0.691226
566   29.0558   4.30416e-05   0.691658
0.00264272   0.000466362   0.0684741   -0.000434727
67.6709   0.0001   3.58325e-09   -0.691223
567   29.1053   4.30009e-05   0.691659
0.00264272   0.000466363   0.0684743   -0.000434316
67.5557   0.0001   3.59242e-09   -0.691225
568   29.1548   4.29603e-05   0.691655
0.00264273   0.000466363   0.0684739   -0.000433906
67.441   0.0001   3.60159e-09   -0.691222
569   29.2044   4.292e-05   0.691657
0.00264273   0.000466364   0.068474   -0.000433499
67.3266   0.0001   3.61077e-09   -0.691224
570   29.2539   4.28797e-05   0.691658
0.00264273   0.000466365   0.0684742   -0.000433092
67.2126   0.0001   3.61996e-09   -0.691226
571   29.3034   4.28395e-05   0.691654
0.00264274   0.000466365   0.0684738   -0.000432685
67.099   0.0001   3.62916e-09   -0.691222
572   29.3529   4.27993e-05   0.691656
0.00264274   0.000466366   0.0684739   -0.00043228
66.9858   0.0001   3.63836e-09   -0.691224
573   29.4025   4.27595e-05   0.691653
0.00264275   0.000466367   0.0684737   -0.000431877
66.873   0.0001   3.64757e-09   -0.691222
574   29.452   4.27196e-05   0.691653
0.00264275   0.000466367   0.0684737   -0.000431474
66.7606   0.0001   3.65679e-09   -0.691222
575   29.5015   4.26798e-05   0.691655
0.00264275   0.000466368   0.0684738   -0.000431072
66.6485   0.0001   3.66602e-09   -0.691224
576   29.551   4.26401e-05   0.691652
0.00264276   0.000466369   0.0684736   -0.000430671
66.5368   0.0001   3.67525e-09   -0.691222
577   29.6006   4.26007e-05   0.691652
0.00264276   0.000466369   0.0684736   -0.000430273
66.4255   0.0001   3.68449e-09   -0.691223
578   29.6501   4.25613e-05   0.691654
0.00264276   0.00046637   0.0684737   -0.000429874
66.3145   0.0001   3.69375e-09   -0.691224
579   29.6996   4.25219e-05   0.691652
0.00264277   0.000466371   0.0684735   -0.000429477
66.2039   0.0001   3.70301e-09   -0.691222
580   29.7491   4.24827e-05   0.691652
0.00264277   0.000466371   0.0684735   -0.00042908
66.0937   0.0001   3.71227e-09   -0.691223
581   29.7986   4.24436e-05   0.691653
0.00264277   0.000466372   0.0684737   -0.000428685
65.9839   0.0001   3.72154e-09   -0.691225
582   29.8482   4.24047e-05   0.691651
0.00264278   0.000466373   0.0684734   -0.000428292
65.8744   0.0001   3.73083e-09   -0.691223
583   29.8977   4.23658e-05   0.691651
0.00264278   0.000466373   0.0684734   -0.000427899
65.7653   0.0001   3.74011e-09   -0.691223
584   29.9472   4.2327e-05   0.691648
0.00264279   0.000466374   0.0684732   -0.000427507
65.6565   0.0001   3.74941e-09   -0.691221
585   29.9967   4.22883e-05   0.69165
0.00264279   0.000466375   0.0684733   -0.000427116
65.5481   0.0001   3.75872e-09   -0.691223
586   30.0463   4.22498e-05   0.69165
0.00264279   0.000466375   0.0684733   -0.000426728
65.4401   0.0001   3.76803e-09   -0.691223
587   30.0958   4.22113e-05   0.691647
0.0026428   0.000466376   0.0684731   -0.000426339
65.3324   0.0001   3.77735e-09   -0.691221
588   30.1453   4.21729e-05   0.691647
0.0026428   0.000466376   0.0684731   -0.000425951
65.2251   0.0001   3.78667e-09   -0.691222
589   30.1948   4.21346e-05   0.691649
0.0026428   0.000466377   0.0684732   -0.000425564
65.1181   0.0001   3.79601e-09   -0.691223
590   30.2444   4.20966e-05   0.691646
0.00264281   0.000466378   0.068473   -0.00042518
65.0114   0.0001   3.80536e-09   -0.691221
591   30.2939   4.20585e-05   0.691646
0.00264281   0.000466378   0.068473   -0.000424795
64.9052   0.0001   3.8147e-09   -0.691222
592   30.3434   4.20206e-05   0.691648
0.00264281   0.000466379   0.0684731   -0.000424411
64.7992   0.0001   3.82407e-09   -0.691224
593   30.3929   4.19827e-05   0.691645
0.00264282   0.00046638   0.0684729   -0.000424029
64.6936   0.0001   3.83343e-09   -0.691222
594   30.4425   4.19451e-05   0.691645
0.00264282   0.00046638   0.0684729   -0.000423649
64.5884   0.0001   3.8428e-09   -0.691222
595   30.492   4.19074e-05   0.691647
0.00264282   0.000466381   0.068473   -0.000423268
64.4835   0.0001   3.85219e-09   -0.691224
596   30.5415   4.18698e-05   0.691643
0.00264283   0.000466381   0.0684726   -0.000422888
64.3789   0.0001   3.86158e-09   -0.69122
597   30.591   4.18323e-05   0.691644
0.00264283   0.000466382   0.0684728   -0.00042251
64.2747   0.0001   3.87097e-09   -0.691222
598   30.6406   4.17951e-05   0.691642
0.00264284   0.000466383   0.0684725   -0.000422134
64.1708   0.0001   3.88038e-09   -0.69122
599   30.6901   4.17579e-05   0.691642
0.00264284   0.000466383   0.0684725   -0.000421757
64.0673   0.0001   3.88978e-09   -0.69122
600   30.7396   4.17207e-05   0.691643
0.00264284   0.000466384   0.0684727   -0.000421382
63.964   0.0001   3.89921e-09   -0.691222
601   30.7891   4.16836e-05   0.691639
0.00264285   0.000466384   0.0684723   -0.000421007
63.8612   0.0001   3.90863e-09   -0.691219
602   30.8387   4.16468e-05   0.691641
0.00264285   0.000466385   0.0684725   -0.000420635
63.7586   0.0001   3.91807e-09   -0.691221
603   30.8882   4.16099e-05   0.691642
0.00264285   0.000466386   0.0684726   -0.000420262
63.6564   0.0001   3.92751e-09   -0.691222
604   30.9377   4.15731e-05   0.691638
0.00264286   0.000466386   0.0684722   -0.000419891
63.5545   0.0001   3.93696e-09   -0.691219
605   30.9872   4.15364e-05   0.69164
0.00264286   0.000466387   0.0684724   -0.00041952
63.4529   0.0001   3.94642e-09   -0.691221
606   31.0368   4.15e-05   0.69164
0.00264286   0.000466387   0.0684724   -0.000419152
63.3516   0.0001   3.95589e-09   -0.691221
607   31.0863   4.14635e-05   0.691637
0.00264287   0.000466388   0.0684721   -0.000418783
63.2507   0.0001   3.96535e-09   -0.691219
608   31.1358   4.14271e-05   0.691639
0.00264287   0.000466389   0.0684723   -0.000418416
63.1501   0.0001   3.97483e-09   -0.691221
609   31.1853   4.13908e-05   0.691639
0.00264287   0.000466389   0.0684723   -0.000418049
63.0498   0.0001   3.98432e-09   -0.691221
610   31.2349   4.13548e-05   0.691637
0.00264288   0.00046639   0.068472   -0.000417684
62.9499   0.0001   3.99381e-09   -0.691219
611   31.2844   4.13186e-05   0.691637
0.00264288   0.00046639   0.068472   -0.00041732
62.8502   0.0001   4.00332e-09   -0.69122
612   31.3339   4.12826e-05   0.691638
0.00264288   0.000466391   0.0684722   -0.000416956
62.7509   0.0001   4.01282e-09   -0.691221
613   31.3834   4.12467e-05   0.691636
0.00264289   0.000466392   0.0684719   -0.000416593
62.6518   0.0001   4.02235e-09   -0.691219
614   31.433   4.1211e-05   0.691636
0.00264289   0.000466392   0.0684719   -0.000416232
62.5531   0.0001   4.03187e-09   -0.69122
615   31.4825   4.11753e-05   0.691637
0.00264289   0.000466393   0.0684721   -0.000415871
62.4547   0.0001   4.04141e-09   -0.691222
616   31.532   4.11396e-05   0.691633
0.0026429   0.000466393   0.0684717   -0.000415511
62.3566   0.0001   4.05095e-09   -0.691218
617   31.5815   4.11041e-05   0.691635
0.0026429   0.000466394   0.0684718   -0.000415152
62.2588   0.0001   4.06049e-09   -0.69122
618   31.6311   4.10688e-05   0.691635
0.0026429   0.000466394   0.0684718   -0.000414795
62.1614   0.0001   4.07004e-09   -0.69122
619   31.6806   4.10334e-05   0.691632
0.00264291   0.000466395   0.0684716   -0.000414438
62.0642   0.0001   4.07961e-09   -0.691218
620   31.7301   4.09981e-05   0.691634
0.00264291   0.000466396   0.0684717   -0.000414081
61.9673   0.0001   4.08918e-09   -0.69122
621   31.7796   4.09629e-05   0.691634
0.00264291   0.000466396   0.0684717   -0.000413726
61.8708   0.0001   4.09875e-09   -0.69122
622   31.8292   4.0928e-05   0.691635
0.00264291   0.000466397   0.0684719   -0.000413372
61.7745   0.0001   4.10834e-09   -0.691222
623   31.8787   4.0893e-05   0.691631
0.00264292   0.000466397   0.0684715   -0.000413019
61.6785   0.0001   4.11793e-09   -0.691219
624   31.9282   4.0858e-05   0.691633
0.00264292   0.000466398   0.0684716   -0.000412666
61.5828   0.0001   4.12754e-09   -0.69122
625   31.9777   4.08232e-05   0.691633
0.00264292   0.000466398   0.0684716   -0.000412314
61.4875   0.0001   4.13714e-09   -0.691221
626   32.0273   4.07886e-05   0.69163
0.00264293   0.000466399   0.0684714   -0.000411964
61.3924   0.0001   4.14675e-09   -0.691219
627   32.0768   4.0754e-05   0.691632
0.00264293   0.0004664   0.0684715   -0.000411614
61.2976   0.0001   4.15638e-09   -0.69122
628   32.1263   4.07194e-05   0.691632
0.00264293   0.0004664   0.0684715   -0.000411265
61.2031   0.0001   4.16601e-09   -0.691221
629   32.1758   4.06849e-05   0.691629
0.00264294   0.000466401   0.0684713   -0.000410917
61.1089   0.0001   4.17564e-09   -0.691219
630   32.2254   4.06507e-05   0.691629
0.00264294   0.000466401   0.0684713   -0.00041057
61.015   0.0001   4.18529e-09   -0.691219
631   32.2749   4.06164e-05   0.691631
0.00264294   0.000466402   0.0684714   -0.000410224
60.9214   0.0001   4.19494e-09   -0.691221
632   32.3244   4.05821e-05   0.691627
0.00264295   0.000466402   0.0684711   -0.000409878
60.828   0.0001   4.2046e-09   -0.691217
633   32.3739   4.0548e-05   0.691628
0.00264295   0.000466403   0.0684712   -0.000409533
60.735   0.0001   4.21426e-09   -0.691219
634   32.4235   4.05141e-05   0.691628
0.00264295   0.000466403   0.0684712   -0.000409191
60.6422   0.0001   4.22394e-09   -0.691219
635   32.473   4.04801e-05   0.691626
0.00264296   0.000466404   0.068471   -0.000408847
60.5497   0.0001   4.23362e-09   -0.691217
636   32.5225   4.04463e-05   0.691627
0.00264296   0.000466405   0.0684711   -0.000408505
60.4575   0.0001   4.24331e-09   -0.691219
637   32.572   4.04125e-05   0.691627
0.00264296   0.000466405   0.0684711   -0.000408164
60.3656   0.0001   4.253e-09   -0.69122
638   32.6216   4.03789e-05   0.691629
0.00264296   0.000466406   0.0684713   -0.000407824
60.2739   0.0001   4.26271e-09   -0.691221
639   32.6711   4.03453e-05   0.691625
0.00264297   0.000466406   0.0684709   -0.000407485
60.1826   0.0001   4.27242e-09   -0.691218
640   32.7206   4.03117e-05   0.691626
0.00264297   0.000466407   0.068471   -0.000407146
60.0915   0.0001   4.28214e-09   -0.69122
641   32.7701   4.02783e-05   0.691626
0.00264297   0.000466407   0.068471   -0.000406808
60.0007   0.0001   4.29186e-09   -0.69122
642   32.8197   4.0245e-05   0.691624
0.00264298   0.000466408   0.0684708   -0.000406472
59.9101   0.0001   4.3016e-09   -0.691218
643   32.8692   4.02117e-05   0.691624
0.00264298   0.000466408   0.0684708   -0.000406136
59.8199   0.0001   4.31133e-09   -0.691218
644   32.9187   4.01785e-05   0.691625
0.00264298   0.000466409   0.0684709   -0.0004058
59.7299   0.0001   4.32108e-09   -0.69122
645   32.9682   4.01454e-05   0.691622
0.00264299   0.000466409   0.0684705   -0.000405465
59.6401   0.0001   4.33084e-09   -0.691216
646   33.0178   4.01125e-05   0.691623
0.00264299   0.00046641   0.0684707   -0.000405133
59.5507   0.0001   4.3406e-09   -0.691218
647   33.0673   4.00795e-05   0.691623
0.00264299   0.00046641   0.0684707   -0.0004048
59.4615   0.0001   4.35037e-09   -0.691219
648   33.1168   4.00466e-05   0.691624
0.00264299   0.000466411   0.0684708   -0.000404467
59.3726   0.0001   4.36015e-09   -0.69122
649   33.1663   4.00138e-05   0.691621
0.002643   0.000466411   0.0684704   -0.000404136
59.2839   0.0001   4.36993e-09   -0.691217
650   33.2159   3.99812e-05   0.691622
0.002643   0.000466412   0.0684706   -0.000403806
59.1955   0.0001   4.37973e-09   -0.691219
651   33.2654   3.99486e-05   0.691622
0.002643   0.000466412   0.0684706   -0.000403477
59.1074   0.0001   4.38952e-09   -0.691219
652   33.3149   3.9916e-05   0.69162
0.00264301   0.000466413   0.0684703   -0.000403148
59.0195   0.0001   4.39933e-09   -0.691217
653   33.3644   3.98835e-05   0.69162
0.00264301   0.000466413   0.0684703   -0.000402819
58.9319   0.0001   4.40915e-09   -0.691217
654   33.414   3.98512e-05   0.691621
0.00264301   0.000466414   0.0684705   -0.000402493
58.8446   0.0001   4.41896e-09   -0.691219
655   33.4635   3.98189e-05   0.691617
0.00264302   0.000466414   0.0684701   -0.000402167
58.7575   0.0001   4.42879e-09   -0.691215
656   33.513   3.97867e-05   0.691619
0.00264302   0.000466415   0.0684702   -0.000401841
58.6707   0.0001   4.43862e-09   -0.691217
657   33.5625   3.97545e-05   0.69162
0.00264302   0.000466416   0.0684704   -0.000401516
58.5841   0.0001   4.44847e-09   -0.691219
658   33.6121   3.97225e-05   0.69162
0.00264302   0.000466416   0.0684704   -0.000401193
58.4978   0.0001   4.45832e-09   -0.691219
659   33.6616   3.96905e-05   0.691618
0.00264303   0.000466417   0.0684702   -0.000400869
58.4117   0.0001   4.46818e-09   -0.691217
660   33.7111   3.96586e-05   0.691618
0.00264303   0.000466417   0.0684702   -0.000400546
58.3259   0.0001   4.47804e-09   -0.691217
661   33.7606   3.96267e-05   0.691619
0.00264303   0.000466418   0.0684703   -0.000400224
58.2403   0.0001   4.48792e-09   -0.691219
662   33.8102   3.9595e-05   0.691615
0.00264304   0.000466418   0.0684699   -0.000399905
58.155   0.0001   4.49779e-09   -0.691216
663   33.8597   3.95633e-05   0.691617
0.00264304   0.000466419   0.0684701   -0.000399584
58.07   0.0001   4.50767e-09   -0.691217
664   33.9092   3.95317e-05   0.691617
0.00264304   0.000466419   0.0684701   -0.000399264
57.9851   0.0001   4.51758e-09   -0.691218
665   33.9587   3.95001e-05   0.691618
0.00264304   0.00046642   0.0684702   -0.000398946
57.9006   0.0001   4.52747e-09   -0.69122
666   34.0083   3.94688e-05   0.691614
0.00264305   0.00046642   0.0684698   1.37673e+06
