0 1.02476  0 0 1e-10 0
1 1.07429  0 0 1e-10 0
2 1.12381  0 0 1e-10 0
3 1.17334  0 0 1e-10 0
4 1.22286  0 0 1e-10 0
5 1.27239  0 0 1e-10 0
6 1.32191  0 0 1e-10 0
7 1.37144  0 0 1e-10 0
8 1.42096  0 0 1e-10 0
9 1.47049  0 0 1e-10 0
10 1.52001  0 0 1e-10 0
11 1.56953  0 0 1e-10 0
12 1.61906  0 0 1e-10 0
13 1.66858  0 0 1e-10 0
14 1.71811  0 0 1e-10 0
15 1.76763  0 0 1e-10 0
16 1.81716  0 0 1e-10 0
17 1.86668  0 0 1e-10 0
18 1.91621  0 0 1e-10 0
19 1.96573  0 0 1e-10 0
20 2.01526  0 0 1e-10 0
21 2.06478  0 0 1e-10 0
22 2.11431  0 0 1e-10 0
23 2.16383  0 0 1e-10 0
24 2.21336  0 0 1e-10 0
25 2.26288  0 0 1e-10 0
26 2.31241  0 0 1e-10 0
27 2.36193  0 0 1e-10 0
28 2.41146  0 0 1e-10 0
29 2.46098  0 0 1e-10 0
30 2.51051  0 0 1e-10 0
31 2.56003  0 0 1e-10 0
32 2.60955  0 0 1e-10 0
33 2.65908  0 0 1e-10 0
34 2.7086  0 0 1e-10 0
35 2.75813  0 0 1e-10 0
36 2.80765  0 0 1e-10 0
37 2.85718  0 0 1e-10 0
38 2.9067  0 0 1e-10 0
39 2.95623  0 0 1e-10 0
40 3.00575  0 0 1e-10 0
41 3.05528  0 0 1e-10 0
42 3.1048  0 0 1e-10 0
43 3.15433  0 0 1e-10 0
44 3.20385  0 0 1e-10 0
45 3.25338  0 0 1e-10 0
46 3.3029  0 0 1e-10 0
47 3.35243  0 0 1e-10 0
48 3.40195  0 0 1e-10 0
49 3.45148  0 0 1e-10 0
50 3.501  0 0 1e-10 0
51 3.55053  0 0 1e-10 0
52 3.60005  0 0 1e-10 0
53 3.64957  0 0 1e-10 0
54 3.6991  0 0 1e-10 0
55 3.74862  0 0 1e-10 0
56 3.79815  0 0 1e-10 0
57 3.84767  0 0 1e-10 0
58 3.8972  0 0 1e-10 0
59 3.94672  0 0 1e-10 0
60 3.99625  0 0 1e-10 0
61 4.04577  0 0 1e-10 0
62 4.0953  0 0 1e-10 0
63 4.14482  0 0 1e-10 0
64 4.19435  0 0 1e-10 0
65 4.24387  0 0 1e-10 0
66 4.2934  0 0 1e-10 0
67 4.34292  0 0 1e-10 0
68 4.39245  0 0 1e-10 0
69 4.44197  0 0 1e-10 0
70 4.4915  0 0 1e-10 0
71 4.54102  0 0 1e-10 0
72 4.59055  0 0 1e-10 0
73 4.64007  0 0 1e-10 0
74 4.68959  0 0 1e-10 0
75 4.73912  0 0 1e-10 0
76 4.78864  0 0 1e-10 0
77 4.83817  0 0 1e-10 0
78 4.88769  0 0 1e-10 0
79 4.93722  0 0 1e-10 0
80 4.98674  0 0 1e-10 0
81 5.03627  0 0 1e-10 0
82 5.08579  0 0 1e-10 0
83 5.13532  0 0 1e-10 0
84 5.18484  0 0 1e-10 0
85 5.23437  0 0 1e-10 0
86 5.28389  0 0 1e-10 0
87 5.33342  0 0 1e-10 0
88 5.38294  0 0 1e-10 0
89 5.43247  0 0 1e-10 0
90 5.48199  0 0 1e-10 0
91 5.53152  0 0 1e-10 0
92 5.58104  0 0 1e-10 0
93 5.63057  0 0 1e-10 0
94 5.68009  0 0 1e-10 0
95 5.72961  0 0 1e-10 0
96 5.77914  0 0 1e-10 0
97 5.82866  0 0 1e-10 0
98 5.87819  0 0 1e-10 0
99 5.92771  0 0 1e-10 0
100 5.97724  0 0 1e-10 0
101 6.02676  0 0 1e-10 0
102 6.07629  0 0 1e-10 0
103 6.12581  0 0 1e-10 0
104 6.17534  0 0 1e-10 0
105 6.22486  0 0 1e-10 0
106 6.27439  0 0 1e-10 0
107 6.32391  0 0 1e-10 0
108 6.37344  0 0 1e-10 0
109 6.42296  0 0 1e-10 0
110 6.47249  0 0 1e-10 0
111 6.52201  0 0 1e-10 0
112 6.57154  0 0 1e-10 0
113 6.62106  0 0 1e-10 0
114 6.67059  0 0 1e-10 0
115 6.72011  0 0 1e-10 0
116 6.76963  0 0 1e-10 0
117 6.81916  0 0 1e-10 0
118 6.86868  0 0 1e-10 0
119 6.91821  0 0 1e-10 0
120 6.96773  0 0 1e-10 0
121 7.01726  0 0 1e-10 0
122 7.06678  0 0 1e-10 0
123 7.11631  0 0 1e-10 0
124 7.16583  0 0 1e-10 0
125 7.21536  0 0 1e-10 0
126 7.26488  0 0 1e-10 0
127 7.31441  0 0 1e-10 0
128 7.36393  0 0 1e-10 0
129 7.41346  0 0 1e-10 0
130 7.46298  0 0 1e-10 0
131 7.51251  0 0 1e-10 0
132 7.56203  0 0 1e-10 0
133 7.61156  0 0 1e-10 0
134 7.66108  0 0 1e-10 0
135 7.71061  0 0 1e-10 0
136 7.76013  0 0 1e-10 0
137 7.80965  0 0 1e-10 0
138 7.85918  0 0 1e-10 0
139 7.9087  0 0 1e-10 0
140 7.95823  0 0 1e-10 0
141 8.00775  0 0 1e-10 0
142 8.05728  0 0 1e-10 0
143 8.1068  0 0 1e-10 0
144 8.15633  0 0 1e-10 0
145 8.20585  0 0 1e-10 0
146 8.25538  0 0 1e-10 0
147 8.3049  0 0 1e-10 0
148 8.35443  0 0 1e-10 0
149 8.40395  0 0 1e-10 0
150 8.45348  0 0 1e-10 0
151 8.503  0 0 1e-10 0
152 8.55253  0 0 1e-10 0
153 8.60205  0 0 1e-10 0
154 8.65158  0 0 1e-10 0
155 8.7011  0 0 1e-10 0
156 8.75063  0 0 1e-10 0
157 8.80015  0 0 1e-10 0
158 8.84967  0 0 1e-10 0
159 8.8992  0 0 1e-10 0
160 8.94872  0 0 1e-10 0
161 8.99825  0 0 1e-10 0
162 9.04777  0 0 1e-10 0
163 9.0973  0 0 1e-10 0
164 9.14682  0 0 1e-10 0
165 9.19635  0 0 1e-10 0
166 9.24587  0 0 1e-10 0
167 9.2954  0 0 1e-10 0
168 9.34492  0 0 1e-10 0
169 9.39445  0 0 1e-10 0
170 9.44397  0 0 1e-10 0
171 9.4935  0 0 1e-10 0
172 9.54302  0 0 1e-10 0
173 9.59255  0 0 1e-10 0
174 9.64207  0 0 1e-10 0
175 9.6916  0 0 1e-10 0
176 9.74112  0 0 1e-10 0
177 9.79065  0 0 1e-10 0
178 9.84017  0 0 1e-10 0
179 9.88969  0 0 1e-10 0
180 9.93922  0 0 1e-10 0
181 9.98874  0 0 1e-10 0
182 10.0383  0 0 1e-10 0
183 10.0878  0 0 1e-10 0
184 10.1373  0 0 1e-10 0
185 10.1868  0 0 1e-10 0
186 10.2364  0 0 1e-10 0
187 10.2859  0 0 1e-10 0
188 10.3354  0 0 1e-10 0
189 10.3849  0 0 1e-10 0
190 10.4345  0 0 1e-10 0
191 10.484  0 0 1e-10 0
192 10.5335  0 0 1e-10 0
193 10.583  0 0 1e-10 0
194 10.6326  0 0 1e-10 0
195 10.6821  0 0 1e-10 0
196 10.7316  0 0 1e-10 0
197 10.7811  0 0 1e-10 0
198 10.8307  0 0 1e-10 0
199 10.8802  0 0 1e-10 0
200 10.9297  0 0 1e-10 0
201 10.9792  0 0 1e-10 0
202 11.0288  0 0 1e-10 0
203 11.0783  0 0 1e-10 0
204 11.1278  0 0 1e-10 0
205 11.1773  0 0 1e-10 0
206 11.2269  0 0 1e-10 0
207 11.2764  0 0 1e-10 0
208 11.3259  0 0 1e-10 0
209 11.3754  0 0 1e-10 0
210 11.425  0 0 1e-10 0
211 11.4745  0 0 1e-10 0
212 11.524  0 0 1e-10 0
213 11.5735  0 0 1e-10 0
214 11.6231  0 0 1e-10 0
215 11.6726  0 0 1e-10 0
216 11.7221  0 0 1e-10 0
217 11.7716  0 0 1e-10 0
218 11.8212  0 0 1e-10 0
219 11.8707  0 0 1e-10 0
220 11.9202  0 0 1e-10 0
221 11.9697  0 0 1e-10 0
222 12.0193  0 0 1e-10 0
223 12.0688  0 0 1e-10 0
224 12.1183  0 0 1e-10 0
225 12.1678  0 0 1e-10 0
226 12.2174  0 0 1e-10 0
227 12.2669  0 0 1e-10 0
228 12.3164  0 0 1e-10 0
229 12.3659  0 0 1e-10 0
230 12.4155  0 0 1e-10 0
231 12.465  0 0 1e-10 0
232 12.5145  0 0 1e-10 0
233 12.564  0 0 1e-10 0
234 12.6136  0 0 1e-10 0
235 12.6631  0 0 1e-10 0
236 12.7126  0 0 1e-10 0
237 12.7621  0 0 1e-10 0
238 12.8117  0 0 1e-10 0
239 12.8612  0 0 1e-10 0
240 12.9107  0 0 1e-10 0
241 12.9602  0 0 1e-10 0
242 13.0098  0 0 1e-10 0
243 13.0593  0 0 1e-10 0
244 13.1088  0 0 1e-10 0
245 13.1583  0 0 1e-10 0
246 13.2079  0 0 1e-10 0
247 13.2574  0 0 1e-10 0
248 13.3069  0 0 1e-10 0
249 13.3564  0 0 1e-10 0
250 13.406  0 0 1e-10 0
251 13.4555  0 0 1e-10 0
252 13.505  0 0 1e-10 0
253 13.5545  0 0 1e-10 0
254 13.6041  0 0 1e-10 0
255 13.6536  0 0 1e-10 0
256 13.7031  0 0 1e-10 0
257 13.7526  0 0 1e-10 0
258 13.8022  0 0 1e-10 0
259 13.8517  0 0 1e-10 0
260 13.9012  0 0 1e-10 0
261 13.9507  0 0 1e-10 0
262 14.0003  0 0 1e-10 0
263 14.0498  0 0 1e-10 0
264 14.0993  0 0 1e-10 0
265 14.1488  0 0 1e-10 0
266 14.1983  0 0 1e-10 0
267 14.2479  0 0 1e-10 0
268 14.2974  0 0 1e-10 0
269 14.3469  0 0 1e-10 0
270 14.3964  0 0 1e-10 0
271 14.446  0 0 1e-10 0
272 14.4955  0 0 1e-10 0
273 14.545  0 0 1e-10 0
274 14.5945  0 0 1e-10 0
275 14.6441  0 0 1e-10 0
276 14.6936  0 0 1e-10 0
277 14.7431  0 0 1e-10 0
278 14.7926  0 0 1e-10 0
279 14.8422  0 0 1e-10 0
280 14.8917  0 0 1e-10 0
281 14.9412  0 0 1e-10 0
282 14.9907  0 0 1e-10 0
283 15.0403  0 0 1e-10 0
284 15.0898  0 0 1e-10 0
285 15.1393  0 0 1e-10 0
286 15.1888  0 0 1e-10 0
287 15.2384  0 0 1e-10 0
288 15.2879  0 0 1e-10 0
289 15.3374  0 0 1e-10 0
290 15.3869  0 0 1e-10 0
291 15.4365  0 0 1e-10 0
292 15.486  0 0 1e-10 0
293 15.5355  0 0 1e-10 0
294 15.585  0 0 1e-10 0
295 15.6346  0 0 1e-10 0
296 15.6841  0 0 1e-10 0
297 15.7336  0 0 1e-10 0
298 15.7831  0 0 1e-10 0
299 15.8327  0 0 1e-10 0
300 15.8822  0 0 1e-10 0
301 15.9317  0 0 1e-10 0
302 15.9812  0 0 1e-10 0
303 16.0308  0 0 1e-10 0
304 16.0803  0 0 1e-10 0
305 16.1298  0 0 1e-10 0
306 16.1793  0 0 1e-10 0
307 16.2289  0 0 1e-10 0
308 16.2784  0 0 1e-10 0
309 16.3279  0 0 1e-10 0
310 16.3774  0 0 1e-10 0
311 16.427  0 0 1e-10 0
312 16.4765  0 0 1e-10 0
313 16.526  0 0 1e-10 0
314 16.5755  0 0 1e-10 0
315 16.6251  0 0 1e-10 0
316 16.6746  0 0 1e-10 0
317 16.7241  0 0 1e-10 0
318 16.7736  0 0 1e-10 0
319 16.8232  0 0 1e-10 0
320 16.8727  0 0 1e-10 0
321 16.9222  0 0 1e-10 0
322 16.9717  0 0 1e-10 0
323 17.0213  0 0 1e-10 0
324 17.0708  0 0 1e-10 0
325 17.1203  0 0 1e-10 0
326 17.1698  0 0 1e-10 0
327 17.2194  0 0 1e-10 0
328 17.2689  0 0 1e-10 0
329 17.3184  0 0 1e-10 0
330 17.3679  0 0 1e-10 0
331 17.4175  0 0 1e-10 0
332 17.467  0 0 1e-10 0
333 17.5165  0 0 1e-10 0
334 17.566  0 0 1e-10 0
335 17.6156  0 0 1e-10 0
336 17.6651  0 0 1e-10 0
337 17.7146  0 0 1e-10 0
338 17.7641  0 0 1e-10 0
339 17.8137  0 0 1e-10 0
340 17.8632  0 0 1e-10 0
341 17.9127  0 0 1e-10 0
342 17.9622  0 0 1e-10 0
343 18.0118  0 0 1e-10 0
344 18.0613  0 0 1e-10 0
345 18.1108  0 0 1e-10 0
346 18.1603  0 0 1e-10 0
347 18.2099  0 0 1e-10 0
348 18.2594  0 0 1e-10 0
349 18.3089  0 0 1e-10 0
350 18.3584  0 0 1e-10 0
351 18.408  0 0 1e-10 0
352 18.4575  0 0 1e-10 0
353 18.507  0 0 1e-10 0
354 18.5565  0 0 1e-10 0
355 18.6061  0 0 1e-10 0
356 18.6556  0 0 1e-10 0
357 18.7051  0 0 1e-10 0
358 18.7546  0 0 1e-10 0
359 18.8042  0 0 1e-10 0
360 18.8537  0 0 1e-10 0
361 18.9032  0 0 1e-10 0
362 18.9527  0 0 1e-10 0
363 19.0023  0 0 1e-10 0
364 19.0518  0 0 1e-10 0
365 19.1013  0 0 1e-10 0
366 19.1508  0 0 1e-10 0
367 19.2004  0 0 1e-10 0
368 19.2499  0 0 1e-10 0
369 19.2994  0 0 1e-10 0
370 19.3489  0 0 1e-10 0
371 19.3984  0 0 1e-10 0
372 19.448  0 0 1e-10 0
373 19.4975  0 0 1e-10 0
374 19.547  0 0 1e-10 0
375 19.5965  0 0 1e-10 0
376 19.6461  0 0 1e-10 0
377 19.6956  0 0 1e-10 0
378 19.7451  0 0 1e-10 0
379 19.7946  0 0 1e-10 0
380 19.8442  0 0 1e-10 0
381 19.8937  0 0 1e-10 0
382 19.9432  0 0 1e-10 0
383 19.9927  0 0 1e-10 0
384 20.0423  0 0 1e-10 0
385 20.0918  0 0 1e-10 0
386 20.1413  0 0 1e-10 0
387 20.1908  0 0 1e-10 0
388 20.2404  0 0 1e-10 0
389 20.2899  0 0 1e-10 0
390 20.3394  0 0 1e-10 0
391 20.3889  0 0 1e-10 0
392 20.4385  0 0 1e-10 0
393 20.488  0 0 1e-10 0
394 20.5375  0 0 1e-10 0
395 20.587  0 0 1e-10 0
396 20.6366  0 0 1e-10 0
397 20.6861  0 0 1e-10 0
398 20.7356  0 0 1e-10 0
399 20.7851  0 0 1e-10 0
400 20.8347  0 0 1e-10 0
401 20.8842  0 0 1e-10 0
402 20.9337  0 0 1e-10 0
403 20.9832  0 0 1e-10 0
404 21.0328  0 0 1e-10 0
405 21.0823  0 0 1e-10 0
406 21.1318  0 0 1e-10 0
407 21.1813  0 0 1e-10 0
408 21.2309  0 0 1e-10 0
409 21.2804  0 0 1e-10 0
410 21.3299  0 0 1e-10 0
411 21.3794  0 0 1e-10 0
412 21.429  0 0 1e-10 0
413 21.4785  0 0 1e-10 0
414 21.528  0 0 1e-10 0
415 21.5775  0 0 1e-10 0
416 21.6271  0 0 1e-10 0
417 21.6766  0 0 1e-10 0
418 21.7261  0 0 1e-10 0
419 21.7756  0 0 1e-10 0
420 21.8252  0 0 1e-10 0
421 21.8747  0 0 1e-10 0
422 21.9242  0 0 1e-10 0
423 21.9737  0 0 1e-10 0
424 22.0233  0 0 1e-10 0
425 22.0728  0 0 1e-10 0
426 22.1223  0 0 1e-10 0
427 22.1718  0 0 1e-10 0
428 22.2214  0 0 1e-10 0
429 22.2709  0 0 1e-10 0
430 22.3204  0 0 1e-10 0
431 22.3699  0 0 1e-10 0
432 22.4195  0 0 1e-10 0
433 22.469  0 0 1e-10 0
434 22.5185  0 0 1e-10 0
435 22.568  0 0 1e-10 0
436 22.6176  0 0 1e-10 0
437 22.6671  0 0 1e-10 0
438 22.7166  0 0 1e-10 0
439 22.7661  0 0 1e-10 0
440 22.8157  0 0 1e-10 0
441 22.8652  0 0 1e-10 0
442 22.9147  0 0 1e-10 0
443 22.9642  0 0 1e-10 0
444 23.0138  0 0 1e-10 0
445 23.0633  0 0 1e-10 0
446 23.1128  0 0 1e-10 0
447 23.1623  0 0 1e-10 0
448 23.2119  0 0 1e-10 0
449 23.2614  0 0 1e-10 0
450 23.3109  0 0 1e-10 0
451 23.3604  0 0 1e-10 0
452 23.41  0 0 1e-10 0
453 23.4595  0 0 1e-10 0
454 23.509  0 0 1e-10 0
455 23.5585  0 0 1e-10 0
456 23.6081  0 0 1e-10 0
457 23.6576  0 0 1e-10 0
458 23.7071  0 0 1e-10 0
459 23.7566  0 0 1e-10 0
460 23.8062  0 0 1e-10 0
461 23.8557  0 0 1e-10 0
462 23.9052  0 0 1e-10 0
463 23.9547  0 0 1e-10 0
464 24.0043  0 0 1e-10 0
465 24.0538  0 0 1e-10 0
466 24.1033  0 0 1e-10 0
467 24.1528  0 0 1e-10 0
468 24.2024  0 0 1e-10 0
469 24.2519  0 0 1e-10 0
470 24.3014  0 0 1e-10 0
471 24.3509  0 0 1e-10 0
472 24.4005  0 0 1e-10 0
473 24.45  0 0 1e-10 0
474 24.4995  0 0 1e-10 0
475 24.549  0 0 1e-10 0
476 24.5985  0 0 1e-10 0
477 24.6481  0 0 1e-10 0
478 24.6976  0 0 1e-10 0
479 24.7471  0 0 1e-10 0
480 24.7966  0 0 1e-10 0
481 24.8462  0 0 1e-10 0
482 24.8957  0 0 1e-10 0
483 24.9452  0 0 1e-10 0
484 24.9947  0 0 1e-10 0
485 25.0443  0 0 1e-10 0
486 25.0938  0 0 1e-10 0
487 25.1433  0 0 1e-10 0
488 25.1928  0 0 1e-10 0
489 25.2424  0 0 1e-10 0
490 25.2919  0 0 1e-10 0
491 25.3414  0 0 1e-10 0
492 25.3909  0 0 1e-10 0
493 25.4405  0 0 1e-10 0
494 25.49  0 0 1e-10 0
495 25.5395  0 0 1e-10 0
496 25.589  0 0 1e-10 0
497 25.6386  0 0 1e-10 0
498 25.6881  0 0 1e-10 0
499 25.7376  0 0 1e-10 0
500 25.7871  0 0 1e-10 0
501 25.8367  0 0 1e-10 0
502 25.8862  0 0 1e-10 0
503 25.9357  0 0 1e-10 0
504 25.9852  0 0 1e-10 0
505 26.0348  0 0 1e-10 0
506 26.0843  0 0 1e-10 0
507 26.1338  0 0 1e-10 0
508 26.1833  0 0 1e-10 0
509 26.2329  0 0 1e-10 0
510 26.2824  0 0 1e-10 0
511 26.3319  0 0 1e-10 0
512 26.3814  0 0 1e-10 0
513 26.431  0 0 1e-10 0
514 26.4805  0 0 1e-10 0
515 26.53  0 0 1e-10 0
516 26.5795  0 0 1e-10 0
517 26.6291  0 0 1e-10 0
518 26.6786  0 0 1e-10 0
519 26.7281  0 0 1e-10 0
520 26.7776  0 0 1e-10 0
521 26.8272  0 0 1e-10 0
522 26.8767  0 0 1e-10 0
523 26.9262  0 0 1e-10 0
524 26.9757  0 0 1e-10 0
525 27.0253  0 0 1e-10 0
526 27.0748  0 0 1e-10 0
527 27.1243  0 0 1e-10 0
528 27.1738  0 0 1e-10 0
529 27.2234  0 0 1e-10 0
530 27.2729  0 0 1e-10 0
531 27.3224  0 0 1e-10 0
532 27.3719  0 0 1e-10 0
533 27.4215  0 0 1e-10 0
534 27.471  0 0 1e-10 0
535 27.5205  0 0 1e-10 0
536 27.57  0 0 1e-10 0
537 27.6196  0 0 1e-10 0
538 27.6691  0 0 1e-10 0
539 27.7186  0 0 1e-10 0
540 27.7681  0 0 1e-10 0
541 27.8177  0 0 1e-10 0
542 27.8672  0 0 1e-10 0
543 27.9167  0 0 1e-10 0
544 27.9662  0 0 1e-10 0
545 28.0158  0 0 1e-10 0
546 28.0653  0 0 1e-10 0
547 28.1148  0 0 1e-10 0
548 28.1643  0 0 1e-10 0
549 28.2139  0 0 1e-10 0
550 28.2634  0 0 1e-10 0
551 28.3129  0 0 1e-10 0
552 28.3624  0 0 1e-10 0
553 28.412  0 0 1e-10 0
554 28.4615  0 0 1e-10 0
555 28.511  0 0 1e-10 0
556 28.5605  0 0 1e-10 0
557 28.6101  0 0 1e-10 0
558 28.6596  0 0 1e-10 0
559 28.7091  0 0 1e-10 0
560 28.7586  0 0 1e-10 0
561 28.8082  0 0 1e-10 0
562 28.8577  0 0 1e-10 0
563 28.9072  0 0 1e-10 0
564 28.9567  0 0 1e-10 0
565 29.0063  0 0 1e-10 0
566 29.0558  0 0 1e-10 0
567 29.1053  0 0 1e-10 0
568 29.1548  0 0 1e-10 0
569 29.2044  0 0 1e-10 0
570 29.2539  0 0 1e-10 0
571 29.3034  0 0 1e-10 0
572 29.3529  0 0 1e-10 0
573 29.4025  0 0 1e-10 0
574 29.452  0 0 1e-10 0
575 29.5015  0 0 1e-10 0
576 29.551  0 0 1e-10 0
577 29.6006  0 0 1e-10 0
578 29.6501  0 0 1e-10 0
579 29.6996  0 0 1e-10 0
580 29.7491  0 0 1e-10 0
581 29.7986  0 0 1e-10 0
582 29.8482  0 0 1e-10 0
583 29.8977  0 0 1e-10 0
584 29.9472  0 0 1e-10 0
585 29.9967  0 0 1e-10 0
586 30.0463  0 0 1e-10 0
587 30.0958  0 0 1e-10 0
588 30.1453  0 0 1e-10 0
589 30.1948  0 0 1e-10 0
590 30.2444  0 0 1e-10 0
591 30.2939  0 0 1e-10 0
592 30.3434  0 0 1e-10 0
593 30.3929  0 0 1e-10 0
594 30.4425  0 0 1e-10 0
595 30.492  0 0 1e-10 0
596 30.5415  0 0 1e-10 0
597 30.591  0 0 1e-10 0
598 30.6406  0 0 1e-10 0
599 30.6901  0 0 1e-10 0
600 30.7396  0 0 1e-10 0
601 30.7891  0 0 1e-10 0
602 30.8387  0 0 1e-10 0
603 30.8882  0 0 1e-10 0
604 30.9377  0 0 1e-10 0
605 30.9872  0 0 1e-10 0
606 31.0368  0 0 1e-10 0
607 31.0863  0 0 1e-10 0
608 31.1358  0 0 1e-10 0
609 31.1853  0 0 1e-10 0
610 31.2349  0 0 1e-10 0
611 31.2844  0 0 1e-10 0
612 31.3339  0 0 1e-10 0
613 31.3834  0 0 1e-10 0
614 31.433  0 0 1e-10 0
615 31.4825  0 0 1e-10 0
616 31.532  0 0 1e-10 0
617 31.5815  0 0 1e-10 0
618 31.6311  0 0 1e-10 0
619 31.6806  0 0 1e-10 0
620 31.7301  0 0 1e-10 0
621 31.7796  0 0 1e-10 0
622 31.8292  0 0 1e-10 0
623 31.8787  0 0 1e-10 0
624 31.9282  0 0 1e-10 0
625 31.9777  0 0 1e-10 0
626 32.0273  0 0 1e-10 0
627 32.0768  0 0 1e-10 0
628 32.1263  0 0 1e-10 0
629 32.1758  0 0 1e-10 0
630 32.2254  0 0 1e-10 0
631 32.2749  0 0 1e-10 0
632 32.3244  0 0 1e-10 0
633 32.3739  0 0 1e-10 0
634 32.4235  0 0 1e-10 0
635 32.473  0 0 1e-10 0
636 32.5225  0 0 1e-10 0
637 32.572  0 0 1e-10 0
638 32.6216  0 0 1e-10 0
639 32.6711  0 0 1e-10 0
640 32.7206  0 0 1e-10 0
641 32.7701  0 0 1e-10 0
642 32.8197  0 0 1e-10 0
643 32.8692  0 0 1e-10 0
644 32.9187  0 0 1e-10 0
645 32.9682  0 0 1e-10 0
646 33.0178  0 0 1e-10 0
647 33.0673  0 0 1e-10 0
648 33.1168  0 0 1e-10 0
649 33.1663  0 0 1e-10 0
650 33.2159  0 0 1e-10 0
651 33.2654  0 0 1e-10 0
652 33.3149  0 0 1e-10 0
653 33.3644  0 0 1e-10 0
654 33.414  0 0 1e-10 0
655 33.4635  0 0 1e-10 0
656 33.513  0 0 1e-10 0
657 33.5625  0 0 1e-10 0
658 33.6121  0 0 1e-10 0
659 33.6616  0 0 1e-10 0
660 33.7111  0 0 1e-10 0
661 33.7606  0 0 1e-10 0
662 33.8102  0 0 1e-10 0
663 33.8597  0 0 1e-10 0
664 33.9092  0 0 1e-10 0
665 33.9587  0 0 1e-10 0
666 34.0083  0 0 1e-10 0
667 34.0578  0 0 1e-10 0
668 34.1073  0 0 1e-10 0
669 34.1568  0 0 1e-10 0
670 34.2064  0 0 1e-10 0
671 34.2559  0 0 1e-10 0
672 34.3054  0 0 1e-10 0
673 34.3549  0 0 1e-10 0
674 34.4045  0 0 1e-10 0
675 34.454  0 0 1e-10 0
676 34.5035  0 0 1e-10 0
677 34.553  0 0 1e-10 0
678 34.6026  0 0 1e-10 0
679 34.6521  0 0 1e-10 0
680 34.7016  0 0 1e-10 0
681 34.7511  0 0 1e-10 0
682 34.8007  0 0 1e-10 0
683 34.8502  0 0 1e-10 0
684 34.8997  0 0 1e-10 0
685 34.9492  0 0 1e-10 0
686 34.9987  0 0 1e-10 0
687 35.0483  0 0 1e-10 0
688 35.0978  0 0 1e-10 0
689 35.1473  0 0 1e-10 0
690 35.1968  0 0 1e-10 0
691 35.2464  0 0 1e-10 0
692 35.2959  0 0 1e-10 0
693 35.3454  0 0 1e-10 0
694 35.3949  0 0 1e-10 0
695 35.4445  0 0 1e-10 0
696 35.494  0 0 1e-10 0
697 35.5435  0 0 1e-10 0
698 35.593  0 0 1e-10 0
699 35.6426  0 0 1e-10 0
700 35.6921  0 0 1e-10 0
701 35.7416  0 0 1e-10 0
702 35.7911  0 0 1e-10 0
703 35.8407  0 0 1e-10 0
704 35.8902  0 0 1e-10 0
705 35.9397  0 0 1e-10 0
706 35.9892  0 0 1e-10 0
707 36.0388  0 0 1e-10 0
708 36.0883  0 0 1e-10 0
709 36.1378  0 0 1e-10 0
710 36.1873  0 0 1e-10 0
711 36.2369  0 0 1e-10 0
712 36.2864  0 0 1e-10 0
713 36.3359  0 0 1e-10 0
714 36.3854  0 0 1e-10 0
715 36.435  0 0 1e-10 0
716 36.4845  0 0 1e-10 0
717 36.534  0 0 1e-10 0
718 36.5835  0 0 1e-10 0
719 36.6331  0 0 1e-10 0
720 36.6826  0 0 1e-10 0
721 36.7321  0 0 1e-10 0
722 36.7816  0 0 1e-10 0
723 36.8312  0 0 1e-10 0
724 36.8807  0 0 1e-10 0
725 36.9302  0 0 1e-10 0
726 36.9797  0 0 1e-10 0
727 37.0293  0 0 1e-10 0
728 37.0788  0 0 1e-10 0
729 37.1283  0 0 1e-10 0
730 37.1778  0 0 1e-10 0
731 37.2274  0 0 1e-10 0
732 37.2769  0 0 1e-10 0
733 37.3264  0 0 1e-10 0
734 37.3759  0 0 1e-10 0
735 37.4255  0 0 1e-10 0
736 37.475  0 0 1e-10 0
737 37.5245  0 0 1e-10 0
738 37.574  0 0 1e-10 0
739 37.6236  0 0 1e-10 0
740 37.6731  0 0 1e-10 0
741 37.7226  0 0 1e-10 0
742 37.7721  0 0 1e-10 0
743 37.8217  0 0 1e-10 0
744 37.8712  0 0 1e-10 0
745 37.9207  0 0 1e-10 0
746 37.9702  0 0 1e-10 0
747 38.0198  0 0 1e-10 0
748 38.0693  0 0 1e-10 0
749 38.1188  0 0 1e-10 0
750 38.1683  0 0 1e-10 0
751 38.2179  0 0 1e-10 0
752 38.2674  0 0 1e-10 0
753 38.3169  0 0 1e-10 0
754 38.3664  0 0 1e-10 0
755 38.416  0 0 1e-10 0
756 38.4655  0 0 1e-10 0
757 38.515  0 0 1e-10 0
758 38.5645  0 0 1e-10 0
759 38.6141  0 0 1e-10 0
760 38.6636  0 0 1e-10 0
761 38.7131  0 0 1e-10 0
762 38.7626  0 0 1e-10 0
763 38.8122  0 0 1e-10 0
764 38.8617  0 0 1e-10 0
765 38.9112  0 0 1e-10 0
766 38.9607  0 0 1e-10 0
767 39.0103  0 0 1e-10 0
768 39.0598  0 0 1e-10 0
769 39.1093  0 0 1e-10 0
770 39.1588  0 0 1e-10 0
771 39.2084  0 0 1e-10 0
772 39.2579  0 0 1e-10 0
773 39.3074  0 0 1e-10 0
774 39.3569  0 0 1e-10 0
775 39.4065  0 0 1e-10 0
776 39.456  0 0 1e-10 0
777 39.5055  0 0 1e-10 0
778 39.555  0 0 1e-10 0
779 39.6046  0 0 1e-10 0
780 39.6541  0 0 1e-10 0
781 39.7036  0 0 1e-10 0
782 39.7531  0 0 1e-10 0
783 39.8027  0 0 1e-10 0
784 39.8522  0 0 1e-10 0
785 39.9017  0 0 1e-10 0
786 39.9512  0 0 1e-10 0
787 40.0008  0 0 1e-10 0
788 40.0503  0 0 1e-10 0
789 40.0998  0 0 1e-10 0
790 40.1493  0 0 1e-10 0
791 40.1988  0 0 1e-10 0
792 40.2484  0 0 1e-10 0
793 40.2979  0 0 1e-10 0
794 40.3474  0 0 1e-10 0
795 40.3969  0 0 1e-10 0
796 40.4465  0 0 1e-10 0
797 40.496  0 0 1e-10 0
798 40.5455  0 0 1e-10 0
799 40.595  0 0 1e-10 0
800 40.6446  0 0 1e-10 0
801 40.6941  0 0 1e-10 0
802 40.7436  0 0 1e-10 0
803 40.7931  0 0 1e-10 0
804 40.8427  0 0 1e-10 0
805 40.8922  0 0 1e-10 0
806 40.9417  0 0 1e-10 0
807 40.9912  0 0 1e-10 0
808 41.0408  0 0 1e-10 0
809 41.0903  0 0 1e-10 0
810 41.1398  0 0 1e-10 0
811 41.1893  0 0 1e-10 0
812 41.2389  0 0 1e-10 0
813 41.2884  0 0 1e-10 0
814 41.3379  0 0 1e-10 0
815 41.3874  0 0 1e-10 0
816 41.437  0 0 1e-10 0
817 41.4865  0 0 1e-10 0
818 41.536  0 0 1e-10 0
819 41.5855  0 0 1e-10 0
820 41.6351  0 0 1e-10 0
821 41.6846  0 0 1e-10 0
822 41.7341  0 0 1e-10 0
823 41.7836  0 0 1e-10 0
824 41.8332  0 0 1e-10 0
825 41.8827  0 0 1e-10 0
826 41.9322  0 0 1e-10 0
827 41.9817  0 0 1e-10 0
828 42.0313  0 0 1e-10 0
829 42.0808  0 0 1e-10 0
830 42.1303  0 0 1e-10 0
831 42.1798  0 0 1e-10 0
832 42.2294  0 0 1e-10 0
833 42.2789  0 0 1e-10 0
834 42.3284  0 0 1e-10 0
835 42.3779  0 0 1e-10 0
836 42.4275  0 0 1e-10 0
837 42.477  0 0 1e-10 0
838 42.5265  0 0 1e-10 0
839 42.576  0 0 1e-10 0
840 42.6256  0 0 1e-10 0
841 42.6751  0 0 1e-10 0
842 42.7246  0 0 1e-10 0
843 42.7741  0 0 1e-10 0
844 42.8237  0 0 1e-10 0
845 42.8732  0 0 1e-10 0
846 42.9227  0 0 1e-10 0
847 42.9722  0 0 1e-10 0
848 43.0218  0 0 1e-10 0
849 43.0713  0 0 1e-10 0
850 43.1208  0 0 1e-10 0
851 43.1703  0 0 1e-10 0
852 43.2199  0 0 1e-10 0
853 43.2694  0 0 1e-10 0
854 43.3189  0 0 1e-10 0
855 43.3684  0 0 1e-10 0
856 43.418  0 0 1e-10 0
857 43.4675  0 0 1e-10 0
858 43.517  0 0 1e-10 0
859 43.5665  0 0 1e-10 0
860 43.6161  0 0 1e-10 0
861 43.6656  0 0 1e-10 0
862 43.7151  0 0 1e-10 0
863 43.7646  0 0 1e-10 0
864 43.8142  0 0 1e-10 0
865 43.8637  0 0 1e-10 0
866 43.9132  0 0 1e-10 0
867 43.9627  0 0 1e-10 0
868 44.0123  0 0 1e-10 0
869 44.0618  0 0 1e-10 0
870 44.1113  0 0 1e-10 0
871 44.1608  0 0 1e-10 0
872 44.2104  0 0 1e-10 0
873 44.2599  0 0 1e-10 0
874 44.3094  0 0 1e-10 0
875 44.3589  0 0 1e-10 0
876 44.4085  0 0 1e-10 0
877 44.458  0 0 1e-10 0
878 44.5075  0 0 1e-10 0
879 44.557  0 0 1e-10 0
880 44.6066  0 0 1e-10 0
881 44.6561  0 0 1e-10 0
882 44.7056  0 0 1e-10 0
883 44.7551  0 0 1e-10 0
884 44.8047  0 0 1e-10 0
885 44.8542  0 0 1e-10 0
886 44.9037  0 0 1e-10 0
887 44.9532  0 0 1e-10 0
888 45.0028  0 0 1e-10 0
889 45.0523  0 0 1e-10 0
890 45.1018  0 0 1e-10 0
891 45.1513  0 0 1e-10 0
892 45.2009  0 0 1e-10 0
893 45.2504  0 0 1e-10 0
894 45.2999  0 0 1e-10 0
895 45.3494  0 0 1e-10 0
896 45.3989  0 0 1e-10 0
897 45.4485  0 0 1e-10 0
898 45.498  0 0 1e-10 0
899 45.5475  0 0 1e-10 0
900 45.597  0 0 1e-10 0
901 45.6466  0 0 1e-10 0
902 45.6961  0 0 1e-10 0
903 45.7456  0 0 1e-10 0
904 45.7951  0 0 1e-10 0
905 45.8447  0 0 1e-10 0
906 45.8942  0 0 1e-10 0
907 45.9437  0 0 1e-10 0
908 45.9932  0 0 1e-10 0
909 46.0428  0 0 1e-10 0
910 46.0923  0 0 1e-10 0
911 46.1418  0 0 1e-10 0
912 46.1913  0 0 1e-10 0
913 46.2409  0 0 1e-10 0
914 46.2904  0 0 1e-10 0
915 46.3399  0 0 1e-10 0
916 46.3894  0 0 1e-10 0
917 46.439  0 0 1e-10 0
918 46.4885  0 0 1e-10 0
919 46.538  0 0 1e-10 0
920 46.5875  0 0 1e-10 0
921 46.6371  0 0 1e-10 0
922 46.6866  0 0 1e-10 0
923 46.7361  0 0 1e-10 0
924 46.7856  0 0 1e-10 0
925 46.8352  0 0 1e-10 0
926 46.8847  0 0 1e-10 0
927 46.9342  0 0 1e-10 0
928 46.9837  0 0 1e-10 0
929 47.0333  0 0 1e-10 0
930 47.0828  0 0 1e-10 0
931 47.1323  0 0 1e-10 0
932 47.1818  0 0 1e-10 0
933 47.2314  0 0 1e-10 0
934 47.2809  0 0 1e-10 0
935 47.3304  0 0 1e-10 0
936 47.3799  0 0 1e-10 0
937 47.4295  0 0 1e-10 0
938 47.479  0 0 1e-10 0
939 47.5285  0 0 1e-10 0
940 47.578  0 0 1e-10 0
941 47.6276  0 0 1e-10 0
942 47.6771  0 0 1e-10 0
943 47.7266  0 0 1e-10 0
944 47.7761  0 0 1e-10 0
945 47.8257  0 0 1e-10 0
946 47.8752  0 0 1e-10 0
947 47.9247  0 0 1e-10 0
948 47.9742  0 0 1e-10 0
949 48.0238  0 0 1e-10 0
950 48.0733  0 0 1e-10 0
951 48.1228  0 0 1e-10 0
952 48.1723  0 0 1e-10 0
953 48.2219  0 0 1e-10 0
954 48.2714  0 0 1e-10 0
955 48.3209  0 0 1e-10 0
956 48.3704  0 0 1e-10 0
957 48.42  0 0 1e-10 0
958 48.4695  0 0 1e-10 0
959 48.519  0 0 1e-10 0
960 48.5685  0 0 1e-10 0
961 48.6181  0 0 1e-10 0
962 48.6676  0 0 1e-10 0
963 48.7171  0 0 1e-10 0
964 48.7666  0 0 1e-10 0
965 48.8162  0 0 1e-10 0
966 48.8657  0 0 1e-10 0
967 48.9152  0 0 1e-10 0
968 48.9647  0 0 1e-10 0
969 49.0143  0 0 1e-10 0
970 49.0638  0 0 1e-10 0
971 49.1133  0 0 1e-10 0
972 49.1628  0 0 1e-10 0
973 49.2124  0 0 1e-10 0
974 49.2619  0 0 1e-10 0
975 49.3114  0 0 1e-10 0
976 49.3609  0 0 1e-10 0
977 49.4105  0 0 1e-10 0
978 49.46  0 0 1e-10 0
979 49.5095  0 0 1e-10 0
980 49.559  0 0 1e-10 0
981 49.6086  0 0 1e-10 0
982 49.6581  0 0 1e-10 0
983 49.7076  0 0 1e-10 0
984 49.7571  0 0 1e-10 0
985 49.8067  0 0 1e-10 0
986 49.8562  0 0 1e-10 0
987 49.9057  0 0 1e-10 0
988 49.9552  0 0 1e-10 0
989 50.0048  0 0 1e-10 0
990 50.0543  0 0 1e-10 0
991 50.1038  0 0 1e-10 0
992 50.1533  0 0 1e-10 0
993 50.2029  0 0 1e-10 0
994 50.2524  0 0 1e-10 0
995 50.3019  0 0 1e-10 0
996 50.3514  0 0 1e-10 0
997 50.401  0 0 1e-10 0
998 50.4505  0 0 1e-10 0
999 50.5  0 0 1e-10 0
1000 50.5495  0 0 1e-10 0
1001 50.599  0 0 1e-10 0
1002 50.6486  0 0 1e-10 0
1003 50.6981  0 0 1e-10 0
1004 50.7476  0 0 1e-10 0
1005 50.7971  0 0 1e-10 0
1006 50.8467  0 0 1e-10 0
1007 50.8962  0 0 1e-10 0
1008 50.9457  0 0 1e-10 0
1009 50.9952  0 0 1e-10 0
1010 51.0448  0 0 1e-10 0
1011 51.0943  0 0 1e-10 0
1012 51.1438  0 0 1e-10 0
1013 51.1933  0 0 1e-10 0
1014 51.2429  0 0 1e-10 0
1015 51.2924  0 0 1e-10 0
1016 51.3419  0 0 1e-10 0
1017 51.3914  0 0 1e-10 0
1018 51.441  0 0 1e-10 0
1019 51.4905  0 0 1e-10 0
1020 51.54  0 0 1e-10 0
1021 51.5895  0 0 1e-10 0
1022 51.6391  0 0 1e-10 0
1023 51.6886  0 0 1e-10 0
1024 51.7381  0 0 1e-10 0
1025 51.7876  0 0 1e-10 0
1026 51.8372  0 0 1e-10 0
1027 51.8867  0 0 1e-10 0
1028 51.9362  0 0 1e-10 0
1029 51.9857  0 0 1e-10 0
1030 52.0353  0 0 1e-10 0
1031 52.0848  0 0 1e-10 0
1032 52.1343  0 0 1e-10 0
1033 52.1838  0 0 1e-10 0
1034 52.2334  0 0 1e-10 0
1035 52.2829  0 0 1e-10 0
1036 52.3324  0 0 1e-10 0
1037 52.3819  0 0 1e-10 0
1038 52.4315  0 0 1e-10 0
1039 52.481  0 0 1e-10 0
1040 52.5305  0 0 1e-10 0
1041 52.58  0 0 1e-10 0
1042 52.6296  0 0 1e-10 0
1043 52.6791  0 0 1e-10 0
1044 52.7286  0 0 1e-10 0
1045 52.7781  0 0 1e-10 0
1046 52.8277  0 0 1e-10 0
1047 52.8772  0 0 1e-10 0
1048 52.9267  0 0 1e-10 0
1049 52.9762  0 0 1e-10 0
1050 53.0258  0 0 1e-10 0
1051 53.0753  0 0 1e-10 0
1052 53.1248  0 0 1e-10 0
1053 53.1743  0 0 1e-10 0
1054 53.2239  0 0 1e-10 0
1055 53.2734  0 0 1e-10 0
1056 53.3229  0 0 1e-10 0
1057 53.3724  0 0 1e-10 0
1058 53.422  0 0 1e-10 0
1059 53.4715  0 0 1e-10 0
1060 53.521  0 0 1e-10 0
1061 53.5705  0 0 1e-10 0
1062 53.6201  0 0 1e-10 0
1063 53.6696  0 0 1e-10 0
1064 53.7191  0 0 1e-10 0
1065 53.7686  0 0 1e-10 0
1066 53.8182  0 0 1e-10 0
1067 53.8677  0 0 1e-10 0
1068 53.9172  0 0 1e-10 0
1069 53.9667  0 0 1e-10 0
1070 54.0163  0 0 1e-10 0
1071 54.0658  0 0 1e-10 0
1072 54.1153  0 0 1e-10 0
1073 54.1648  0 0 1e-10 0
1074 54.2144  0 0 1e-10 0
1075 54.2639  0 0 1e-10 0
1076 54.3134  0 0 1e-10 0
1077 54.3629  0 0 1e-10 0
1078 54.4125  0 0 1e-10 0
1079 54.462  0 0 1e-10 0
1080 54.5115  0 0 1e-10 0
1081 54.561  0 0 1e-10 0
1082 54.6106  0 0 1e-10 0
1083 54.6601  0 0 1e-10 0
1084 54.7096  0 0 1e-10 0
1085 54.7591  0 0 1e-10 0
1086 54.8087  0 0 1e-10 0
1087 54.8582  0 0 1e-10 0
1088 54.9077  0 0 1e-10 0
1089 54.9572  0 0 1e-10 0
1090 55.0068  0 0 1e-10 0
1091 55.0563  0 0 1e-10 0
1092 55.1058  0 0 1e-10 0
1093 55.1553  0 0 1e-10 0
1094 55.2049  0 0 1e-10 0
1095 55.2544  0 0 1e-10 0
1096 55.3039  0 0 1e-10 0
1097 55.3534  0 0 1e-10 0
1098 55.403  0 0 1e-10 0
1099 55.4525  0 0 1e-10 0
1100 55.502  0 0 1e-10 0
1101 55.5515  0 0 1e-10 0
1102 55.6011  0 0 1e-10 0
1103 55.6506  0 0 1e-10 0
1104 55.7001  0 0 1e-10 0
1105 55.7496  0 0 1e-10 0
1106 55.7991  0 0 1e-10 0
1107 55.8487  0 0 1e-10 0
1108 55.8982  0 0 1e-10 0
1109 55.9477  0 0 1e-10 0
1110 55.9972  0 0 1e-10 0
1111 56.0468  0 0 1e-10 0
1112 56.0963  0 0 1e-10 0
1113 56.1458  0 0 1e-10 0
1114 56.1953  0 0 1e-10 0
1115 56.2449  0 0 1e-10 0
1116 56.2944  0 0 1e-10 0
1117 56.3439  0 0 1e-10 0
1118 56.3934  0 0 1e-10 0
1119 56.443  0 0 1e-10 0
1120 56.4925  0 0 1e-10 0
1121 56.542  0 0 1e-10 0
1122 56.5915  0 0 1e-10 0
1123 56.6411  0 0 1e-10 0
1124 56.6906  0 0 1e-10 0
1125 56.7401  0 0 1e-10 0
1126 56.7896  0 0 1e-10 0
1127 56.8392  0 0 1e-10 0
1128 56.8887  0 0 1e-10 0
1129 56.9382  0 0 1e-10 0
1130 56.9877  0 0 1e-10 0
1131 57.0373  0 0 1e-10 0
1132 57.0868  0 0 1e-10 0
1133 57.1363  0 0 1e-10 0
1134 57.1858  0 0 1e-10 0
1135 57.2354  0 0 1e-10 0
1136 57.2849  0 0 1e-10 0
1137 57.3344  0 0 1e-10 0
1138 57.3839  0 0 1e-10 0
1139 57.4335  0 0 1e-10 0
1140 57.483  0 0 1e-10 0
1141 57.5325  0 0 1e-10 0
1142 57.582  0 0 1e-10 0
1143 57.6316  0 0 1e-10 0
1144 57.6811  0 0 1e-10 0
1145 57.7306  0 0 1e-10 0
1146 57.7801  0 0 1e-10 0
1147 57.8297  0 0 1e-10 0
1148 57.8792  0 0 1e-10 0
1149 57.9287  0 0 1e-10 0
1150 57.9782  0 0 1e-10 0
1151 58.0278  0 0 1e-10 0
1152 58.0773  0 0 1e-10 0
1153 58.1268  0 0 1e-10 0
1154 58.1763  0 0 1e-10 0
1155 58.2259  0 0 1e-10 0
1156 58.2754  0 0 1e-10 0
1157 58.3249  0 0 1e-10 0
1158 58.3744  0 0 1e-10 0
1159 58.424  0 0 1e-10 0
1160 58.4735  0 0 1e-10 0
1161 58.523  0 0 1e-10 0
1162 58.5725  0 0 1e-10 0
1163 58.6221  0 0 1e-10 0
1164 58.6716  0 0 1e-10 0
1165 58.7211  0 0 1e-10 0
1166 58.7706  0 0 1e-10 0
1167 58.8202  0 0 1e-10 0
1168 58.8697  0 0 1e-10 0
1169 58.9192  0 0 1e-10 0
1170 58.9687  0 0 1e-10 0
1171 59.0183  0 0 1e-10 0
1172 59.0678  0 0 1e-10 0
1173 59.1173  0 0 1e-10 0
1174 59.1668  0 0 1e-10 0
1175 59.2164  0 0 1e-10 0
1176 59.2659  0 0 1e-10 0
1177 59.3154  0 0 1e-10 0
1178 59.3649  0 0 1e-10 0
1179 59.4145  0 0 1e-10 0
1180 59.464  0 0 1e-10 0
1181 59.5135  0 0 1e-10 0
1182 59.563  0 0 1e-10 0
1183 59.6126  0 0 1e-10 0
1184 59.6621  0 0 1e-10 0
1185 59.7116  0 0 1e-10 0
1186 59.7611  0 0 1e-10 0
1187 59.8107  0 0 1e-10 0
1188 59.8602  0 0 1e-10 0
1189 59.9097  0 0 1e-10 0
1190 59.9592  0 0 1e-10 0
1191 60.0088  0 0 1e-10 0
1192 60.0583  0 0 1e-10 0
1193 60.1078  0 0 1e-10 0
1194 60.1573  0 0 1e-10 0
1195 60.2069  0 0 1e-10 0
1196 60.2564  0 0 1e-10 0
1197 60.3059  0 0 1e-10 0
1198 60.3554  0 0 1e-10 0
1199 60.405  0 0 1e-10 0
1200 60.4545  0 0 1e-10 0
1201 60.504  0 0 1e-10 0
1202 60.5535  0 0 1e-10 0
1203 60.6031  0 0 1e-10 0
1204 60.6526  0 0 1e-10 0
1205 60.7021  0 0 1e-10 0
1206 60.7516  0 0 1e-10 0
1207 60.8012  0 0 1e-10 0
1208 60.8507  0 0 1e-10 0
1209 60.9002  0 0 1e-10 0
1210 60.9497  0 0 1e-10 0
1211 60.9992  0 0 1e-10 0
1212 61.0488  0 0 1e-10 0
1213 61.0983  0 0 1e-10 0
1214 61.1478  0 0 1e-10 0
1215 61.1973  0 0 1e-10 0
1216 61.2469  0 0 1e-10 0
1217 61.2964  0 0 1e-10 0
1218 61.3459  0 0 1e-10 0
1219 61.3954  0 0 1e-10 0
1220 61.445  0 0 1e-10 0
1221 61.4945  0 0 1e-10 0
1222 61.544  0 0 1e-10 0
1223 61.5935  0 0 1e-10 0
1224 61.6431  0 0 1e-10 0
1225 61.6926  0 0 1e-10 0
1226 61.7421  0 0 1e-10 0
1227 61.7916  0 0 1e-10 0
1228 61.8412  0 0 1e-10 0
1229 61.8907  0 0 1e-10 0
1230 61.9402  0 0 1e-10 0
1231 61.9897  0 0 1e-10 0
1232 62.0393  0 0 1e-10 0
1233 62.0888  0 0 1e-10 0
1234 62.1383  0 0 1e-10 0
1235 62.1878  0 0 1e-10 0
1236 62.2374  0 0 1e-10 0
1237 62.2869  0 0 1e-10 0
1238 62.3364  0 0 1e-10 0
1239 62.3859  0 0 1e-10 0
1240 62.4355  0 0 1e-10 0
1241 62.485  0 0 1e-10 0
1242 62.5345  0 0 1e-10 0
1243 62.584  0 0 1e-10 0
1244 62.6336  0 0 1e-10 0
1245 62.6831  0 0 1e-10 0
1246 62.7326  0 0 1e-10 0
1247 62.7821  0 0 1e-10 0
1248 62.8317  0 0 1e-10 0
1249 62.8812  0 0 1e-10 0
1250 62.9307  0 0 1e-10 0
1251 62.9802  0 0 1e-10 0
1252 63.0298  0 0 1e-10 0
1253 63.0793  0 0 1e-10 0
1254 63.1288  0 0 1e-10 0
1255 63.1783  0 0 1e-10 0
1256 63.2279  0 0 1e-10 0
1257 63.2774  0 0 1e-10 0
1258 63.3269  0 0 1e-10 0
1259 63.3764  0 0 1e-10 0
1260 63.426  0 0 1e-10 0
1261 63.4755  0 0 1e-10 0
1262 63.525  0 0 1e-10 0
1263 63.5745  0 0 1e-10 0
1264 63.6241  0 0 1e-10 0
1265 63.6736  0 0 1e-10 0
1266 63.7231  0 0 1e-10 0
1267 63.7726  0 0 1e-10 0
1268 63.8222  0 0 1e-10 0
1269 63.8717  0 0 1e-10 0
1270 63.9212  0 0 1e-10 0
1271 63.9707  0 0 1e-10 0
1272 64.0203  0 0 1e-10 0
1273 64.0698  0 0 1e-10 0
1274 64.1193  0 0 1e-10 0
1275 64.1688  0 0 1e-10 0
1276 64.2184  0 0 1e-10 0
1277 64.2679  0 0 1e-10 0
1278 64.3174  0 0 1e-10 0
1279 64.3669  0 0 1e-10 0
1280 64.4165  0 0 1e-10 0
1281 64.466  0 0 1e-10 0
1282 64.5155  0 0 1e-10 0
1283 64.565  0 0 1e-10 0
1284 64.6146  0 0 1e-10 0
1285 64.6641  0 0 1e-10 0
1286 64.7136  0 0 1e-10 0
1287 64.7631  0 0 1e-10 0
1288 64.8127  0 0 1e-10 0
1289 64.8622  0 0 1e-10 0
1290 64.9117  0 0 1e-10 0
1291 64.9612  0 0 1e-10 0
1292 65.0108  0 0 1e-10 0
1293 65.0603  0 0 1e-10 0
1294 65.1098  0 0 1e-10 0
1295 65.1593  0 0 1e-10 0
1296 65.2089  0 0 1e-10 0
1297 65.2584  0 0 1e-10 0
1298 65.3079  0 0 1e-10 0
1299 65.3574  0 0 1e-10 0
1300 65.407  0 0 1e-10 0
1301 65.4565  0 0 1e-10 0
1302 65.506  0 0 1e-10 0
1303 65.5555  0 0 1e-10 0
1304 65.6051  0 0 1e-10 0
1305 65.6546  0 0 1e-10 0
1306 65.7041  0 0 1e-10 0
1307 65.7536  0 0 1e-10 0
1308 65.8032  0 0 1e-10 0
1309 65.8527  0 0 1e-10 0
1310 65.9022  0 0 1e-10 0
1311 65.9517  0 0 1e-10 0
1312 66.0013  0 0 1e-10 0
1313 66.0508  0 0 1e-10 0
1314 66.1003  0 0 1e-10 0
1315 66.1498  0 0 1e-10 0
1316 66.1993  0 0 1e-10 0
1317 66.2489  0 0 1e-10 0
1318 66.2984  0 0 1e-10 0
1319 66.3479  0 0 1e-10 0
1320 66.3974  0 0 1e-10 0
1321 66.447  0 0 1e-10 0
1322 66.4965  0 0 1e-10 0
1323 66.546  0 0 1e-10 0
1324 66.5955  0 0 1e-10 0
1325 66.6451  0 0 1e-10 0
1326 66.6946  0 0 1e-10 0
1327 66.7441  0 0 1e-10 0
1328 66.7936  0 0 1e-10 0
1329 66.8432  0 0 1e-10 0
1330 66.8927  0 0 1e-10 0
1331 66.9422  0 0 1e-10 0
1332 66.9917  0 0 1e-10 0
1333 67.0413  0 0 1e-10 0
1334 67.0908  0 0 1e-10 0
1335 67.1403  0 0 1e-10 0
1336 67.1898  0 0 1e-10 0
1337 67.2394  0 0 1e-10 0
1338 67.2889  0 0 1e-10 0
1339 67.3384  0 0 1e-10 0
1340 67.3879  0 0 1e-10 0
1341 67.4375  0 0 1e-10 0
1342 67.487  0 0 1e-10 0
1343 67.5365  0 0 1e-10 0
1344 67.586  0 0 1e-10 0
1345 67.6356  0 0 1e-10 0
1346 67.6851  0 0 1e-10 0
1347 67.7346  0 0 1e-10 0
1348 67.7841  0 0 1e-10 0
1349 67.8337  0 0 1e-10 0
1350 67.8832  0 0 1e-10 0
1351 67.9327  0 0 1e-10 0
1352 67.9822  0 0 1e-10 0
1353 68.0318  0 0 1e-10 0
1354 68.0813  0 0 1e-10 0
1355 68.1308  0 0 1e-10 0
1356 68.1803  0 0 1e-10 0
1357 68.2299  0 0 1e-10 0
1358 68.2794  0 0 1e-10 0
1359 68.3289  0 0 1e-10 0
1360 68.3784  0 0 1e-10 0
1361 68.428  0 0 1e-10 0
1362 68.4775  0 0 1e-10 0
1363 68.527  0 0 1e-10 0
1364 68.5765  0 0 1e-10 0
1365 68.6261  0 0 1e-10 0
1366 68.6756  0 0 1e-10 0
1367 68.7251  0 0 1e-10 0
1368 68.7746  0 0 1e-10 0
1369 68.8242  0 0 1e-10 0
1370 68.8737  0 0 1e-10 0
1371 68.9232  0 0 1e-10 0
1372 68.9727  0 0 1e-10 0
1373 69.0223  0 0 1e-10 0
1374 69.0718  0 0 1e-10 0
1375 69.1213  0 0 1e-10 0
1376 69.1708  0 0 1e-10 0
1377 69.2204  0 0 1e-10 0
1378 69.2699  0 0 1e-10 0
1379 69.3194  0 0 1e-10 0
1380 69.3689  0 0 1e-10 0
1381 69.4185  0 0 1e-10 0
1382 69.468  0 0 1e-10 0
1383 69.5175  0 0 1e-10 0
1384 69.567  0 0 1e-10 0
1385 69.6166  0 0 1e-10 0
1386 69.6661  0 0 1e-10 0
1387 69.7156  0 0 1e-10 0
1388 69.7651  0 0 1e-10 0
1389 69.8147  0 0 1e-10 0
1390 69.8642  0 0 1e-10 0
1391 69.9137  0 0 1e-10 0
1392 69.9632  0 0 1e-10 0
1393 70.0128  0 0 1e-10 0
1394 70.0623  0 0 1e-10 0
1395 70.1118  0 0 1e-10 0
1396 70.1613  0 0 1e-10 0
1397 70.2109  0 0 1e-10 0
1398 70.2604  0 0 1e-10 0
1399 70.3099  0 0 1e-10 0
1400 70.3594  0 0 1e-10 0
1401 70.409  0 0 1e-10 0
1402 70.4585  0 0 1e-10 0
1403 70.508  0 0 1e-10 0
1404 70.5575  0 0 1e-10 0
1405 70.6071  0 0 1e-10 0
1406 70.6566  0 0 1e-10 0
1407 70.7061  0 0 1e-10 0
1408 70.7556  0 0 1e-10 0
1409 70.8052  0 0 1e-10 0
1410 70.8547  0 0 1e-10 0
1411 70.9042  0 0 1e-10 0
1412 70.9537  0 0 1e-10 0
1413 71.0033  0 0 1e-10 0
1414 71.0528  0 0 1e-10 0
1415 71.1023  0 0 1e-10 0
1416 71.1518  0 0 1e-10 0
1417 71.2014  0 0 1e-10 0
1418 71.2509  0 0 1e-10 0
1419 71.3004  0 0 1e-10 0
1420 71.3499  0 0 1e-10 0
1421 71.3994  0 0 1e-10 0
1422 71.449  0 0 1e-10 0
1423 71.4985  0 0 1e-10 0
1424 71.548  0 0 1e-10 0
1425 71.5975  0 0 1e-10 0
1426 71.6471  0 0 1e-10 0
1427 71.6966  0 0 1e-10 0
1428 71.7461  0 0 1e-10 0
1429 71.7956  0 0 1e-10 0
1430 71.8452  0 0 1e-10 0
1431 71.8947  0 0 1e-10 0
1432 71.9442  0 0 1e-10 0
1433 71.9937  0 0 1e-10 0
1434 72.0433  0 0 1e-10 0
1435 72.0928  0 0 1e-10 0
1436 72.1423  0 0 1e-10 0
1437 72.1918  0 0 1e-10 0
1438 72.2414  0 0 1e-10 0
1439 72.2909  0 0 1e-10 0
1440 72.3404  0 0 1e-10 0
1441 72.3899  0 0 1e-10 0
1442 72.4395  0 0 1e-10 0
1443 72.489  0 0 1e-10 0
1444 72.5385  0 0 1e-10 0
1445 72.588  0 0 1e-10 0
1446 72.6376  0 0 1e-10 0
1447 72.6871  0 0 1e-10 0
1448 72.7366  0 0 1e-10 0
1449 72.7861  0 0 1e-10 0
1450 72.8357  0 0 1e-10 0
1451 72.8852  0 0 1e-10 0
1452 72.9347  0 0 1e-10 0
1453 72.9842  0 0 1e-10 0
1454 73.0338  0 0 1e-10 0
1455 73.0833  0 0 1e-10 0
1456 73.1328  0 0 1e-10 0
1457 73.1823  0 0 1e-10 0
1458 73.2319  0 0 1e-10 0
1459 73.2814  0 0 1e-10 0
1460 73.3309  0 0 1e-10 0
1461 73.3804  0 0 1e-10 0
1462 73.43  0 0 1e-10 0
1463 73.4795  0 0 1e-10 0
1464 73.529  0 0 1e-10 0
1465 73.5785  0 0 1e-10 0
1466 73.6281  0 0 1e-10 0
1467 73.6776  0 0 1e-10 0
1468 73.7271  0 0 1e-10 0
1469 73.7766  0 0 1e-10 0
1470 73.8262  0 0 1e-10 0
1471 73.8757  0 0 1e-10 0
1472 73.9252  0 0 1e-10 0
1473 73.9747  0 0 1e-10 0
1474 74.0243  0 0 1e-10 0
1475 74.0738  0 0 1e-10 0
1476 74.1233  0 0 1e-10 0
1477 74.1728  0 0 1e-10 0
1478 74.2224  0 0 1e-10 0
1479 74.2719  0 0 1e-10 0
1480 74.3214  0 0 1e-10 0
1481 74.3709  0 0 1e-10 0
1482 74.4205  0 0 1e-10 0
1483 74.47  0 0 1e-10 0
1484 74.5195  0 0 1e-10 0
1485 74.569  0 0 1e-10 0
1486 74.6186  0 0 1e-10 0
1487 74.6681  0 0 1e-10 0
1488 74.7176  0 0 1e-10 0
1489 74.7671  0 0 1e-10 0
1490 74.8167  0 0 1e-10 0
1491 74.8662  0 0 1e-10 0
1492 74.9157  0 0 1e-10 0
1493 74.9652  0 0 1e-10 0
1494 75.0148  0 0 1e-10 0
1495 75.0643  0 0 1e-10 0
1496 75.1138  0 0 1e-10 0
1497 75.1633  0 0 1e-10 0
1498 75.2129  0 0 1e-10 0
1499 75.2624  0 0 1e-10 0
1500 75.3119  0 0 1e-10 0
1501 75.3614  0 0 1e-10 0
1502 75.411  0 0 1e-10 0
1503 75.4605  0 0 1e-10 0
1504 75.51  0 0 1e-10 0
1505 75.5595  0 0 1e-10 0
1506 75.6091  0 0 1e-10 0
1507 75.6586  0 0 1e-10 0
1508 75.7081  0 0 1e-10 0
1509 75.7576  0 0 1e-10 0
1510 75.8072  0 0 1e-10 0
1511 75.8567  0 0 1e-10 0
1512 75.9062  0 0 1e-10 0
1513 75.9557  0 0 1e-10 0
1514 76.0053  0 0 1e-10 0
1515 76.0548  0 0 1e-10 0
1516 76.1043  0 0 1e-10 0
1517 76.1538  0 0 1e-10 0
1518 76.2034  0 0 1e-10 0
1519 76.2529  0 0 1e-10 0
1520 76.3024  0 0 1e-10 0
1521 76.3519  0 0 1e-10 0
1522 76.4015  0 0 1e-10 0
1523 76.451  0 0 1e-10 0
1524 76.5005  0 0 1e-10 0
1525 76.55  0 0 1e-10 0
1526 76.5995  0 0 1e-10 0
1527 76.6491  0 0 1e-10 0
1528 76.6986  0 0 1e-10 0
1529 76.7481  0 0 1e-10 0
1530 76.7976  0 0 1e-10 0
1531 76.8472  0 0 1e-10 0
1532 76.8967  0 0 1e-10 0
1533 76.9462  0 0 1e-10 0
1534 76.9957  0 0 1e-10 0
1535 77.0453  0 0 1e-10 0
1536 77.0948  0 0 1e-10 0
1537 77.1443  0 0 1e-10 0
1538 77.1938  0 0 1e-10 0
1539 77.2434  0 0 1e-10 0
1540 77.2929  0 0 1e-10 0
1541 77.3424  0 0 1e-10 0
1542 77.3919  0 0 1e-10 0
1543 77.4415  0 0 1e-10 0
1544 77.491  0 0 1e-10 0
1545 77.5405  0 0 1e-10 0
1546 77.59  0 0 1e-10 0
1547 77.6396  0 0 1e-10 0
1548 77.6891  0 0 1e-10 0
1549 77.7386  0 0 1e-10 0
1550 77.7881  0 0 1e-10 0
1551 77.8377  0 0 1e-10 0
1552 77.8872  0 0 1e-10 0
1553 77.9367  0 0 1e-10 0
1554 77.9862  0 0 1e-10 0
1555 78.0358  0 0 1e-10 0
1556 78.0853  0 0 1e-10 0
1557 78.1348  0 0 1e-10 0
1558 78.1843  0 0 1e-10 0
1559 78.2339  0 0 1e-10 0
1560 78.2834  0 0 1e-10 0
1561 78.3329  0 0 1e-10 0
1562 78.3824  0 0 1e-10 0
1563 78.432  0 0 1e-10 0
1564 78.4815  0 0 1e-10 0
1565 78.531  0 0 1e-10 0
1566 78.5805  0 0 1e-10 0
1567 78.6301  0 0 1e-10 0
1568 78.6796  0 0 1e-10 0
1569 78.7291  0 0 1e-10 0
1570 78.7786  0 0 1e-10 0
1571 78.8282  0 0 1e-10 0
1572 78.8777  0 0 1e-10 0
1573 78.9272  0 0 1e-10 0
1574 78.9767  0 0 1e-10 0
1575 79.0263  0 0 1e-10 0
1576 79.0758  0 0 1e-10 0
1577 79.1253  0 0 1e-10 0
1578 79.1748  0 0 1e-10 0
1579 79.2244  0 0 1e-10 0
1580 79.2739  0 0 1e-10 0
1581 79.3234  0 0 1e-10 0
1582 79.3729  0 0 1e-10 0
1583 79.4225  0 0 1e-10 0
1584 79.472  0 0 1e-10 0
1585 79.5215  0 0 1e-10 0
1586 79.571  0 0 1e-10 0
1587 79.6206  0 0 1e-10 0
1588 79.6701  0 0 1e-10 0
1589 79.7196  0 0 1e-10 0
1590 79.7691  0 0 1e-10 0
1591 79.8187  0 0 1e-10 0
1592 79.8682  0 0 1e-10 0
1593 79.9177  0 0 1e-10 0
1594 79.9672  0 0 1e-10 0
1595 80.0168  0 0 1e-10 0
1596 80.0663  0 0 1e-10 0
1597 80.1158  0 0 1e-10 0
1598 80.1653  0 0 1e-10 0
1599 80.2149  0 0 1e-10 0
1600 80.2644  0 0 1e-10 0
1601 80.3139  0 0 1e-10 0
1602 80.3634  0 0 1e-10 0
1603 80.413  0 0 1e-10 0
1604 80.4625  0 0 1e-10 0
1605 80.512  0 0 1e-10 0
1606 80.5615  0 0 1e-10 0
1607 80.6111  0 0 1e-10 0
1608 80.6606  0 0 1e-10 0
1609 80.7101  0 0 1e-10 0
1610 80.7596  0 0 1e-10 0
1611 80.8092  0 0 1e-10 0
1612 80.8587  0 0 1e-10 0
1613 80.9082  0 0 1e-10 0
1614 80.9577  0 0 1e-10 0
1615 81.0073  0 0 1e-10 0
1616 81.0568  0 0 1e-10 0
1617 81.1063  0 0 1e-10 0
1618 81.1558  0 0 1e-10 0
1619 81.2054  0 0 1e-10 0
1620 81.2549  0 0 1e-10 0
1621 81.3044  0 0 1e-10 0
1622 81.3539  0 0 1e-10 0
1623 81.4035  0 0 1e-10 0
1624 81.453  0 0 1e-10 0
1625 81.5025  0 0 1e-10 0
1626 81.552  0 0 1e-10 0
1627 81.6016  0 0 1e-10 0
1628 81.6511  0 0 1e-10 0
1629 81.7006  0 0 1e-10 0
1630 81.7501  0 0 1e-10 0
1631 81.7996  0 0 1e-10 0
1632 81.8492  0 0 1e-10 0
1633 81.8987  0 0 1e-10 0
1634 81.9482  0 0 1e-10 0
1635 81.9977  0 0 1e-10 0
1636 82.0473  0 0 1e-10 0
1637 82.0968  0 0 1e-10 0
1638 82.1463  0 0 1e-10 0
1639 82.1958  0 0 1e-10 0
1640 82.2454  0 0 1e-10 0
1641 82.2949  0 0 1e-10 0
1642 82.3444  0 0 1e-10 0
1643 82.3939  0 0 1e-10 0
1644 82.4435  0 0 1e-10 0
1645 82.493  0 0 1e-10 0
1646 82.5425  0 0 1e-10 0
1647 82.592  0 0 1e-10 0
1648 82.6416  0 0 1e-10 0
1649 82.6911  0 0 1e-10 0
1650 82.7406  0 0 1e-10 0
1651 82.7901  0 0 1e-10 0
1652 82.8397  0 0 1e-10 0
1653 82.8892  0 0 1e-10 0
1654 82.9387  0 0 1e-10 0
1655 82.9882  0 0 1e-10 0
1656 83.0378  0 0 1e-10 0
1657 83.0873  0 0 1e-10 0
1658 83.1368  0 0 1e-10 0
1659 83.1863  0 0 1e-10 0
1660 83.2359  0 0 1e-10 0
1661 83.2854  0 0 1e-10 0
1662 83.3349  0 0 1e-10 0
1663 83.3844  0 0 1e-10 0
1664 83.434  0 0 1e-10 0
1665 83.4835  0 0 1e-10 0
1666 83.533  0 0 1e-10 0
1667 83.5825  0 0 1e-10 0
1668 83.6321  0 0 1e-10 0
1669 83.6816  0 0 1e-10 0
1670 83.7311  0 0 1e-10 0
1671 83.7806  0 0 1e-10 0
1672 83.8302  0 0 1e-10 0
1673 83.8797  0 0 1e-10 0
1674 83.9292  0 0 1e-10 0
1675 83.9787  0 0 1e-10 0
1676 84.0283  0 0 1e-10 0
1677 84.0778  0 0 1e-10 0
1678 84.1273  0 0 1e-10 0
1679 84.1768  0 0 1e-10 0
1680 84.2264  0 0 1e-10 0
1681 84.2759  0 0 1e-10 0
1682 84.3254  0 0 1e-10 0
1683 84.3749  0 0 1e-10 0
1684 84.4245  0 0 1e-10 0
1685 84.474  0 0 1e-10 0
1686 84.5235  0 0 1e-10 0
1687 84.573  0 0 1e-10 0
1688 84.6226  0 0 1e-10 0
1689 84.6721  0 0 1e-10 0
1690 84.7216  0 0 1e-10 0
1691 84.7711  0 0 1e-10 0
1692 84.8207  0 0 1e-10 0
1693 84.8702  0 0 1e-10 0
1694 84.9197  0 0 1e-10 0
1695 84.9692  0 0 1e-10 0
1696 85.0188  0 0 1e-10 0
1697 85.0683  0 0 1e-10 0
1698 85.1178  0 0 1e-10 0
1699 85.1673  0 0 1e-10 0
1700 85.2169  0 0 1e-10 0
1701 85.2664  0 0 1e-10 0
1702 85.3159  0 0 1e-10 0
1703 85.3654  0 0 1e-10 0
1704 85.415  0 0 1e-10 0
1705 85.4645  0 0 1e-10 0
1706 85.514  0 0 1e-10 0
1707 85.5635  0 0 1e-10 0
1708 85.6131  0 0 1e-10 0
1709 85.6626  0 0 1e-10 0
1710 85.7121  0 0 1e-10 0
1711 85.7616  0 0 1e-10 0
1712 85.8112  0 0 1e-10 0
1713 85.8607  0 0 1e-10 0
1714 85.9102  0 0 1e-10 0
1715 85.9597  0 0 1e-10 0
1716 86.0093  0 0 1e-10 0
1717 86.0588  0 0 1e-10 0
1718 86.1083  0 0 1e-10 0
1719 86.1578  0 0 1e-10 0
1720 86.2074  0 0 1e-10 0
1721 86.2569  0 0 1e-10 0
1722 86.3064  0 0 1e-10 0
1723 86.3559  0 0 1e-10 0
1724 86.4055  0 0 1e-10 0
1725 86.455  0 0 1e-10 0
1726 86.5045  0 0 1e-10 0
1727 86.554  0 0 1e-10 0
1728 86.6036  0 0 1e-10 0
1729 86.6531  0 0 1e-10 0
1730 86.7026  0 0 1e-10 0
1731 86.7521  0 0 1e-10 0
1732 86.8017  0 0 1e-10 0
1733 86.8512  0 0 1e-10 0
1734 86.9007  0 0 1e-10 0
1735 86.9502  0 0 1e-10 0
1736 86.9997  0 0 1e-10 0
1737 87.0493  0 0 1e-10 0
1738 87.0988  0 0 1e-10 0
1739 87.1483  0 0 1e-10 0
1740 87.1978  0 0 1e-10 0
1741 87.2474  0 0 1e-10 0
1742 87.2969  0 0 1e-10 0
1743 87.3464  0 0 1e-10 0
1744 87.3959  0 0 1e-10 0
1745 87.4455  0 0 1e-10 0
1746 87.495  0 0 1e-10 0
1747 87.5445  0 0 1e-10 0
1748 87.594  0 0 1e-10 0
1749 87.6436  0 0 1e-10 0
1750 87.6931  0 0 1e-10 0
1751 87.7426  0 0 1e-10 0
1752 87.7921  0 0 1e-10 0
1753 87.8417  0 0 1e-10 0
1754 87.8912  0 0 1e-10 0
1755 87.9407  0 0 1e-10 0
1756 87.9902  0 0 1e-10 0
1757 88.0398  0 0 1e-10 0
1758 88.0893  0 0 1e-10 0
1759 88.1388  0 0 1e-10 0
1760 88.1883  0 0 1e-10 0
1761 88.2379  0 0 1e-10 0
1762 88.2874  0 0 1e-10 0
1763 88.3369  0 0 1e-10 0
1764 88.3864  0 0 1e-10 0
1765 88.436  0 0 1e-10 0
1766 88.4855  0 0 1e-10 0
1767 88.535  0 0 1e-10 0
1768 88.5845  0 0 1e-10 0
1769 88.6341  0 0 1e-10 0
1770 88.6836  0 0 1e-10 0
1771 88.7331  0 0 1e-10 0
1772 88.7826  0 0 1e-10 0
1773 88.8322  0 0 1e-10 0
1774 88.8817  0 0 1e-10 0
1775 88.9312  0 0 1e-10 0
1776 88.9807  0 0 1e-10 0
1777 89.0303  0 0 1e-10 0
1778 89.0798  0 0 1e-10 0
1779 89.1293  0 0 1e-10 0
1780 89.1788  0 0 1e-10 0
1781 89.2284  0 0 1e-10 0
1782 89.2779  0 0 1e-10 0
1783 89.3274  0 0 1e-10 0
1784 89.3769  0 0 1e-10 0
1785 89.4265  0 0 1e-10 0
1786 89.476  0 0 1e-10 0
1787 89.5255  0 0 1e-10 0
1788 89.575  0 0 1e-10 0
1789 89.6246  0 0 1e-10 0
1790 89.6741  0 0 1e-10 0
1791 89.7236  0 0 1e-10 0
1792 89.7731  0 0 1e-10 0
1793 89.8227  0 0 1e-10 0
1794 89.8722  0 0 1e-10 0
1795 89.9217  0 0 1e-10 0
1796 89.9712  0 0 1e-10 0
1797 90.0208  0 0 1e-10 0
1798 90.0703  0 0 1e-10 0
1799 90.1198  0 0 1e-10 0
1800 90.1693  0 0 1e-10 0
1801 90.2189  0 0 1e-10 0
1802 90.2684  0 0 1e-10 0
1803 90.3179  0 0 1e-10 0
1804 90.3674  0 0 1e-10 0
1805 90.417  0 0 1e-10 0
1806 90.4665  0 0 1e-10 0
1807 90.516  0 0 1e-10 0
1808 90.5655  0 0 1e-10 0
1809 90.6151  0 0 1e-10 0
1810 90.6646  0 0 1e-10 0
1811 90.7141  0 0 1e-10 0
1812 90.7636  0 0 1e-10 0
1813 90.8132  0 0 1e-10 0
1814 90.8627  0 0 1e-10 0
1815 90.9122  0 0 1e-10 0
1816 90.9617  0 0 1e-10 0
1817 91.0113  0 0 1e-10 0
1818 91.0608  0 0 1e-10 0
1819 91.1103  0 0 1e-10 0
1820 91.1598  0 0 1e-10 0
1821 91.2094  0 0 1e-10 0
1822 91.2589  0 0 1e-10 0
1823 91.3084  0 0 1e-10 0
1824 91.3579  0 0 1e-10 0
1825 91.4075  0 0 1e-10 0
1826 91.457  0 0 1e-10 0
1827 91.5065  0 0 1e-10 0
1828 91.556  0 0 1e-10 0
1829 91.6056  0 0 1e-10 0
1830 91.6551  0 0 1e-10 0
1831 91.7046  0 0 1e-10 0
1832 91.7541  0 0 1e-10 0
1833 91.8037  0 0 1e-10 0
1834 91.8532  0 0 1e-10 0
1835 91.9027  0 0 1e-10 0
1836 91.9522  0 0 1e-10 0
1837 92.0018  0 0 1e-10 0
1838 92.0513  0 0 1e-10 0
1839 92.1008  0 0 1e-10 0
1840 92.1503  0 0 1e-10 0
1841 92.1998  0 0 1e-10 0
1842 92.2494  0 0 1e-10 0
1843 92.2989  0 0 1e-10 0
1844 92.3484  0 0 1e-10 0
1845 92.3979  0 0 1e-10 0
1846 92.4475  0 0 1e-10 0
1847 92.497  0 0 1e-10 0
1848 92.5465  0 0 1e-10 0
1849 92.596  0 0 1e-10 0
1850 92.6456  0 0 1e-10 0
1851 92.6951  0 0 1e-10 0
1852 92.7446  0 0 1e-10 0
1853 92.7941  0 0 1e-10 0
1854 92.8437  0 0 1e-10 0
1855 92.8932  0 0 1e-10 0
1856 92.9427  0 0 1e-10 0
1857 92.9922  0 0 1e-10 0
1858 93.0418  0 0 1e-10 0
1859 93.0913  0 0 1e-10 0
1860 93.1408  0 0 1e-10 0
1861 93.1903  0 0 1e-10 0
1862 93.2399  0 0 1e-10 0
1863 93.2894  0 0 1e-10 0
1864 93.3389  0 0 1e-10 0
1865 93.3884  0 0 1e-10 0
1866 93.438  0 0 1e-10 0
1867 93.4875  0 0 1e-10 0
1868 93.537  0 0 1e-10 0
1869 93.5865  0 0 1e-10 0
1870 93.6361  0 0 1e-10 0
1871 93.6856  0 0 1e-10 0
1872 93.7351  0 0 1e-10 0
1873 93.7846  0 0 1e-10 0
1874 93.8342  0 0 1e-10 0
1875 93.8837  0 0 1e-10 0
1876 93.9332  0 0 1e-10 0
1877 93.9827  0 0 1e-10 0
1878 94.0323  0 0 1e-10 0
1879 94.0818  0 0 1e-10 0
1880 94.1313  0 0 1e-10 0
1881 94.1808  0 0 1e-10 0
1882 94.2304  0 0 1e-10 0
1883 94.2799  0 0 1e-10 0
1884 94.3294  0 0 1e-10 0
1885 94.3789  0 0 1e-10 0
1886 94.4285  0 0 1e-10 0
1887 94.478  0 0 1e-10 0
1888 94.5275  0 0 1e-10 0
1889 94.577  0 0 1e-10 0
1890 94.6266  0 0 1e-10 0
1891 94.6761  0 0 1e-10 0
1892 94.7256  0 0 1e-10 0
1893 94.7751  0 0 1e-10 0
1894 94.8247  0 0 1e-10 0
1895 94.8742  0 0 1e-10 0
1896 94.9237  0 0 1e-10 0
1897 94.9732  0 0 1e-10 0
1898 95.0228  0 0 1e-10 0
1899 95.0723  0 0 1e-10 0
1900 95.1218  0 0 1e-10 0
1901 95.1713  0 0 1e-10 0
1902 95.2209  0 0 1e-10 0
1903 95.2704  0 0 1e-10 0
1904 95.3199  0 0 1e-10 0
1905 95.3694  0 0 1e-10 0
1906 95.419  0 0 1e-10 0
1907 95.4685  0 0 1e-10 0
1908 95.518  0 0 1e-10 0
1909 95.5675  0 0 1e-10 0
1910 95.6171  0 0 1e-10 0
1911 95.6666  0 0 1e-10 0
1912 95.7161  0 0 1e-10 0
1913 95.7656  0 0 1e-10 0
1914 95.8152  0 0 1e-10 0
1915 95.8647  0 0 1e-10 0
1916 95.9142  0 0 1e-10 0
1917 95.9637  0 0 1e-10 0
1918 96.0133  0 0 1e-10 0
1919 96.0628  0 0 1e-10 0
1920 96.1123  0 0 1e-10 0
1921 96.1618  0 0 1e-10 0
1922 96.2114  0 0 1e-10 0
1923 96.2609  0 0 1e-10 0
1924 96.3104  0 0 1e-10 0
1925 96.3599  0 0 1e-10 0
1926 96.4095  0 0 1e-10 0
1927 96.459  0 0 1e-10 0
1928 96.5085  0 0 1e-10 0
1929 96.558  0 0 1e-10 0
1930 96.6076  0 0 1e-10 0
1931 96.6571  0 0 1e-10 0
1932 96.7066  0 0 1e-10 0
1933 96.7561  0 0 1e-10 0
1934 96.8057  0 0 1e-10 0
1935 96.8552  0 0 1e-10 0
1936 96.9047  0 0 1e-10 0
1937 96.9542  0 0 1e-10 0
1938 97.0038  0 0 1e-10 0
1939 97.0533  0 0 1e-10 0
1940 97.1028  0 0 1e-10 0
1941 97.1523  0 0 1e-10 0
1942 97.2019  0 0 1e-10 0
1943 97.2514  0 0 1e-10 0
1944 97.3009  0 0 1e-10 0
1945 97.3504  0 0 1e-10 0
1946 97.3999  0 0 1e-10 0
1947 97.4495  0 0 1e-10 0
1948 97.499  0 0 1e-10 0
1949 97.5485  0 0 1e-10 0
1950 97.598  0 0 1e-10 0
1951 97.6476  0 0 1e-10 0
1952 97.6971  0 0 1e-10 0
1953 97.7466  0 0 1e-10 0
1954 97.7961  0 0 1e-10 0
1955 97.8457  0 0 1e-10 0
1956 97.8952  0 0 1e-10 0
1957 97.9447  0 0 1e-10 0
1958 97.9942  0 0 1e-10 0
1959 98.0438  0 0 1e-10 0
1960 98.0933  0 0 1e-10 0
1961 98.1428  0 0 1e-10 0
1962 98.1923  0 0 1e-10 0
1963 98.2419  0 0 1e-10 0
1964 98.2914  0 0 1e-10 0
1965 98.3409  0 0 1e-10 0
1966 98.3904  0 0 1e-10 0
1967 98.44  0 0 1e-10 0
1968 98.4895  0 0 1e-10 0
1969 98.539  0 0 1e-10 0
1970 98.5885  0 0 1e-10 0
1971 98.6381  0 0 1e-10 0
1972 98.6876  0 0 1e-10 0
1973 98.7371  0 0 1e-10 0
1974 98.7866  0 0 1e-10 0
1975 98.8362  0 0 1e-10 0
1976 98.8857  0 0 1e-10 0
1977 98.9352  0 0 1e-10 0
1978 98.9847  0 0 1e-10 0
1979 99.0343  0 0 1e-10 0
1980 99.0838  0 0 1e-10 0
1981 99.1333  0 0 1e-10 0
1982 99.1828  0 0 1e-10 0
1983 99.2324  0 0 1e-10 0
1984 99.2819  0 0 1e-10 0
1985 99.3314  0 0 1e-10 0
1986 99.3809  0 0 1e-10 0
1987 99.4305  0 0 1e-10 0
1988 99.48  0 0 1e-10 0
1989 99.5295  0 0 1e-10 0
1990 99.579  0 0 1e-10 0
1991 99.6286  0 0 1e-10 0
1992 99.6781  0 0 1e-10 0
1993 99.7276  0 0 1e-10 0
1994 99.7771  0 0 1e-10 0
1995 99.8267  0 0 1e-10 0
1996 99.8762  0 0 1e-10 0
1997 99.9257  0 0 1e-10 0
1998 99.9752  0 0 1e-10 0
1999 100.025  0 0 1e-10 0
