1.12381   -2.59859e+157   -4.3509e+155   7.88926e+155
0.61   -1.00555e+157   -4.21008e+155   -6.58373e+155
0.17334   -1.81009e+156   -5.00301e+155   4.23886e+156
0.76   -3.82444e+154   -1.1514e+153   5.03209e+156
0.22286   -9.89002e+153   -1.87512e+153   1.15578e+154
0.89   -2.78266e+152   -6.61082e+150   1.88027e+154
0.27239   -9.06557e+151   -1.272e+151   6.09472e+151
0.31   -4.96701e+150   -5.74027e+149   1.28057e+152
0.32191   -3.30161e+149   -3.60582e+148   5.7789e+150
0.42   -2.22454e+148   -1.63022e+147   3.61988e+149
0.37144   -2.30928e+147   -2.03481e+146   1.6403e+148
0.7   -1.61741e+146   -5.50874e+144   2.02826e+147
0.42096   -3.53654e+145   -2.58284e+144   5.46686e+145
0.73   -2.93418e+144   -9.38387e+142   2.56705e+145
0.47049   -6.5033e+143   -4.01965e+142   6.31357e+143
0.13   -7.35566e+142   -3.13031e+142   4.05172e+143
0.52001   -1.21063e+141   -6.43985e+139   3.1596e+143
0.56   -1.55582e+140   -7.40554e+138   6.39673e+140
0.56953   -2.23915e+139   -1.03917e+138   7.38636e+139
0.75   -2.9108e+138   -8.93925e+136   1.02356e+139
0.61906   -6.18719e+137   -2.53381e+136   8.22674e+137
0.43   -1.11773e+137   -7.90706e+135   2.5215e+137
0.66858   -9.94128e+135   -3.62737e+134   7.80528e+136
0.38   -2.06644e+135   -1.75966e+134   3.61325e+135
0.71811   -1.47874e+134   -4.84714e+132   1.75165e+135
0.42   -3.36448e+133   -2.46561e+132   4.81314e+133
0.76763   -2.68886e+132   -7.9748e+130   2.42148e+133
0.35   -6.96992e+131   -6.71438e+130   7.9418e+131
0.81716   -4.01712e+130   -1.08476e+129   6.50732e+131
0.04   -1.0785e+129   -2.68912e+129   1.09511e+130
0.86668   -2.35688e+126   -5.82679e+124   2.71485e+130
0.33   -7.39087e+125   -7.77687e+124   5.7992e+125
0.91621   -3.63604e+124   -8.27021e+122   7.21488e+125
0.1   -9.99652e+123   -6.30563e+123   8.33261e+123
0.96573   -7.99335e+121   -1.68006e+120   6.36142e+124
0.25   -2.93267e+121   -4.67987e+120   3.04249e+122
0.01526   2.68918e+120   2.84556e+121   4.72483e+121
0.672   1.56924e+117   5.68218e+115   -2.87285e+122
0.06478   1.85906e+116   2.24912e+116   -5.7197e+116
0.27   1.18504e+114   1.68487e+113   -2.27041e+117
0.11431   5.56355e+112   2.87148e+112   -1.70092e+114
0.964   5.41072e+110   1.1403e+109   -2.89322e+113
0.16383   1.91246e+110   5.75284e+109   -1.13713e+110
0.68   3.92932e+108   1.39777e+107   -5.79067e+110
0.21336   8.50245e+107   1.7209e+107   -1.37994e+108
0.348   3.1841e+106   3.09384e+105   -1.73357e+108
0.26288   2.56704e+105   3.79906e+104   -3.12139e+106
0.906   9.17462e+103   2.12215e+102   -3.80039e+105
0.31241   3.04519e+103   3.47862e+102   -1.88512e+103
0.296   2.05826e+102   2.54942e+101   -3.50034e+103
0.36193   1.26032e+101   1.15458e+100   -2.56765e+102
0.467   9.8794e+99   6.17498e+98   -1.15675e+101
0.41146   1.16813e+99   8.82833e+97   -6.13015e+99
0.371   1.16792e+98   1.03094e+97   -8.85048e+98
0.46098   9.72341e+96   6.19692e+95   -1.03915e+98
0.962   7.87544e+95   1.66492e+94   -6.11381e+96
0.51051   2.58239e+95   1.4122e+94   -8.70462e+94
0.201   3.62645e+94   8.02726e+93   -1.42049e+95
0.56003   1.09372e+93   5.20559e+91   -7.99661e+94
0.05   5.9783e+91   1.0666e+92   -5.25461e+92
0.60955   2.20661e+89   9.24892e+87   -1.07681e+93
0.473   3.80519e+88   2.33327e+87   -9.18921e+88
0.65908   3.94447e+87   1.47049e+86   -2.30181e+88
0.44   7.80386e+86   5.33348e+85   -1.46027e+87
0.7086   7.20705e+85   2.4101e+84   -5.358e+86
0.92   1.16804e+85   2.64033e+83   -2.33712e+85
0.75813   3.15021e+84   9.51927e+82   -2.52584e+84
0.886   5.79046e+83   1.38498e+82   -9.22934e+83
0.80765   1.3742e+83   3.77654e+81   -9.46441e+82
0.311   3.8912e+82   4.47531e+81   -3.7662e+82
0.85718   1.83569e+81   4.61394e+79   -4.36283e+82
0.172   5.50522e+80   1.53944e+80   -4.63367e+80
0.9067   1.05219e+79   2.43097e+77   -1.55194e+81
0.447   3.36739e+78   2.24757e+77   -2.39961e+78
0.95623   2.53897e+77   5.4162e+75   -1.86032e+78
0.115   7.91674e+76   4.0493e+76   -4.04117e+78
0.00575   -8.63106e+75   -3.94859e+77   -4.0882e+77
0.156   -1.38163e+72   -4.47284e+71   3.98648e+78
0.05528   -1.41401e+70   -2.1701e+70   4.51573e+72
0.552   -6.19348e+67   -3.01236e+66   2.19044e+71
0.1048   -8.12859e+66   -4.77918e+66   3.02732e+67
0.287   -1.06428e+65   -1.38075e+64   4.82304e+67
0.15433   -6.00927e+63   -1.97709e+63   1.39262e+65
0.344   -1.38426e+62   -1.36855e+61   1.9937e+64
0.20385   -1.07912e+61   -2.33875e+60   1.38066e+62
0.708   -3.02353e+59   -1.01238e+58   2.35014e+61
0.25338   -7.00283e+58   -1.09521e+58   9.91419e+58
0.366   -3.37286e+57   -3.03848e+56   1.10223e+59
0.3029   -2.88211e+56   -3.4486e+55   3.04534e+57
0.304   -1.85601e+55   -2.20877e+54   3.47025e+56
0.35243   -1.18879e+54   -1.13338e+53   2.22514e+55
0.51   -8.72565e+52   -4.77884e+51   1.13473e+54
0.40195   -1.20499e+52   -9.43202e+50   4.80815e+52
0.971   -7.86434e+50   -1.63951e+49   9.33923e+51
0.45148   -2.7611e+50   -1.81553e+49   1.55986e+50
0.678   -2.64401e+49   -9.44709e+47   1.8031e+50
0.501   -5.25589e+48   -2.95644e+47   9.28458e+48
0.62   -6.1371e+47   -2.50759e+46   2.93341e+48
0.55053   -1.04264e+47   -5.09144e+45   2.4954e+47
0.786   -1.25432e+46   -3.5905e+44   5.01649e+46
0.60005   -2.85779e+45   -1.22639e+44   2.15566e+45
0.167   -4.97917e+44   -1.45533e+44   1.23389e+45
0.64957   -1.1089e+43   -4.22508e+41   1.46876e+45
0.756   -1.7574e+42   -5.33296e+40   4.14147e+42
0.6991   -3.60365e+41   -1.22974e+40   5.0141e+41
0.543   -7.35214e+40   -3.66517e+39   1.21401e+41
0.74862   -8.85536e+39   -2.72706e+38   3.59108e+40
0.52   -2.03447e+39   -1.08225e+38   2.6899e+39
0.79815   -2.24227e+38   -6.27252e+36   1.07427e+39
0.681   -5.12377e+37   -1.81865e+36   6.13054e+37
0.84767   -7.83484e+36   -2.00249e+35   2.95706e+38
0.018   3.32585e+36   2.74709e+37   2.02222e+36
0.8972   2.17948e+33   5.11563e+31   -2.77345e+38
0.524   6.58015e+32   3.46034e+31   -5.02541e+32
0.94672   6.37216e+31   1.37986e+30   -2.95672e+32
0.193   2.26017e+31   5.31723e+30   -1.38362e+31
0.99625   4.67982e+29   9.38764e+27   -7.11392e+31
0.019   -2.2702e+29   -1.72907e+30   -9.59486e+28
0.04577   -5.69557e+25   -1.16024e+26   1.74567e+31
0.996   -1.36584e+23   -2.74088e+21   1.17109e+27
0.0953   -4.12093e+22   -2.79406e+22   2.56597e+22
0.119   -4.10161e+20   -1.99303e+20   2.82065e+23
0.14482   -6.08804e+18   -2.20351e+18   2.01205e+21
0.382   -1.25379e+17   -1.05927e+16   2.22198e+19
0.19435   -1.13846e+16   -2.65047e+15   1.06862e+17
0.781   -2.81629e+14   -8.13918e+12   2.66328e+16
0.24387   -7.54521e+13   -1.24972e+13   7.80896e+13
0.31   -3.49968e+12   -4.04451e+11   1.25871e+14
0.2934   -2.36927e+11   -2.97375e+10   4.08129e+12
0.966   -9.59172e+09   -2.01517e+08   2.96705e+11
0.34292   -3.51368e+09   -3.49022e+08   1.96821e+09
0.744   -2.11259e+08   -6.56653e+06   3.48181e+09
0.39245   -5.11532e+07   -4.15027e+06   6.46935e+07
0.639   -4.0631e+06   -158667   4.1377e+07
0.44197   -764551   -51903.6   1.57397e+06
0.648   -72332.9   -2766.01   516091
0.4915   -13561.2   -785.04   27512
0.767   -1379.45   -40.963   7770.63
0.54102   -306.479   -15.3625   408.625
0.993   -24.2494   -0.488828   158.864
0.59055   8.48573   0.372979   54.108
0.322   44.6151   4.87055   2.40317
0.64007   15.686   0.611012   -45.517
0.75   11.7911   0.362111   -1.71902
0.68959   12.653   0.440744   62.4349
0.275   47.3273   6.54626   -1.2801
0.73912   10.0012   0.313951   -64.4284
0.894   6.97752   0.164655   -0.929385
0.78864   7.79089   0.221896   2.96069
0.603   10.7492   0.45791   -0.655403
0.83817   6.0389   0.156978   8.77128
0.4   16.8261   1.3267   -0.456316
0.88769   4.68682   0.111781   18.989
0.282   24.0806   3.20755   -0.305841
0.93722   3.70656   0.0814871   9.59775
0.247   25.5901   4.15821   -0.190161
0.98674   3.07863   0.0626518   -18.1907
0.291   18.5444   2.35643   12200
0.03627   418.482   1208.47   -12.921
0.414   14.3772   1.0766   -10714.3
0.08579   185.457   147.221   -6.15922
0.612   11.1977   0.466533   -998.163
0.13532   120.667   48.3532   -2.79817
0.884   7.89083   0.189376   -262.479
0.18484   89.0603   22.3548   127.439
0.227   69.4672   12.8121   -102.429
0.23437   69.4483   12.2092   -123.035
0.639   16.0187   0.62554   -48.8287
0.28389   55.9083   7.37278   1056.65
0.118   213.951   105.286   -26.8097
0.33342   45.5303   4.7173   -1056.84
0.662   16.387   0.606864   -15.8078
0.38294   37.4403   3.15154   83.7767
0.271   62.9801   8.9049   -9.79781
0.43247   31.0974   2.18107   -87.7818
0.941   9.6172   0.210157   -6.36092
0.48199   26.0193   1.55103   3.61802
0.671   15.6657   0.568521   -4.25808
0.53152   21.9379   1.12926   11.5776
0.46   26.8282   1.71528   -2.97114
0.58104   18.5397   0.834974   39.7183
0.305   47.7056   5.64936   -2.16189
0.63057   15.5847   0.62084   114.675
0.207   80.3016   17.0078   -1.64258
0.68009   12.8816   0.458143   154.656
0.162   105.67   32.3265   -1.28023
0.72961   10.352   0.331337   -79.1891
0.17   86.031   24.4828   -0.966378
0.77914   8.12364   0.235618   -160.515
0.229   47.1581   8.58387   -0.68077
0.82866   6.36031   0.168188   -63.4391
0.338   22.6607   2.30026   -0.458657
0.87819   5.06468   0.122758   -16.7736
0.496   11.1876   0.638845   -0.306947
0.92771   4.13712   0.0923549   -4.39779
0.701   5.98023   0.203245   -0.207614
0.97724   3.47689   0.0717908   -1.29996
0.953   3.474   0.0744853   32901.1
0.02676   715.19   3258.91   61.8907
0.25   38.8824   6.20473   -30061.5
0.07629   297.196   281.334   -55.5427
0.591   16.0181   0.703249   -2010.52
0.12581   183.877   82.1928   -5.15153
0.975   9.31467   0.192993   -467.905
0.17534   131.946   35.8471   30.4606
0.4   40.7126   3.2101   -169.759
0.22486   101.739   19.0326   -28.9117
0.867   14.0196   0.346408   -77.5363
0.27439   81.8029   11.3526   43.1697
0.374   53.0016   4.62234   -40.9597
0.32391   67.4244   7.29559   -43.391
0.92   14.3548   0.324485   -23.8461
0.37344   56.4442   4.93365   17.2089
0.504   36.3958   2.02902   -14.9096
0.42296   47.6706   3.45686   1333.87
0.125   297.215   134.149   -10.4583
0.47249   39.4183   2.42097   -1349.14
0.783   17.9661   0.517238   -7.33109
0.52201   32.0452   1.69483   16.6087
0.476   35.6001   2.16232   -4.97332
0.57154   26.042   1.20222   233.976
0.204   117.039   25.3375   -3.65285
0.62106   20.621   0.840407   -253.706
0.966   9.90533   0.208105   -2.65536
0.67059   15.8957   0.577395   1.58302
0.761   12.1443   0.364903   -1.83404
0.72011   12.1233   0.395734   2.98709
0.589   14.9742   0.660772   -1.28117
0.76963   9.09973   0.268835   5.6522
0.449   18.4107   1.22062   -0.898964
0.81916   6.68261   0.179793   10.395
0.339   22.2663   2.25024   -0.6258
0.86868   4.78172   0.117808   15.9705
0.26   25.4693   3.8321   -0.421359
0.91821   3.35552   0.0760724   16.1308
0.211   26.3835   5.42985   -0.26041
0.96773   2.39959   0.050279   4.026
0.191   24.3914   5.82863   76208.4
0.01726   858.103   7548.46   27.1715
0.199   37.9173   8.51996   -73269.2
0.06678   251.914   291.181   -18.6571
0.236   38.348   6.67198   -2383.58
0.11631   109.548   55.0882   -37.0585
0.299   24.6004   3.00135   -393.677
0.16583   54.4876   16.0947   -19.2473
0.39   13.3689   1.09491   -105.094
0.21536   28.4848   5.6852   -7.26875
0.506   6.76571   0.374945   -35.2035
0.26488   15.0239   2.19832   -2.53983
0.649   3.23383   0.123376   -13.3971
0.31441   7.70111   0.871343   -0.850765
0.816   1.44517   0.0391079   -5.48288
0.36393   3.61304   0.328266   221451
0.008   786.838   21934.6   -1.64112
0.41346   2.20866   0.165714   -221440
0.224   5.70421   1.07326   -0.43575
0.46298   1.93547   0.122553   -9.6031
0.464   1.93429   0.122075   -0.324023
0.51251   1.66388   0.0904585   -0.915044
0.728   0.979034   0.0314399   -0.226658
0.56203   1.43655   0.0680081   44190.1
0.014   363.49   4377.04   -0.176409
0.61156   1.21163   0.0505349   -44187
0.322   3.06061   0.334121   -0.131709
0.66108   1.0102   0.0374892   -2.98931
0.652   1.00377   0.0380316   -0.0891703
0.71061   0.86059   0.0286569   3.75859e+06
0.003   3066.75   372286   -0.0446039
0.76013   0.805314   0.0242389   -3.75858e+06
0.376   2.42372   0.209691   -0.0285982
0.80965   0.781821   0.0214063   -1.86226
0.769   0.853128   0.0252351   -0.0333792
0.85918   0.722649   0.0181001   18.5151
0.183   7.29644   1.85915   -0.0408221
0.9087   0.610427   0.0140567   -18.3499
0.616   1.0083   0.0416004   -0.0387978
0.95823   0.480299   0.0102138   255.814
0.069   23.0613   25.3799   229304
0.00775   776.848   22712.4   -253.531
0.541   5.34189   0.267781   -225495
0.05728   259.265   377.241   30417.5
0.032   864.687   3013.1   -2603.66
0.1068   208.833   119.35   -30408.5
0.541   22.9933   1.15262   -632.795
0.15633   175.611   56.6721   7918.22
0.068   698.234   785.449   -246.54
0.20585   151.011   32.2524   -7916.27
0.613   32.3936   1.34632   -121.706
0.25538   130.677   20.1975   648.915
0.176   242.903   65.621   -71.0606
0.3049   111.065   13.159   -653.481
0.755   29.4027   0.89402   -43.2442
0.35443   93.8893   8.87566   84.1021
0.352   96.5755   9.2243   -27.389
0.40395   79.3212   6.1628   -88.5496
0.965   21.5521   0.453501   -18.0392
0.45348   66.9941   4.37602   14.9942
0.594   44.4942   1.93867   -12.2051
0.503   56.6416   3.16711   271.031
0.24   169.664   28.7842   -8.80373
0.55253   47.256   2.29511   -285.421
0.901   22.0118   0.513391   -6.34488
0.60205   39.0313   1.66665   13.2783
0.577   40.1792   1.8286   -4.48141
0.65158   32.2415   1.22277   151.962
0.268   117.409   16.8803   -3.29283
0.7011   26.3873   0.896614   -167.228
0.975   15.272   0.316423   -2.41734
0.75063   21.426   0.657178   4.68199
0.696   22.7104   0.780172   -1.73482
0.80015   17.4151   0.485345   21.7327
0.431   41.6021   2.93278   -1.25044
0.84967   14.1935   0.361489   326.825
0.181   136.292   35.3046   -0.893444
0.8992   11.6696   0.272994   -354.181
0.945   10.2777   0.223167   -0.640571
0.94872   9.70745   0.209545   2.31625
0.722   13.9197   0.45259   -0.462379
0.99825   8.18751   0.163747   7.11521
0.513   21.3187   1.15735   14024.3
0.04777   727.174   1389.27   44.1017
0.316   49.2074   5.5256   -11902
0.0973   320.107   210.381   825.496
0.133   212.258   87.2906   -1447.47
0.14682   188.988   67.0093   -878.848
0.963   11.4226   0.241104   -385.454
0.19635   125.752   28.8303   1.79418
0.806   15.1931   0.418817   -141.537
0.24587   90.5244   14.8111   3.50728
0.66   20.5961   0.766211   -63.2304
0.2954   68.8032   8.54817   7.46664
0.527   28.88   1.50578   -32.0472
0.34492   54.5742   5.37391   18.1286
0.406   42.8162   3.30141   -17.7926
0.39445   44.8541   3.61156   52.4875
0.297   68.9743   8.50027   -10.5925
0.44397   38.0008   2.56237   199.317
0.2   126.639   28.2426   -6.70234
0.4935   32.9961   1.89851   1326.13
0.113   303.918   159.595   -4.56241
0.54302   29.0197   1.4466   37977.8
0.039   1514.07   3921.28   -3.90331
0.59255   24.2385   1.05998   -39586.8
0.975   10.8998   0.225835   -3.12772
0.64207   19.3491   0.750183   0.144476
0.922   10.6584   0.240145   -2.13652
0.6916   15.5288   0.538562   0.068382
0.88   10.2187   0.246918   -1.50479
0.74112   12.4588   0.389513   -0.0266369
0.848   9.56317   0.24428   -1.08274
0.79065   9.94852   0.282268   -0.142035
0.827   8.67971   0.230212   -0.788422
0.84017   7.88269   0.204175   -0.247216
0.817   7.61623   0.205725   -0.576769
0.88969   6.18634   0.147047   -0.307532
0.816   6.47661   0.175264   -0.421172
0.93922   4.80643   0.10533   -0.336647
0.825   5.33141   0.141919   -0.305341
0.98874   3.70086   0.075086   -0.330071
0.845   4.25335   0.109226   10739.2
0.0383   399.736   1063.79   -0.152544
0.873   3.84864   0.0941165   -9764.47
0.0878   126.019   96.6217   0.0138177
0.912   4.16915   0.0954851   -666.246
0.1373   78.1229   30.6304   0.0632635
0.96   4.79807   0.101751   -153.58
0.1868   62.4054   15.4183   233620
0.017   2571.33   23140   -3.20371
0.2364   87.0155   15.101   -228947
0.083   555.008   462.98   -25.6957
0.2859   96.2248   12.5558   -3867.82
0.158   251.487   79.8747   -39.7658
0.3354   83.9119   8.61706   -570.32
0.242   139.565   23.3848   -28.1178
0.3849   69.8167   5.832   -147.092
0.335   85.6898   8.81539   -18.5366
0.4345   57.3754   3.99596   -49.6843
0.436   56.2039   3.89419   -12.1588
0.484   47.1246   2.79164   -20.1231
0.546   38.4496   1.901   -8.11868
0.5335   38.8263   1.98749   -9.06491
0.664   27.2099   1.00313   -5.527
0.583   32.1365   1.44004   -4.4812
0.791   19.7243   0.559265   -3.84193
0.6326   26.7248   1.0595   -2.33524
0.925   14.627   0.327961   -2.71133
0.6821   22.3377   0.790945   7782.46
0.068   685.547   771.177   -2.25339
0.7316   17.8109   0.567748   -7587.46
0.218   100.232   19.6427   -1.75846
0.7811   13.6209   0.393574   -165.759
0.377   37.4174   3.22435   -1.15327
0.8307   10.6029   0.279343   -23.1871
0.543   18.6087   0.927677   -0.769448
0.8802   8.40939   0.203129   -5.81923
0.717   10.692   0.351285   -0.52211
0.9297   6.80458   0.151414   -1.94638
0.898   6.76168   0.158497   -0.35834
0.9792   5.63105   0.115921   1645.41
0.086   206.261   163.136   48833.2
0.0288   1185.19   4837.02   -1574.25
0.282   54.1048   7.20679   -44633.6
0.0783   457.03   416.085   -52.7401
0.485   33.5765   1.98291   -2992.13
0.1278   274.202   119.716   -11.9668
0.695   23.1677   0.7976   -693.91
0.1773   190.821   50.985   -4.10599
0.912   17.068   0.390904   -248.559
0.2269   142.858   26.3653   1265.29
0.136   316.1   125.718   -113.307
0.2764   110.311   15.1423   -1203.6
0.367   72.4674   6.50165   -59.0612
0.3259   86.6701   9.29229   -51.0434
0.605   34.109   1.44583   -33.1258
0.3754   69.3141   6.01119   -9.41251
0.849   20.1391   0.513522   -19.9032
0.425   56.1129   4.03979   3163.71
0.099   490.155   313.878   -13.7466
0.4745   43.8851   2.6782   -3109.34
0.357   63.0812   5.89899   -9.42223
0.524   33.1814   1.74493   -49.6302
0.62   24.0616   0.983144   -5.94035
0.5735   25.1815   1.15654   -7.02507
0.89   12.0937   0.287313   -3.85253
0.6231   19.1087   0.77495   378.847
0.166   128.207   37.812   -2.61293
0.6726   14.2733   0.516141   -365.91
0.449   23.6615   1.56875   -1.77651
0.7221   10.4646   0.340179   -12.9358
0.737   9.11796   0.287459   -1.17096
0.7716   7.6179   0.224196   31117.3
0.031   843.445   3082.44   -0.666578
0.8212   5.90094   0.158171   -31096.9
0.331   22.0436   2.30898   -0.358189
0.8707   4.99738   0.122693   -20.2408
0.637   7.75177   0.304139   -0.243469
0.9202   4.36236   0.0985775   -2.18017
0.949   4.08753   0.0881945   -0.172504
0.9697   3.90109   0.0814911   38.1435
0.267   26.7412   3.86629   105299
0.0193   1401.96   10429.9   -33.4216
0.59   12.6296   0.555894   -100689
0.0688   413.213   456.742   -3.66154
0.919   8.53388   0.193221   -3692.53
0.1183   185.623   90.9985   85.8407
0.253   55.476   8.6957   -641.751
0.1678   94.5337   27.4333   -82.1542
0.592   12.7504   0.558368   -176.061
0.2174   50.7896   9.9946   -4.53476
0.937   4.96544   0.109201   -59.6947
0.2669   28.2164   4.08186   27.1425
0.288   21.6771   2.79765   -22.8346
0.3164   16.2395   1.82011   -26.3431
0.643   4.86929   0.188378   -9.439
0.3659   9.82187   0.885178   6.03245e+06
0.004   7578.02   597511   4.95499
0.4155   18.475   1.37597   -6.03242e+06
0.37   33.1554   2.93854   5.03649
0.465   29.8031   1.87483   -24.1657
0.74   17.3908   0.544944   -0.463223
0.5145   33.8376   1.82895   1751.27
0.116   344.647   174.007   -3.46527
0.564   31.5481   1.48571   -1735.37
0.497   37.2323   2.11966   -3.96311
0.6136   26.3412   1.09317   -17.8072
0.882   14.7777   0.355863   -2.87981
0.6631   21.8706   0.807927   108.83
0.273   79.6288   11.1354   -2.14861
0.7126   17.9467   0.595108   -105.507
0.668   18.7499   0.685036   -1.60223
0.7621   14.5556   0.436408   5848.61
0.068   515.587   579.987   -1.36829
0.8117   11.0307   0.300879   -5842
0.472   21.7769   1.33956   -1.09182
0.8612   7.72209   0.192734   -11.9489
0.881   6.46857   0.156036   -0.720946
0.9107   5.28607   0.121325   29.0593
0.295   24.3735   3.03434   -0.443746
0.9602   3.64961   0.0773721   -28.9602
0.713   5.00579   0.165851   570510
0.0098   2748.37   56508.8   644.567
0.135   159.172   64.0099   -559692
0.0593   775.759   1071.58   -631.836
0.562   30.1372   1.42685   -8626.58
0.1088   390.632   217.123   -11.4117
0.993   14.7099   0.296527   -1428.54
0.1583   238.788   75.6261   35.3659
0.429   53.522   3.7995   -428.659
0.2079   157.621   33.1676   -33.8754
0.868   18.007   0.444162   -167.547
0.2574   108.495   16.5721   85.7034
0.312   78.0461   8.93304   -77.1584
0.3069   76.1109   8.9296   -84.5896
0.76   18.4172   0.554478   -39.1077
0.3564   53.9304   5.056   220.901
0.212   109.785   22.4346   -21.383
0.406   38.1034   2.93802   -220.404
0.668   16.5229   0.603674   -12.1474
0.4555   26.7368   1.73483   693.427
0.129   160.938   69.2873   -7.14101
0.505   18.4861   1.02752   -693.849
0.593   12.8621   0.561837   -4.26648
0.5545   12.522   0.604924   4012.38
0.061   300.596   397.987   -2.43265
0.6041   8.56741   0.363971   -4013.32
0.533   9.15325   0.469207   -1.40356
0.6536   5.95898   0.224949   1.09096e+06
0.008   3876.3   108059   -0.860815
0.7031   4.12854   0.139685   -1.09096e+06
0.488   6.22878   0.364463   -0.53793
0.7526   2.82813   0.0864037   -3.32992
0.971   1.66141   0.034636   -0.346643
0.8022   1.87552   0.0520689   2.00083
0.458   3.61771   0.232817   -0.226713
0.8517   1.1669   0.0296131   -2.17944
0.949   0.785341   0.0169449   -0.148601
0.9012   0.638808   0.0148943   0.707112
0.443   1.28578   0.086984   -0.0954425
0.9507   0.252838   0.00544072   -0.853919
0.941   0.110001   0.00240377   -1.67964e+08
0.0003   -4333.81   -1.66367e+07   6.20526
0.443   9.1208   0.617032   1.67972e+08
0.0498   446.163   800.811   -5.16051
0.947   4.89196   0.105886   -7247.04
0.0993   130.196   82.9951   6.20848
0.456   11.1276   0.720833   -665.023
0.1488   49.2779   17.1249   -6.76818
0.968   2.40869   0.0504485   -126.637
0.1983   20.2825   4.58161   2.01914
0.483   4.21454   0.250443   -31.7846
0.2479   8.86931   1.43336   2.24633e+07
0.002   9976.77   2.22498e+06   29.2869
0.2974   35.2405   4.33421   -2.24632e+07
0.524   25.2026   1.32534   18.719
0.3469   63.3869   6.18832   27045.7
0.049   1457.4   2680.18   -5.06533
0.3964   71.1497   5.6866   -27038.7
0.577   44.2674   2.01465   -10.1411
0.446   69.9142   4.68213   3391.35
0.109   609.652   337.927   -11.5508
0.4955   61.8652   3.53802   -3395.77
0.644   40.8732   1.57757   -10.0863
0.545   51.2122   2.53898   651.87
0.182   257.468   66.145   -7.62778
0.5945   40.9834   1.78345   -658.471
0.724   28.5262   0.923669   -5.66825
0.6441   31.6683   1.22201   149.448
0.268   109.384   15.7264   -3.96412
0.6936   24.0176   0.829367   -154.081
0.815   17.1414   0.464719   -2.77998
0.7431   17.7914   0.554012   37.3508
0.366   46.2257   4.1643   -1.89357
0.7926   12.9635   0.366455   -39.9355
0.919   9.21792   0.208708   -1.28823
0.8422   9.25505   0.238856   9.5678
0.476   19.0387   1.15639   -0.858532
0.8917   6.49318   0.153819   22283.2
0.035   724.901   2208.29   -0.275988
0.9412   5.78991   0.126482   -22289.4
0.598   12.5327   0.540596   0.0210282
0.9907   6.35559   0.128565   306.893
0.163   102.07   30.9382   22084.3
0.0403   887.235   2187.57   -308.114
0.731   13.1487   0.419649   -19530.7
0.0898   341.398   253.062   70.3096
0.302   61.434   7.38378   -1724.7
0.1393   214.33   82.2312   -70.8811
0.876   14.9221   0.363039   -432.68
0.1888   161.934   39.3744   27.8365
0.452   47.5351   3.12023   -166.078
0.2384   133.776   22.9245   102915
0.032   2926.22   10196.8   -58.8024
0.2879   132.429   17.1001   -102926
0.614   48.7353   2.02056   -35.7866
0.3374   133.184   13.5555   710.101
0.198   319.588   72.3557   -35.1109
0.3869   121.586   10.0778   -718.058
0.786   43.0534   1.23241   -27.6512
0.4365   106.104   7.33894   104.588
0.376   133.983   11.5917   -19.9997
0.486   91.0072   5.35798   -110.245
0.968   32.0872   0.672045   -14.4676
0.5355   77.1073   3.92497   26.5467
0.564   70.1048   3.30148   -10.4343
0.585   64.8591   2.89146   1328.3
0.161   436.789   134.869   -8.36147
0.6346   52.2907   2.06326   -1350.41
0.762   37.0862   1.11214   -6.40349
0.6841   40.5351   1.429   76.7255
0.365   96.3087   8.71176   -4.46691
0.7336   31.0763   0.986553   -84.0102
0.97   18.7068   0.390592   -3.13546
0.7831   23.4847   0.675987   11.4355
0.578   33.5575   1.52327   -2.18509
0.8327   17.5061   0.459555   346.296
0.188   146.396   35.8238   -1.49648
0.8822   12.9327   0.311329   -357.922
0.801   13.3596   0.371727   -1.0188
0.9317   9.48673   0.210418   17.428
0.416   28.22   2.09796   -0.66976
0.9812   7.02028   0.144078   31512
0.034   981.653   3123.34   60447.2
0.0308   1622.5   5987.41   -31525
0.654   21.3675   0.805874   -55154.9
0.0803   598.155   524.349   137.398
0.276   104.785   14.4151   -3769.29
0.1298   354.013   151.003   -140.629
0.9   20.795   0.485819   -864.447
0.1793   248.85   65.3803   22.6074
0.527   52.2653   2.72507   -306.825
0.2289   192.1   34.9895   1143.69
0.156   358.335   116.007   -136.612
0.2784   158.021   21.4581   -1161.2
0.788   34.7276   0.990296   -72.0169
0.3279   134.841   14.3249   60.9071
0.421   96.1774   7.02312   -42.9052
0.3774   117.104   10.0751   30312.3
0.057   2053.14   3009.44   -27.7971
0.427   102.419   7.32185   -30365.7
0.695   50.1586   1.72682   -19.1324
0.4765   89.4865   5.42679   139.638
0.336   151.908   15.5579   -14.1677
0.526   76.9486   4.02349   -150.843
0.978   29.9181   0.61703   -10.5618
0.5755   65.1653   2.97734   17.0292
0.622   56.6556   2.30376   -7.80496
0.6251   54.6145   2.20426   246.339
0.269   186.774   26.7036   -6.11181
0.6746   44.4128   1.59889   -263.58
0.918   26.2816   0.59603   -4.67228
0.7241   35.0942   1.1361   15.9811
0.569   46.8852   2.17895   -3.37639
0.7736   27.3459   0.801674   297.285
0.221   164.717   31.6249   -2.5162
0.8232   20.6856   0.552446   -315.133
0.876   16.9004   0.411168   -1.83779
0.8727   15.1392   0.370413   10.3706
0.533   28.0595   1.43837   -1.2627
0.9222   10.8926   0.245343   226.541
0.192   100.706   23.8772   -0.763254
0.9717   8.15101   0.169743   -238.721
0.853   9.16152   0.231966   140115
0.0213   2162.87   13878.5   16.2948
0.516   34.3018   1.84596   -129875
0.0708   958.039   1014.41   729.121
0.181   285.924   74.0651   -7311.15
0.1203   607.13   290.244   -738.444
0.848   36.1155   0.922529   -1659.38
0.1698   441.566   125.884   38.9819
0.517   89.149   4.78367   -600.397
0.2194   342.167   66.4145   1084.01
0.187   454.672   112.154   -277.987
0.2689   271.79   38.88   -1120.06
0.86   48.5076   1.21323   -146.867
0.3184   219.167   24.333   40.2646
0.534   101.754   5.20142   -84.4785
0.3679   178.606   15.9654   810.466
0.21   412.384   85.4777   -53.742
0.4175   143.926   10.6423   -852.111
0.888   45.1599   1.0765   -34.8366
0.467   115.061   7.19174   28.1386
0.568   82.9156   3.86361   -22.6651
0.5165   92.055   4.94677   382.854
0.25   261.85   41.7852   -15.6902
0.566   72.4245   3.39266   -414.712
0.934   32.047   0.708185   -10.9077
0.6156   55.9892   2.31226   14.2179
0.619   51.6733   2.11646   -7.39241
0.6651   42.9655   1.58004   129.581
0.306   126.877   14.9514   -5.14515
0.7146   32.4167   1.07042   -147.319
0.995   17.8854   0.359456   -3.59101
0.7641   23.9325   0.714731   5.32824
0.685   25.2165   0.887215   -2.47046
0.8137   17.296   0.470033   32.7247
0.378   48.1014   4.12858   -1.67648
0.8632   12.2216   0.303978   4548.78
0.072   440.38   454.683   -1.07721
0.9127   8.62377   0.197281   -4587.52
0.767   9.82961   0.291893   -0.6852
0.9622   6.12341   0.129412   7.13636
0.465   15.8765   0.998746   548593
0.0118   3491.77   54338   505.928
0.164   170.176   51.1107   -534522
0.0613   1060.5   1393.8   -510.075
0.864   23.6723   0.587962   -10854.1
0.1108   589.272   318.703   20.3749
0.567   55.7807   2.60609   -1960.58
0.1603   400.606   124.508   249.321
0.271   193.089   27.3013   -635.6
0.2099   296.744   61.5522   -269.225
0.976   30.6783   0.634654   -268.883
0.2594   231.283   34.9195   13.371
0.683   55.4364   1.95904   -134.333
0.3089   186.028   21.6139   88.4153
0.392   131.857   10.7165   -75.5204
0.3584   152.028   14.1336   6094.58
0.102   1003.36   614.381   -48.5324
0.408   121.851   9.32648   -6191.27
0.814   41.9241   1.13869   -31.4391
0.4575   96.3763   6.21246   27.8797
0.528   75.0159   3.90016   -19.9541
0.507   76.6636   4.23602   337.091
0.242   222.547   37.2889   -13.6132
0.5565   60.0979   2.88763   -371.127
0.959   24.9019   0.528913   -9.3962
0.6061   46.2929   1.95694   7.83181
0.677   36.4332   1.30465   -6.35607
0.6556   35.3242   1.32738   42.6561
0.396   69.0821   5.52972   -4.42362
0.7051   26.394   0.889219   1712.99
0.117   351.507   175.201   -3.44589
0.7546   18.0053   0.547905   -1765.54
0.84   12.5421   0.324962   -2.57944
0.8042   10.5721   0.292412   3.13544
0.564   13.495   0.635525   -1.66654
0.8537   5.0356   0.127342   13.1569
0.289   15.1001   1.93871   -1.00878
0.9032   1.1801   0.0274235   -10897.5
0.016   -109.32   -1077.45   -0.164091
0.9527   0.520739   0.0111703   10878.5
0.744   1.78118   0.055364   2.90426e+07
0.0023   15907.4   2.87666e+06   16.1097
0.474   27.011   1.65102   -2.9021e+07
0.0518   1266.39   2142.66   402.777
0.205   193.321   41.5459   -17692.2
0.1013   630.789   390.257   -414.047
0.937   24.3171   0.534789   -2550.34
0.1508   404.098   137.646   11.1466
0.671   45.1589   1.63885   -742.302
0.2004   288.384   64.1217   63.5601
0.406   102.903   7.93446   -295.863
0.2499   218.05   34.8166   1865.74
0.142   517.028   192.735   -142.887
0.2994   169.71   20.6637   -1937.62
0.88   33.7443   0.815372   -76.3652
0.3489   135.343   13.0998   15.3132
0.62   57.0771   2.33214   -43.6843
0.3984   110.597   8.77289   96.0583
0.36   128.283   11.8467   -26.8583
0.448   91.8888   6.11259   5073.42
0.102   840.026   514.366   -17.8297
0.4975   76.4639   4.34657   -5184.24
0.845   33.8785   0.869999   -12.1197
0.547   63.8081   3.14612   16.0439
0.59   55.8703   2.45914   -8.203
0.5965   53.897   2.33361   104.408
0.336   124.986   12.8007   -5.77205
0.6461   45.8722   1.76189   8079.9
0.083   974.736   813.111   -4.45996
0.6956   38.3953   1.32014   -8201.66
0.831   28.1221   0.740503   -3.40406
0.7451   31.6943   0.982967   12.6103
0.5806   44.1255   1.98955   -2.40918
0.7946   26.431   0.744339   79.3516
0.3314   94.2005   9.84928   -1.71994
0.8442   22.3195   0.57398   5676.63
0.0835   692.045   572.117   -1.18465
0.8937   19.3412   0.456641   -5770.57
0.8368   20.9304   0.545413   -0.828697
0.9432   17.2007   0.374559   9.62812
0.5914   34.1794   1.49907   -0.601379
0.9927   15.6188   0.314993   59.0117
0.3472   75.3236   7.34415   41646.4
0.0423   1799.26   4125.37   3468.61
0.1042   591.719   350.909   -35583.2
0.0918   837.849   600.872   -3534.55
0.8623   32.6508   0.813366   -4010.5
0.1413   542.228   203.633   17.5844
0.6217   62.7911   2.55509   -1111.75
0.1908   390.723   93.5151   95.9148
0.3823   142.859   12.0554   -441.027
0.2404   294.46   49.8316   2252.5
0.144   644.222   235.165   -214.209
0.2899   223.911   28.6143   -2364.9
0.9069   39.937   0.922393   -113.702
0.3394   172.005   17.3521   12.93
0.6709   60.6933   2.2031   -63.384
0.3889   134.642   11.074   55.0364
0.4361   110.513   7.65443   -37.9703
0.4385   106.457   7.31305   649.565
0.2024   328.647   71.9936   -24.2136
0.488   83.9937   4.9147   -720.806
0.9699   28.6418   0.598121   -15.7433
0.5375   66.2864   3.35534   6.42378
0.7385   39.2735   1.23439   -10.2039
0.587   52.8634   2.34465   22.3532
0.5081   62.6138   3.44847   -6.78088
0.6366   42.6008   1.67301   156.92
0.2789   140.232   18.9913   -4.58398
0.6861   34.7291   1.21897   28797.9
0.0508   1648.21   2871.41   -3.39457
0.7356   27.9199   0.882737   -28983.8
0.8238   21.9927   0.586715   -2.52633
0.7851   22.0583   0.632505   7.56173
0.5979   30.9579   1.3357   -1.76128
0.8347   17.5117   0.458051   34.8332
0.373   54.6573   4.78591   -1.23492
0.8842   13.9939   0.335733   610.633
0.1492   188.573   65.2688   -0.848794
0.9337   11.3827   0.25166   -656.49
0.9265   10.9001   0.243806   -0.584853
0.9832   9.46851   0.193731   2.60272
0.7048   14.8792   0.501604   48407.6
0.0328   1427.96   4794.95   16.9998
0.4842   36.9142   2.18543   -42631.4
0.0823   677.427   572.325   188.456
0.2645   142.201   20.8519   -3815.87
0.1318   466.241   194.365   51631.4
0.046   2539.75   5134.92   -990.923
0.1813   372.355   96.2144   -51830.7
0.8284   41.9183   1.10898   -411.084
0.2309   308.691   55.4968   20.6348
0.6119   75.6561   3.15285   -213.742
0.2804   255.509   34.3257   94.8257
0.3963   156.905   12.5453   -121.997
0.3299   211.284   22.2419   1232.67
0.1818   523.225   134.641   -75.5993
0.3794   172.851   14.7539   -1350.45
0.9683   42.03   0.879883   -47.7801
0.429   141.165   10.0213   9.37606
0.7557   59.5636   1.80858   -30.3285
0.4785   116.442   7.01723   29.0105
0.5442   94.231   4.68205   -20.1889
0.528   96.5075   5.01753   148.723
0.3336   187.522   19.413   -14.0306
0.5775   79.8166   3.62781   3391.04
0.1239   776.809   355.294   -10.6862
0.6271   63.966   2.56936   -3579.22
0.9153   33.9567   0.773499   -7.879
0.6766   49.9131   1.78894   6.9136
0.7076   43.5156   1.45829   -5.38208
0.7261   38.9541   1.25585   21.1571
0.5008   63.1423   3.55389   -3.72937
0.7756   30.3554   0.88646   114.456
0.295   119.611   14.8908   -2.61638
0.8252   23.5744   0.627308   4324.54
0.0901   600.953   443.235   -1.90316
0.8747   17.996   0.438801   -4471.03
0.8861   15.9347   0.381066   -1.37687
0.9242   13.4705   0.302423   2.94769
0.6831   19.0495   0.673034   -0.937236
0.9737   10.0955   0.20959   9.05617
0.4809   26.2491   1.57004   128341
0.0233   2266.62   12712.3   111.717
0.2797   93.703   12.6356   -118629
0.0728   947.529   962.222   8687.84
0.0794   979.367   873.162   -6998.64
0.1223   576.804   269.01   -8807.41
0.88   32.7708   0.791849   -1552.24
0.1718   411.47   115.261   11.9381
0.6814   55.6722   1.97431   -547.626
0.2214   318.679   61.0193   42.1454
0.4838   103.731   6.14879   -246.491
0.2709   258.743   36.6046   260.801
0.287   246.511   31.9811   -129.747
0.3204   215.964   23.7532   10405.9
0.0911   1464.87   1062.68   -76.3031
0.3699   182.658   16.1954   -10717.1
0.8961   49.2021   1.15699   -48.1074
0.4195   155.697   11.4304   13.1544
0.7019   72.5194   2.45992   -31.7264
0.469   133.452   8.28793   40.7556
0.5086   118.135   6.49674   -22.0934
0.5185   114.168   6.09959   203.192
0.3162   237.31   26.6228   -16.1663
0.568   96.537   4.49833   3928.04
0.1246   916.579   415.693   -13.2314
0.6176   77.5653   3.18777   -4188.15
0.9338   38.8403   0.858582   -10.1236
0.6671   59.6848   2.18503   6.03318
0.7439   46.8385   1.45617   -6.93023
0.7166   45.5742   1.49859   15.1508
0.5547   61.2402   2.95685   -4.82712
0.7661   34.3043   1.02047   55.1214
0.3665   93.6197   8.41659   -3.4148
0.8157   25.197   0.682235   492.152
0.179   217.031   57.164   -2.46202
0.8652   17.6864   0.438373   -574.622
0.9923   12.2884   0.247976   -1.74837
0.9147   11.6308   0.265198   0.696667
0.8065   11.5096   0.316981   -1.1818
0.9642   7.03147   0.148141   1.09521
0.6214   10.4481   0.425461   291987
0.0138   2350.48   28921.3   24.2658
0.4372   40.9987   2.82898   -277029
0.0633   1183.05   1481.76   266.35
0.2537   187.13   29.2108   -10997.7
0.1128   745.342   392.439   17682.7
0.071   1688.85   1780.67   -2291.07
0.1623   542.527   165.51   -17966.6
0.8891   45.6933   1.08719   -804.202
0.2119   419.833   85.854   13.4015
0.708   72.1133   2.4146   -361.979
0.2614   335.004   50.0002   38.742
0.5277   120.148   6.25198   -189.077
0.3109   271.774   31.2721   164.86
0.3481   232.501   22.5813   -109.01
0.3604   222.083   20.4747   1765.81
0.1693   689.665   197.484   -68.7562
0.41   179.841   13.6645   -1984.23
0.9912   46.8618   0.947233   -44.0089
0.4595   145.306   9.30542   6.9228
0.8139   60.1097   1.63293   -28.3148
0.509   118.35   6.50085   15.9541
0.6373   81.9542   3.21318   -18.998
0.5585   96.6523   4.6191   47.2363
0.4615   124.039   7.89191   -13.2379
0.6081   78.6384   3.3079   225.759
0.2864   232.462   30.2533   -9.58242
0.6576   63.059   2.35876   4214.91
0.1121   842.467   447.738   -7.75262
0.7071   47.4216   1.59087   -4514.27
0.9384   27.4382   0.60208   -5.90885
0.7566   33.1777   1.0056   2.40481
0.7655   28.2136   0.840275   -3.95442
0.8062   22.279   0.61392   4.54895
0.5934   29.5812   1.29085   -2.62357
0.8557   14.0499   0.354056   10.7635
0.4219   32.3808   2.35697   -1.70235
0.9052   8.00643   0.185439   40.4808
0.2511   40.1601   6.36657   -1.03161
0.9547   3.89359   0.0832586   811.364
0.0811   100.422   86.7318   5.47806e+06
0.0043   7670.12   542600   -873.132
0.9117   10.844   0.248479   -5.45713e+06
0.0538   1296.92   2073.1   7.11392
0.7431   30.6079   0.953109   -16768.8
0.1033   686.005   412.152   17.2716
0.5751   58.2432   2.66385   -2590.78
0.1528   465.731   155.536   62.0163
0.4079   115.015   8.80654   -795.053
0.2024   350.525   76.7862   393.901
0.2413   284.175   47.8223   -330.727
0.2519   279.055   44.0278   16768.6
0.0754   1773.59   1708.74   -163.186
0.3014   231.145   27.8644   -17240.8
0.9102   45.5547   1.04642   -91.2367
0.3509   196.194   18.8274   9.73887
0.7456   64.9087   2.01106   -56.238
0.4005   168.45   13.2571   24.1025
0.5817   97.828   4.3984   -36.6448
0.45   145.696   9.62742   77.5434
0.4185   163.944   12.079   -25.1263
0.4995   126.34   7.13867   414.895
0.2559   345.085   53.1742   -18.0583
0.549   109.102   5.35   10129.6
0.094   1526.45   1056.5   -14.3647
0.5985   91.1586   3.92718   -10656.4
0.9328   44.9412   0.995044   -10.9313
0.6481   74.4013   2.84445   6.21713
0.7722   54.7986   1.61085   -7.60965
0.6976   61.0695   2.09071   13.5798
0.6122   70.9827   2.95592   -5.44698
0.7471   50.2174   1.55119   37.0886
0.4529   101.299   6.62953   -3.98944
0.7966   41.2054   1.15604   152.512
0.2942   173.884   21.7357   -2.99301
0.8462   33.5443   0.859586   1739.84
0.1361   488.491   194.066   -2.32557
0.8957   26.7411   0.629239   -1954.79
0.9787   21.5961   0.444918   -1.76086
0.9452   20.9533   0.454827   1.93422
0.8219   23.7765   0.636502   -1.25212
0.9947   16.4524   0.330805   3.84801
0.6657   27.7098   1.01765   32381.2
0.0443   1499.39   3207.67   15.3669
0.5102   46.4001   2.53973   -27601.5
0.0938   682.303   473.754   75.7687
0.3552   106.601   10.0446   -3051.63
0.1433   466.372   171.492   595.864
0.2009   311.778   69.0646   -868.135
0.1928   362.881   85.5034   62983.1
0.0472   3242.58   6307.51   -336.179
0.2424   312.343   52.205   -63669
0.894   47.9619   1.1318   -174.27
0.2919   276.274   34.9437   11.2535
0.7415   71.9093   2.24646   -109.822
0.3414   240.667   24.0658   25.9841
0.5896   109.4   4.82017   -71.8183
0.3909   207.705   16.9523   74.6875
0.4382   177.675   12.2179   -48.7593
0.4405   177.68   12.1227   317.414
0.2875   337.394   43.6577   -34.2419
0.49   150.134   8.73105   3509.35
0.1373   997.903   391.257   -25.7787
0.5395   122.725   6.17768   -3940.4
0.9878   47.3725   0.962504   -18.5808
0.589   98.2898   4.33726   4.74163
0.8388   55.1568   1.43216   -12.5817
0.6386   79.0804   3.09105   9.03152
0.6903   66.8994   2.32673   -8.69649
0.6881   63.8024   2.22967   20.0336
0.5425   86.3579   4.31105   -6.13737
0.7376   51.5037   1.62176   56.9627
0.3952   123.967   9.95318   -4.39801
0.7871   41.5242   1.18614   257.273
0.2485   220.066   35.4359   -3.19231
0.8367   33.3785   0.869945   4140.62
0.1023   730.873   445.563   -2.33302
0.8862   26.7192   0.638861   -4493.6
0.9567   22.2025   0.473279   -1.68713
0.9357   21.4061   0.471752   2.03767
0.8117   24.7507   0.67511   -1.18633
0.9852   17.3665   0.354246   4.02998
0.6672   29.3508   1.07428   72758.4
0.0348   2345.56   7207.04   18.8528
0.5233   55.8258   2.94164   -63868
0.0843   1080.96   880.94   83.7886
0.3799   131.954   11.2409   -5964.49
0.1338   711.939   290.161   464.044
0.237   330.88   57.2042   -1587.49
0.1833   522.947   132.921   9721.02
0.0947   1490.3   1020.07   -619.642
0.2329   403.142   71.5458   -10287.7
0.9529   50.3121   1.0789   -291.543
0.2824   321.015   42.6686   7.60842
0.8117   67.1831   1.83251   -155.594
0.3319   261.283   27.2571   15.0936
0.671   91.6905   3.32752   -91.2218
0.3814   215.168   18.2216   34.5704
0.5308   130.897   6.7517   -57.3138
0.431   177.95   12.5447   99.3365
0.3912   203.512   16.5909   -37.8566
0.4805   146.859   8.79507   434.266
0.252   378.008   59.6047   -26.4318
0.53   119.485   6.17702   5513.25
0.1134   1159.55   605.689   -20.3716
0.5795   91.984   4.15922   -6106.98
0.9753   38.4502   0.79629   -14.7961
0.6291   67.3821   2.69368   2.35732
0.8378   39.5891   1.02978   -9.64736
0.6786   48.71   1.73811   3.79466
0.7007   41.3326   1.40564   -6.38342
0.7281   34.4427   1.10583   6.78149
0.5641   44.1228   2.07735   -4.24776
0.7776   23.5508   0.685096   14.2996
0.4281   49.0598   3.49372   -2.81263
0.8272   15.3322   0.406507   40.8793
0.2925   59.8193   7.54279   -1.80651
0.8767   9.36521   0.227573   235.064
0.1575   96.5952   30.8258   -1.03339
0.9262   5.59547   0.125216   67303.3
0.0229   1163.5   6697.19   0.293483
0.9757   7.4545   0.154285   -67611.7
0.8888   12.1085   0.288246   160802
0.0253   3213.29   15927.6   5.95245
0.7553   28.8876   0.877833   -149002
0.0748   1198.87   1168.96   15.0906
0.6222   58.3754   2.37255   -8401
0.1243   740.035   336.842   36.9242
0.4896   103.56   6.02988   -1934.68
0.1738   527.47   145.212   117.125
0.3575   188.935   17.6311   -703.227
0.2234   399.968   75.5581   584.92
0.2258   406.479   75.5671   -321.323
0.2729   312.548   43.7312   9945.86
0.0947   1549.66   1060.7   -172.952
0.3224   244.118   26.6004   -10698.9
0.964   46.6153   0.98241   -98.0605
0.3719   192.011   16.8875   4.97174
0.8338   56.2941   1.47486   -57.1266
0.4215   154.051   11.2292   8.96428
0.7041   69.9829   2.36277   -35.2952
0.471   125.317   7.73321   18.123
0.5748   90.8369   4.15784   -22.9262
0.5205   102.833   5.46238   43.3465
0.446   126.196   8.45129   -15.4751
0.57   84.7768   3.92957   136.67
0.3177   197.397   21.9884   -10.8234
0.6196   69.8675   2.85751   744.231
0.1898   396.73   95.7041   -7.85583
0.6691   57.055   2.0794   23648.8
0.0624   1905.24   2438.1   -6.47919
0.7186   43.9036   1.43764   -24609.1
0.9354   26.5311   0.584978   -4.9911
0.7681   31.8334   0.943271   1.34516
0.8089   26.1949   0.718216   -3.30778
0.8177   22.8211   0.615638   2.16025
0.6828   26.3672   0.932188   -2.17126
0.8672   16.2175   0.400575   3.95638
0.5572   27.6087   1.32407   -1.3956
0.9167   11.5433   0.262342   8.92394
0.432   31.4297   2.20798   -0.850698
0.9662   8.47888   0.178081   28.3625
0.3073   42.8481   5.01727   358682
0.0158   3537.28   35527.5   515.772
0.183   220.187   56.1042   -340761
0.0653   1485.11   1775.29   28289.8
0.0592   2063.93   2858.19   -13460.2
0.1148   862.016   442.061   -28847.3
0.9358   40.2331   0.886522   -2686.11
0.1643   587.62   176.003   6.50311
0.8128   56.2305   1.53065   -889.563
0.2139   435.901   87.8924   11.8585
0.6902   77.7654   2.70523   -381.33
0.2634   339.681   50.1219   24.2066
0.5681   109.54   5.10288   -192.184
0.3129   272.769   31.0862   57.8152
0.4464   161.925   10.8295   -107.942
0.3624   223.057   20.3946   176.323
0.3252   263.052   28.2941   -65.9224
0.412   183.817   13.865   853.41
0.2043   522.305   112.824   -43.211
0.4615   150.65   9.58496   14582
0.0839   1897.13   1557.16   -32.3652
0.511   116.82   6.37921   -15712.2
0.9639   41.6543   0.877995   -22.904
0.5605   86.4741   4.11058   2.26764
0.8443   42.8829   1.1026   -14.5875
0.6101   63.6842   2.66569   3.40058
0.7251   44.5561   1.43943   -9.5412
0.6596   46.2096   1.72064   5.40139
0.6064   46.7414   1.97443   -6.38055
0.7091   32.589   1.08865   9.39771
0.488   49.652   2.90527   -4.31873
0.7586   21.891   0.660885   18.7112
0.3701   53.7129   4.75861   -2.92768
0.8082   13.51   0.370899   47.4868
0.2526   60.2226   9.46215   -1.94399
0.8577   7.10217   0.178348   209.079
0.1354   75.3602   30.1713   -1.18451
0.9072   2.64342   0.0610227   28024.3
0.0187   359.72   2805.97   -0.0826185
0.9567   2.4788   0.0528393   -28327.9
0.9024   4.2377   0.0986079   3.92429e+06
0.0063   9744.16   388699   5.01357
0.7864   20.8088   0.5952   -3.89721e+06
0.0558   1772.42   2682.23   13.2064
0.6709   52.4339   1.90329   -21243
0.1053   990.337   578.123   25.5736
0.5557   92.1309   4.43634   -3549.04
0.1548   691.867   226.593   62.3223
0.441   155.764   10.6093   -1137.63
0.2044   527.723   113.911   190.365
0.3266   275.708   29.4649   -488.079
0.2539   420.53   65.5667   870.271
0.2126   568.416   115.665   -249.853
0.3034   341.983   40.8189   10918.5
0.099   1869.46   1197.14   -145.469
0.3529   277.569   26.4103   -12074.1
0.9858   59.243   1.20735   -88.3035
0.4025   226.128   17.6639   5.15498
0.873   70.2509   1.71795   -54.4523
0.452   186.933   12.2704   8.33932
0.7606   84.5988   2.54396   -35.4964
0.5015   155.868   8.75448   14.5086
0.6485   104.227   3.98103   -24.0848
0.551   130.59   6.36889   27.8574
0.5368   132.898   6.74029   -16.8902
0.6006   109.577   4.69593   61.7559
0.4255   178.902   12.8572   -12.1202
0.6501   91.8525   3.49543   171.861
0.3145   264.198   29.8799   -8.9314
0.6996   76.5887   2.61078   720.865
0.2039   467.492   101.281   -6.77579
0.7491   63.045   1.93964   8468.67
0.0937   1351.77   940.098   -5.49762
0.7986   49.9138   1.3951   -9484.29
0.9839   33.4508   0.683692   -4.24405
0.8482   38.1727   0.974733   1.27817
0.8744   33.2145   0.810294   -2.97763
0.8977   28.9866   0.6798   1.8402
0.7653   33.314   0.992565   -2.09457
0.9472   21.8289   0.472333   2.84755
0.6565   33.99   1.27461   -1.46913
0.9967   16.3031   0.326816   4.8488
0.5481   35.6992   1.75488   26280.6
0.0463   1300.27   2603.41   12.2529
0.4401   43.4499   2.96853   -23430.8
0.0958   420.089   282.601   37.8193
0.3324   64.5099   6.71452   -2044.1
0.1453   222.501   80.1333   153.042
0.2251   117.11   21.8732   -460.005
0.1948   149.006   34.57   1403.41
0.1181   327.34   160.881   -154.124
0.2444   116.929   19.3042   2.03531e+06
0.0114   12311.4   201758   -28.8541
0.2939   131.366   16.4462   -2.03693e+06
0.9052   29.6794   0.687413   -17.8214
0.3434   148.107   14.681   6.09472
0.7992   46.2445   1.29109   -28.9655
0.3929   145.836   11.8119   9.9263
0.6936   65.8611   2.27429   -26.6728
0.4425   135.319   9.17001   17.6518
0.5884   91.0219   4.02269   -21.5546
0.492   121.712   7.03503   35.2054
0.4835   126.573   7.50977   -16.7714
0.5415   107.35   5.37384   82.4806
0.3789   183.332   15.6794   -12.8908
0.591   93.3187   4.09701   248.789
0.2747   291.037   40.3218   -9.9448
0.6406   79.9904   3.11199   1212.56
0.1708   567.709   160.426   -7.77521
0.6901   67.3051   2.34186   22911.9
0.0673   2126.76   2429.84   -6.56216
0.7396   53.9491   1.69188   -24524.4
0.964   33.4827   0.705642   -5.10361
0.7891   41.6905   1.18637   1.37116
0.8612   33.7137   0.841455   -3.49916
0.8387   32.3366   0.839777   2.07192
0.7586   34.6699   1.04668   -2.39375
0.8882   25.2913   0.602677   3.38688
0.6564   36.8491   1.38215   -1.62843
0.9377   20.0923   0.441381   6.16978
0.5545   41.2607   1.99326   -1.08784
0.9872   16.4057   0.333631   12.9819
0.4529   50.1048   3.27911   59702.8
0.0368   2092.97   5913.86   59.3823
0.3516   95.7483   9.1609   -52020.3
0.0863   967.566   761.28   277.921
0.2507   230.879   36.6888   -5038.85
0.1358   657.775   262.185   1802.92
0.1501   627.58   215.267   -1392.43
0.1853   496.916   124.265   66783.6
0.0498   3805.35   6830.15   -563.012
0.2349   390.959   68.4993   -68946.1
0.9499   49.8678   1.07444   -274.122
0.2844   314.387   41.3476   5.0851
0.8502   62.0214   1.57812   -150.122
0.3339   256.113   26.4781   7.72336
0.7509   76.434   2.34312   -88.9674
0.3834   210.25   17.666   12.517
0.6518   94.5211   3.58292   -55.7436
0.433   173.474   12.1446   21.9947
0.5531   118.812   5.76149   -36.2333
0.4825   143.754   8.55569   43.2286
0.4547   154.377   10.0433   -24.395
0.532   119.429   6.13937   99.6332
0.3566   212.571   19.9119   -16.8954
0.5815   99.278   4.46589   295.623
0.2588   324.692   49.1932   -12.0443
0.6311   82.2625   3.27291   1407.45
0.1614   613.08   188.6   -8.87098
0.6806   67.3949   2.39425   25494.9
0.0642   2213.14   2713.85   -7.23678
0.7301   52.4617   1.67745   -27392.4
0.9673   31.1959   0.654087   -5.54386
0.7796   38.9371   1.12833   0.755246
0.8708   29.6935   0.728894   -3.74975
0.8292   28.6522   0.756919   1.01638
0.7745   28.3467   0.829566   -2.5381
0.8787   20.8747   0.505522   1.44184
0.6785   27.2446   0.97238   -1.71521
0.9282   15.0468   0.335631   2.21062
0.5828   26.5727   1.19134   -1.14741
0.9777   10.7583   0.22198   3.78047
0.4875   26.7188   1.56579   79374.1
0.0273   1777.9   7862.19   17.9978
0.3924   41.2629   3.34847   -74058
0.0768   562.074   526.783   66.0324
0.2976   80.4859   9.88895   -3913.8
0.1263   313.056   139.122   263.426
0.2031   165.105   35.9812   -804.917
0.1758   219.485   59.3958   2336.91
0.1089   481.843   267.451   -270.83
0.2254   174.732   32.5702   1.18806e+06
0.015   10862.6   117944   -101.824
0.2749   162.467   22.4846   -1.19075e+06
0.9214   29.215   0.658891   -61.9087
0.3244   151.47   16.3525   3.67255
0.828   38.6273   1.02266   -49.7667
0.3739   130.93   11.4232   4.85408
0.735   47.4941   1.50345   -36.7434
0.4235   107.545   7.78375   6.67586
0.6422   55.8498   2.16469   -26.1014
0.473   84.7779   5.19842   9.69304
0.5497   63.8452   3.12478   -18.2915
0.5225   64.124   3.38666   15.1492
0.4575   71.7541   4.6253   -12.6899
0.572   46.1889   2.12973   26.2114
0.3656   80.031   7.22153   -8.71535
0.6216   31.1159   1.26647   53.0112
0.2739   89.63   12.4723   -5.86593
0.6711   18.8921   0.685456   139.982
0.1826   103.025   26.3374   -3.79915
0.7206   9.48056   0.309153   709.04
0.0915   133.993   96.5674   -2.18941
0.7701   3.12685   0.0922925   3.78955e+08
0.0007   34850.4   3.75354e+07   -0.312527
0.8197   2.28204   0.0613368   -3.78956e+08
0.9101   3.06144   0.0703351   0.472173
0.8692   4.39184   0.108105   0.899379
0.8199   5.93334   0.159418   0.260125
0.9187   5.9097   0.133871   1.48094
0.7299   9.5694   0.306104   0.134986
0.9682   7.03228   0.147241   2.59867
0.6401   14.4673   0.563501   289338
0.0178   3412.01   28659   9.69438
0.5507   31.2176   1.52373   -278201
0.0673   965.71   1103.33   21.4597
0.4615   57.357   3.6493   -8745.78
0.1168   474.399   237.061   38.9761
0.3726   85.628   7.50986   -1519.31
0.1663   294.338   86.574   104.714
0.2839   135.606   17.8817   -451.626
0.2159   210.425   41.8406   408.409
0.1955   252.793   58.3345   -176.985
0.2654   166.634   24.3104   3277.84
0.1074   675.815   383.003   -82.4114
0.3149   143.049   16.1475   720126
0.0195   9789.46   71711.2   -37.1282
0.3644   137.516   12.47   -723985
0.9319   36.7799   0.815524   -24.7528
0.414   133.787   10.0183   4.26986
0.8446   48.1921   1.23845   -22.5508
0.4635   123.149   7.78461   5.8558
0.7575   60.1034   1.81847   -18.8368
0.513   109.027   5.91884   8.30345
0.6707   72.7223   2.64092   -15.0677
0.5625   93.6167   4.42639   12.389
0.5841   86.565   3.86805   -11.7923
0.6121   78.2265   3.25837   19.7513
0.4978   102.554   5.8244   -9.06969
0.6616   63.6691   2.36002   34.612
0.4117   122.535   9.25271   -6.91767
0.7111   50.3484   1.67483   69.3749
0.3259   150.393   16.1243   -5.22149
0.7606   38.4971   1.15764   173.073
0.2403   196.456   33.2671   -3.88625
0.8102   28.2504   0.772711   646.764
0.155   297.755   97.3287   -2.80714
0.8597   19.7675   0.494665   6933.27
0.07   727.98   784.066   -1.88343
0.9092   13.3911   0.308112   -7913.82
0.9851   10.0907   0.205865   -1.22504
0.9587   8.78936   0.186773   -0.21118
0.9006   7.92439   0.184947   1.91858e+06
0.0083   7203.92   190034   4.49363
0.8163   23.295   0.630039   -1.88942e+06
0.0578   2011.93   2888.03   10.4323
0.7322   52.2456   1.66336   -23105.1
0.1073   1056.32   599.482   12.9812
0.6484   77.1932   2.94913   -3793.89
0.1568   696.309   223.698   21.4292
0.5648   107.923   5.07168   -1154.19
0.2064   514.172   109.377   40.0348
0.4814   151.324   9.03711   -470.265
0.2559   407.534   62.797   83.9077
0.3983   218.619   17.3481   -230.497
0.3054   338.157   39.9664   204.094
0.3155   333.723   37.5636   -128.105
0.3549   289.126   27.2777   626.228
0.2328   560.809   99.5911   -78.5798
0.4045   251.424   19.4944   2903.61
0.1505   1133.32   387.192   -52.4677
0.454   219.262   14.2975   38911.6
0.0683   3795.39   4241.37   -40.6144
0.5035   184.029   10.2747   -42807.3
0.9864   65.0976   1.32546   -30.1177
0.553   150.323   7.29152   2.86914
0.9047   69.4395   1.60964   -20.5551
0.6026   123.249   5.25556   3.74195
0.8233   74.1624   1.98028   -14.5138
0.6521   100.791   3.81797   4.94519
0.7421   79.1641   2.4701   -10.5293
0.7016   81.757   2.77505   6.69521
0.6611   84.4339   3.13326   -7.75657
0.7511   65.4882   2.00676   9.4172
0.5803   90.1092   4.06603   -5.75792
0.8007   51.5957   1.43645   13.9929
0.4998   96.5766   5.45202   -4.2547
0.8502   39.8911   1.01502   22.7066
0.4195   104.899   7.7011   -3.10404
0.8997   30.2715   0.707566   42.1273
0.3395   117.752   11.8738   -2.18726
0.9492   22.7597   0.490919   98.328
0.2596   143.316   21.6131   -1.41994
0.9987   17.5259   0.350275   340.37
0.18   211.818   55.3266   28782.1
0.0483   1517.29   2851.2   3637.37
0.1006   664.812   415.606   -23205.4
0.0978   847.478   552.714   611173
0.0215   9633.1   60952   -3138.24
0.1473   685.505   241.873   -615359
0.9425   47.8689   1.04354   -1162.87
0.1968   554.502   126.691   5.27369
0.8638   63.0237   1.5659   -573.059
0.2464   428.789   69.9298   6.08902
0.7853   75.6722   2.16902   -297.057
0.2959   326.86   40.5065   7.44879
0.707   86.6296   2.90681   -163.737
0.3454   247.174   24.2884   9.65122
0.629   96.6038   3.86276   -94.6527
0.3949   185.532   14.9131   13.3356
0.5512   106.346   5.18365   -56.8418
0.4445   137.916   9.28297   19.8604
0.4735   116.803   7.15082   -34.9858
0.494   101.265   5.81764   32.2829
0.3961   129.331   10.3484   -21.9912
0.5435   73.1057   3.63942   59.5829
0.3189   146.709   16.2501   -13.961
0.593   51.66   2.25659   132.907
0.242   175.551   29.4145   -8.85019
0.6426   35.6373   1.37998   416.94
0.1652   238.029   70.7122   -5.46553
0.6921   24.207   0.838626   2764.19
0.0887   456.246   344.503   -3.10293
0.7416   17.0098   0.531281   1.05484e+06
0.0123   7168.81   104826   -0.836035
0.7911   15.8199   0.448473   -1.05832e+06
0.9362   13.6641   0.30089   0.0636835
0.8407   17.5745   0.45478   1.59463
0.8603   18.355   0.458838   -0.112777
0.8902   18.679   0.44361   2.32435
0.7846   24.0078   0.689063   -0.197067
0.9397   19.367   0.424091   3.53121
0.7091   31.0975   1.03883   -0.230206
0.9892   19.7926   0.401289   5.61373
0.6338   40.3434   1.59487   73198.5
0.0388   2778.09   7250.68   12.2509
0.5588   58.8098   2.80831   -65138.6
0.0883   1050.65   798.724   24.081
0.4839   87.6426   5.19352   -5658.81
0.1378   610.907   238.222   44.1366
0.4092   125.522   9.56523   -1351.46
0.1873   424.093   104.36   96.9009
0.3348   186.109   19.1632   -481.833
0.2369   327.379   56.6348   258.025
0.2605   298.083   44.7204   -214.64
0.2864   271.815   35.3748   909.897
0.1864   544.032   134.845   -111.723
0.3359   237.245   24.3087   5481.61
0.1126   1283.89   677.796   -65.4511
0.3854   213.815   17.8258   176235
0.0389   6974.83   18133.8   -45.9171
0.435   190.976   13.2778   -183066
0.9655   58.7331   1.23491   -34.0482
0.4845   167.467   9.90532   3.61211
0.8922   67.2889   1.59268   -25.0169
0.534   145.301   7.4274   4.48839
0.8192   75.727   2.03726   -18.9116
0.5835   124.109   5.55422   5.59952
0.7463   83.7734   2.59189   -14.4857
0.6331   104.031   4.11942   7.0613
0.6736   91.2202   3.29131   -11.0936
0.6826   85.4011   3.0206   9.07706
0.6012   97.9269   4.19038   -8.49226
0.7321   68.442   2.17945   12.1013
0.5289   103.918   5.38901   -6.45246
0.7816   53.3596   1.54034   16.9135
0.4568   109.34   7.06428   -4.83751
0.8312   40.3152   1.06118   25.4524
0.385   114.794   9.58533   -3.52849
0.8807   29.4885   0.711689   43.7989
0.3133   122.409   13.9236   -2.45516
0.9302   21.0717   0.468507   94.7834
0.2418   138.957   23.3119   -1.53559
0.9797   15.3818   0.316407   312.381
0.1705   191.483   54.2531   108743
0.0293   2708.25   10771.3   4323.3
0.0994   758.007   482.473   -95757.3
0.0788   1426.73   1286.57   334849
0.0284   8073.67   33649.1   -8352.71
0.1283   1058.03   459.239   -339707
0.9577   58.6257   1.24774   -2458.25
0.1778   810.902   215.75   5.88402
0.8872   76.6891   1.83055   -1030.43
0.2274   618.035   113.686   6.73403
0.8168   92.429   2.49755   -491.725
0.2769   474.669   64.981   8.1486
0.7466   106.876   3.30467   -259.304
0.3264   367.372   39.2971   10.4027
0.6766   120.952   4.33505   -146.722
0.3759   286.125   24.7644   14.01
0.6068   135.61   5.72274   -87.6508
0.4255   223.782   16.0826   19.9786
0.5372   152.022   7.70161   -54.3506
0.475   175.595   10.6992   30.4222
0.4678   171.87   10.7149   -34.8694
0.5245   137.975   7.24542   50.2159
0.3986   197.931   15.6888   -22.9357
0.574   108.433   4.97365   92.397
0.3295   235.541   24.8407   -15.3987
0.6236   85.1333   3.44842   197.453
0.2606   296.107   44.3983   -10.4633
0.6731   66.7764   2.41204   534.358
0.1919   410.168   97.3262   -7.198
0.7226   52.3215   1.69908   2224.96
0.1234   690.431   317.708   -4.98714
0.7721   40.9878   1.2051   28047.9
0.055   2001.9   3095.84   -3.47375
0.8217   32.1521   0.861031   -31250.9
0.9869   22.6607   0.461044   -2.41591
0.8712   25.3456   0.621736   0.315901
0.9189   21.7411   0.492334   -1.67529
0.9207   20.187   0.455799   0.472065
0.8511   21.2204   0.539092   -1.15075
0.9702   16.376   0.341818   0.742892
0.7835   21.3014   0.612675   365094
0.0198   5051.02   36162.8   7.05424
0.716   39.8312   1.31139   -344955
0.0693   1824.66   1995.09   14.3038
0.6487   71.4593   2.72818   -15220
0.1188   1000.85   487.554   16.479
0.5816   96.9582   4.36042   -3030.08
0.1683   648.751   187.427   23.8453
0.5147   124.442   6.72228   -977.948
0.2179   461.796   90.5617   39.2669
0.4479   159.468   10.6117   -402.726
0.2674   351.261   50.6719   71.9528
0.3814   209.464   17.7385   -194.483
0.3169   280.899   31.4085   149.096
0.315   288.108   32.5065   -104.953
0.3664   233.636   21.0129   362.041
0.2487   425.086   68.3664   -61.971
0.416   200.083   14.8747   1115.76
0.1826   699.743   178.882   -39.5251
0.4655   174.502   10.9598   5305.18
0.1167   1407.73   704.358   -27.9796
0.515   151.716   8.18842   77748.8
0.051   4853.22   8405.34   -24.6446
0.5645   122.204   5.74738   -84849.8
0.9855   49.1127   1.00136   -19.3899
0.6141   92.3246   3.82683   0.484572
0.9201   46.4295   1.04935   -12.6916
0.6636   69.6412   2.56973   0.504533
0.8548   43.5555   1.09933   -8.56437
0.7131   51.9678   1.72143   0.449932
0.7898   40.2514   1.14389   -5.89163
0.7626   37.9888   1.13787   0.312749
0.7249   36.3519   1.17487   -4.09413
0.8122   26.8738   0.732344   0.0440142
0.6602   31.7126   1.17923   -2.8367
0.8617   18.1003   0.45137   -0.402424
0.5956   26.2553   1.13937   -1.94029
0.9112   11.3019   0.259185   -1.1192
0.5312   19.9626   1.02851   -1.2855
0.9607   6.2245   0.131857   -2.20894
0.467   12.9548   0.809719   500758
0.0103   2599.31   49600   24.8264
0.4029   41.9082   3.26876   -484338
0.0598   1192.47   1626.58   66.9798
0.339   97.9918   9.90308   -13191.4
0.1093   579.663   319.982   115.068
0.2753   154.248   21.3006   -2045.49
0.1588   372.374   117.377   318.441
0.2117   258.036   52.842   -586.371
0.2084   282.814   59.2972   1257.77
0.1482   507.462   177.424   -227.756
0.2579   241.22   36.7381   9444.76
0.085   1382.65   1112.92   -105.977
0.3074   224.211   26.2411   789177
0.0219   12881.1   79280.5   -52.0493
0.3569   225.386   21.0856   -800401
0.9589   56.4692   1.19959   -40.4836
0.4065   221.866   17.0758   4.83672
0.8961   71.3868   1.67866   -38.4119
0.456   204.868   13.2711   5.42552
0.8335   84.5394   2.21606   -32.574
0.5055   180.982   10.0446   6.05865
0.771   95.5783   2.81616   -26.197
0.555   154.421   7.44984   6.74917
0.7087   104.226   3.48467   -20.5113
0.6046   127.696   5.4182   7.51153
0.6466   110.225   4.22868   -15.733
0.6541   102.366   3.85986   8.34912
0.5846   113.288   5.05565   -11.9359
0.7036   79.2238   2.67761   9.17031
0.5227   112.988   5.96397   -8.94257
0.7531   58.7085   1.79185   9.69608
0.461   108.655   6.92436   -6.60283
0.8027   41.0235   1.13784   9.30486
0.3995   99.3216   7.846   -4.76207
0.8522   26.2732   0.666164   6.35213
0.3381   83.5289   8.47518   -3.32118
0.9017   14.4745   0.337202   -4.26617
0.2769   58.8222   8.05262   -2.17922
0.9512   5.64381   0.121351   -38.9939
0.2158   21.0592   4.19029   -7.19019e+07
0.0008   -8078.82   -7.12185e+06   710.931
0.1548   227.803   74.6077   7.19397e+07
0.0503   2117.97   3744.96   7419.65
0.0941   1171.47   809.521   -29187.5
0.0998   1349.74   853.955   265114
0.0334   8283.45   27069   -4873.3
0.1493   1073.7   371.257   -273272
0.9729   72.7086   1.51134   -1773.55
0.1988   869.132   195.588   6.34971
0.9126   93.543   2.14028   -849.844
0.2484   691.474   111.411   6.88528
0.8524   111.348   2.82226   -444.766
0.2979   549.047   67.3572   7.70312
0.7924   126.782   3.58525   -251.301
0.3474   435.919   42.466   8.90005
0.7325   140.387   4.4668   -150.191
0.3969   345.849   27.5896   10.5939
0.6727   152.576   5.51612   -93.8676
0.4465   273.599   18.2921   12.9579
0.6131   163.644   6.79959   -60.4693
0.496   215.446   12.3026   16.3365
0.5537   173.871   8.41771   -40.0764
0.5455   168.313   8.33306   21.3689
0.4944   183.587   10.5343   -27.0932
0.595   129.988   5.64949   29.1373
0.4352   193.16   13.4203   -18.5938
0.6446   98.7933   3.80778   41.7409
0.3762   203.069   17.5547   -12.8327
0.6941   73.5401   2.53671   64.3775
0.3173   214.433   23.9313   -8.87553
0.7436   53.2853   1.6576   109.973
0.2586   229.584   34.824   -6.07183
0.7931   37.3982   1.05618   223.57
0.2   255.446   56.9685   -4.01902
0.8427   25.5224   0.658101   619.986
0.1416   316.217   118.378   -2.41721
0.8922   17.6886   0.418678   3379.87
0.0833   546.175   453.153   -0.980051
0.9417   14.7337   0.321605   171627
0.0251   3479.32   17452.7   1.37047
0.9912   22.6261   0.457349   -176195
0.9671   31.8726   0.668484   112193
0.0408   4591.42   11113.1   6.04801
0.9092   55.0896   1.26754   -96601.1
0.0903   2101.55   1544.86   7.71581
0.8515   80.034   2.03178   -10563.1
0.1398   1306.54   498.589   8.18344
0.7938   100.778   2.84235   -2839.27
0.1893   897.484   217.361   9.02154
0.7364   118.356   3.73593   -1080.81
0.2389   645.724   110.307   10.3274
0.6791   133.513   4.75885   -494.005
0.2884   476.553   61.3759   12.2178
0.6219   146.759   5.96902   -254.573
0.3379   356.071   36.1605   14.9245
0.5648   158.475   7.44728   -141.987
0.3874   267.109   22.0968   18.7861
0.5079   168.906   9.30804   -83.8625
0.437   199.717   13.7903   24.5523
0.4511   178.318   11.7399   -51.4302
0.4865   147.935   8.69612   33.313
0.3945   186.821   15.0396   -32.5414
0.536   107.668   5.47291   47.6075
0.338   194.614   19.7551   -20.9953
0.5855   76.2144   3.39334   72.5972
0.2816   201.864   26.9458   -13.6894
0.6351   51.6966   2.03741   121.395
0.2253   208.926   38.97   -8.8884
0.6846   32.8561   1.15702   233.928
0.1692   216.818   62.1404   -5.65327
0.7341   18.8267   0.597065   592.135
0.1133   230.94   120.791   -3.37041
0.7836   9.15361   0.263227   3117.32
0.0574   296.15   429.56   -1.63155
0.8332   3.87468   0.101623   7.83794e+07
0.0017   27281.7   7.76387e+06   0.889992
0.8827   7.89009   0.189776   -7.83837e+07
0.9461   11.7723   0.255173   1.77591
0.9322   16.5   0.36568   2.73407
0.8907   22.166   0.525981   1.03576
0.9817   22.8342   0.468271   3.54172
0.8354   33.5626   0.876786   189778
0.0313   5218.5   18797.9   7.76923
0.7802   56.878   1.64632   -171196
0.0808   2119.77   1840.99   11.8362
0.7251   87.2499   2.8187   -13254.4
0.1303   1245.35   528.147   12.209
0.6702   110.794   4.02799   -3160.89
0.1798   821.994   215.062   13.7066
0.6154   130.344   5.38563   -1121.47
0.2294   572.751   103.981   16.306
0.5607   147.353   7.00073   -487.262
0.2789   411.426   55.7184   20.3901
0.5062   162.865   9.02036   -241.019
0.3284   300.451   31.8456   26.9396
0.4518   177.953   11.6887   -129.698
0.3779   221.268   18.9991   37.7756
0.3975   193.866   15.4304   -74.0917
0.4275   163.394   11.6604   56.9091
0.3433   212.441   21.0672   -43.9681
0.477   120.653   7.30535   93.7633
0.2893   236.79   30.3544   -26.8727
0.5265   88.9352   4.64362   176.04
0.2354   273.638   47.791   -16.6706
0.576   65.5804   2.9924   400.516
0.1816   339.323   87.462   -10.3617
0.6256   48.7716   1.96609   1246.36
0.128   484.216   210.914   -6.31818
0.6751   37.2705   1.34027   7308.72
0.0744   951.078   934.839   -3.7167
0.7246   30.0604   0.972135   378646
0.021   5864.44   38439.5   -2.14645
0.7741   25.9335   0.75953   -388080
0.9677   18.3965   0.385482   -1.39831
0.8237   23.2747   0.621028   0.67425
0.9146   19.8317   0.452266   -1.02102
0.8732   21.267   0.519896   0.924416
0.8615   21.8004   0.543829   -0.739378
0.9227   19.8467   0.446661   1.29915
0.8086   24.5143   0.672509   -0.53054
0.9722   18.9397   0.394111   1.8672
0.7558   28.245   0.857455   370769
0.0218   5926.05   36724.9   9.56309
0.7032   53.3503   1.80467   -347032
0.0713   2244.37   2351.48   16.9163
0.6506   91.5584   3.48022   -17706.8
0.1208   1257.91   597.626   16.5445
0.5982   118.733   5.11894   -3721.69
0.1703   806.8   228.994   18.7827
0.5459   141.126   6.97937   -1234.48
0.2199   551.695   106.719   23.1529
0.4937   161.257   9.27265   -513.004
0.2694   391.9   55.906   30.6681
0.4416   181.106   12.3103   -245.515
0.3189   285.182   31.5879   43.5868
0.3897   202.789   16.6276   -128.69
0.3684   211.207   18.8412   67.6052
0.3378   229.567   23.3238   -71.9272
0.418   158.744   11.7169   115.364
0.2861   266.599   34.7506   -41.889
0.4675   121.272   7.56778   224.82
0.2345   324.603   57.0189   -25.2112
0.517   94.4968   5.07062   526.468
0.183   428.431   109.165   -15.5002
0.5665   75.5701   3.53533   1633.02
0.1317   649.131   270.915   -9.74418
0.6161   62.3103   2.57018   8623.38
0.0804   1285.81   1125.06   -6.46343
0.6656   52.5402   1.92998   211141
0.0293   5541.19   22038.5   -5.53815
0.7151   41.8791   1.38143   -222494
0.9783   23.8491   0.491636   -4.49043
0.7646   31.3942   0.93665   nan
0.9274   nan   nan   nan
0.8142   nan   nan   nan
0.8766   nan   nan   nan
0.8637   nan   nan   nan
0.8259   nan   nan   nan
0.9132   nan   nan   nan
0.7754   nan   nan   nan
0.9627   nan   nan   nan
0.7249   nan   nan   nan
0.0123   nan   nan   nan
0.6746   nan   nan   nan
0.0618   nan   nan   nan
0.6244   nan   nan   nan
0.1113   nan   nan   nan
0.5743   nan   nan   nan
0.1608   nan   nan   nan
0.5243   nan   nan   nan
0.2104   nan   nan   nan
0.4744   nan   nan   nan
0.2599   nan   nan   nan
0.4247   nan   nan   nan
0.3094   nan   nan   nan
0.375   nan   nan   nan
0.3589   nan   nan   nan
0.3255   nan   nan   nan
0.4085   nan   nan   nan
0.276   nan   nan   nan
0.458   nan   nan   nan
0.2267   nan   nan   nan
0.5075   nan   nan   nan
0.1775   nan   nan   nan
0.557   nan   nan   nan
0.1284   nan   nan   nan
0.6066   nan   nan   nan
0.0794   nan   nan   nan
0.6561   nan   nan   nan
0.0305   nan   nan   nan
0.7056   nan   nan   nan
0.9817   nan   nan   nan
0.7551   nan   nan   nan
0.9331   nan   nan   nan
0.8047   nan   nan   nan
0.8845   nan   nan   nan
0.8542   nan   nan   nan
0.8361   nan   nan   nan
0.9037   nan   nan   nan
0.7877   nan   nan   nan
0.9532   nan   nan   nan
0.7395   nan   nan   nan
0.0028   nan   nan   nan
0.6913   nan   nan   nan
0.0523   nan   nan   nan
0.6433   nan   nan   nan
0.1018   nan   nan   nan
0.5954   nan   nan   nan
0.1513   nan   nan   nan
0.5476   nan   nan   nan
0.2009   nan   nan   nan
0.4999   nan   nan   nan
0.2504   nan   nan   nan
0.4522   nan   nan   nan
0.2999   nan   nan   nan
0.4047   nan   nan   nan
0.3494   nan   nan   nan
0.3573   nan   nan   nan
0.3989   nan   nan   nan
0.31   nan   nan   nan
0.4485   nan   nan   nan
0.2628   nan   nan   nan
0.498   nan   nan   nan
0.2158   nan   nan   nan
0.5475   nan   nan   nan
0.1688   nan   nan   nan
0.597   nan   nan   nan
0.1219   nan   nan   nan
0.6466   nan   nan   nan
0.0751   nan   nan   nan
0.6961   nan   nan   nan
0.0284   nan   nan   nan
0.7456   nan   nan   nan
0.9818   nan   nan   nan
0.7951   nan   nan   nan
0.9353   nan   nan   nan
0.8447   nan   nan   nan
0.889   nan   nan   nan
0.8942   nan   nan   nan
0.8427   nan   nan   nan
0.9437   nan   nan   nan
0.7965   nan   nan   nan
0.9932   nan   nan   nan
0.7504   nan   nan   nan
0.0428   nan   nan   nan
0.7044   nan   nan   nan
0.0923   nan   nan   nan
0.6585   nan   nan   nan
0.1418   nan   nan   nan
0.6128   nan   nan   nan
0.1913   nan   nan   nan
0.5671   nan   nan   nan
0.2409   nan   nan   nan
0.5215   nan   nan   nan
0.2904   nan   nan   nan
0.476   nan   nan   nan
0.3399   nan   nan   nan
0.4306   nan   nan   nan
0.3894   nan   nan   nan
0.3853   nan   nan   nan
0.439   nan   nan   nan
0.3401   nan   nan   nan
0.4885   nan   nan   nan
0.295   nan   nan   nan
0.538   nan   nan   nan
0.25   nan   nan   nan
0.5875   nan   nan   nan
0.2051   nan   nan   nan
0.6371   nan   nan   nan
0.1602   nan   nan   nan
0.6866   nan   nan   nan
0.1155   nan   nan   nan
0.7361   nan   nan   nan
0.0709   nan   nan   nan
0.7856   nan   nan   nan
0.0264   nan   nan   nan
0.8352   nan   nan   nan
0.9819   nan   nan   nan
0.8847   nan   nan   nan
0.9376   nan   nan   nan
0.9342   nan   nan   nan
0.8933   nan   nan   nan
0.9837   nan   nan   nan
0.8492   nan   nan   nan
0.0333   nan   nan   nan
0.8051   nan   nan   nan
0.0828   nan   nan   nan
0.7611   nan   nan   nan
0.1323   nan   nan   nan
0.7172   nan   nan   nan
0.1818   nan   nan   nan
0.6735   nan   nan   nan
0.2314   nan   nan   nan
0.6298   nan   nan   nan
0.2809   nan   nan   nan
0.5862   nan   nan   nan
0.3304   nan   nan   nan
0.5426   nan   nan   nan
0.3799   nan   nan   nan
0.4992   nan   nan   nan
0.4295   nan   nan   nan
0.4559   nan   nan   nan
0.479   nan   nan   nan
0.4126   nan   nan   nan
0.5285   nan   nan   nan
0.3695   nan   nan   nan
0.578   nan   nan   nan
0.3264   nan   nan   nan
0.6276   nan   nan   nan
0.2835   nan   nan   nan
0.6771   nan   nan   nan
0.2406   nan   nan   nan
0.7266   nan   nan   nan
0.1978   nan   nan   nan
0.7761   nan   nan   nan
0.1551   nan   nan   nan
0.8257   nan   nan   nan
0.1125   nan   nan   nan
0.8752   nan   nan   nan
0.0699   nan   nan   nan
0.9247   nan   nan   nan
0.0275   nan   nan   nan
0.9742   nan   nan   nan
0.9851   nan   nan   nan
0.0238   nan   nan   nan
0.9429   nan   nan   nan
0.0733   nan   nan   nan
0.9007   nan   nan   nan
0.1228   nan   nan   nan
0.8586   nan   nan   nan
0.1723   nan   nan   nan
0.8166   nan   nan   nan
0.2219   nan   nan   nan
0.7747   nan   nan   nan
0.2714   nan   nan   nan
0.7328   nan   nan   nan
0.3209   nan   nan   nan
0.6911   nan   nan   nan
0.3704   nan   nan   nan
0.6494   nan   nan   nan
0.42   nan   nan   nan
0.6078   nan   nan   nan
0.4695   nan   nan   nan
0.5664   nan   nan   nan
0.519   nan   nan   nan
0.5249   nan   nan   nan
0.5685   nan   nan   nan
0.4836   nan   nan   nan
0.6181   nan   nan   nan
0.4424   nan   nan   nan
0.6676   nan   nan   nan
0.4012   nan   nan   nan
0.7171   nan   nan   nan
0.3602   nan   nan   nan
0.7666   nan   nan   nan
0.3192   nan   nan   nan
0.8162   nan   nan   nan
0.2783   nan   nan   nan
0.8657   nan   nan   nan
0.2374   nan   nan   nan
0.9152   nan   nan   nan
0.1967   nan   nan   nan
0.9647   nan   nan   nan
0.1561   nan   nan   nan
0.0143   nan   nan   nan
0.1155   nan   nan   nan
0.0638   nan   nan   nan
0.075   nan   nan   nan
0.1133   nan   nan   nan
0.0346   nan   nan   nan
0.1628   nan   nan   nan
0.9942   nan   nan   nan
0.2124   nan   nan   nan
0.954   nan   nan   nan
0.2619   nan   nan   nan
0.9138   nan   nan   nan
0.3114   nan   nan   nan
0.8737   nan   nan   nan
0.3609   nan   nan   nan
0.8337   nan   nan   nan
0.4105   nan   nan   nan
0.7938   nan   nan   nan
0.46   nan   nan   nan
0.754   nan   nan   nan
0.5095   nan   nan   nan
0.7142   nan   nan   nan
0.559   nan   nan   nan
0.6745   nan   nan   nan
0.6086   nan   nan   nan
0.6349   nan   nan   nan
0.6581   nan   nan   nan
0.5954   nan   nan   nan
0.7076   nan   nan   nan
0.5559   nan   nan   nan
0.7571   nan   nan   nan
0.5166   nan   nan   nan
0.8067   nan   nan   nan
0.4773   nan   nan   nan
0.8562   nan   nan   nan
0.438   nan   nan   nan
0.9057   nan   nan   nan
0.3989   nan   nan   nan
0.9552   nan   nan   nan
0.3599   nan   nan   nan
0.0048   nan   nan   nan
0.3209   nan   nan   nan
0.0543   nan   nan   nan
0.282   nan   nan   nan
0.1038   nan   nan   nan
0.2431   nan   nan   nan
0.1533   nan   nan   nan
0.2044   nan   nan   nan
0.2029   nan   nan   nan
0.1657   nan   nan   nan
0.2524   nan   nan   nan
0.1271   nan   nan   nan
0.3019   nan   nan   nan
0.0886   nan   nan   nan
0.3514   nan   nan   nan
0.0501   nan   nan   nan
0.401   nan   nan   nan
0.0118   nan   nan   nan
0.4505   nan   nan   nan
0.9735   nan   nan   nan
0.5   nan   nan   nan
0.9353   nan   nan   nan
0.5495   nan   nan   nan
0.8971   nan   nan   nan
0.599   nan   nan   nan
0.859   nan   nan   nan
