1.12381   0.000456475   7.64289e-06   5.0709
0.61   3   0.125605   0.00119783
0.17334   0.000456909   0.000126288   -0.0522876
0.76   4   0.120426   -0.000399634
0.22286   0.000457308   8.67043e-05   -0.0165563
0.89   5   0.118786   -0.000227029
0.27239   0.000457676   6.42172e-05   5.80136
0.31   6   0.693408   -0.000143317
0.32191   0.000458016   5.00218e-05   -1.82155
0.42   7   0.512984   -9.72857e-05
0.37144   0.000458332   4.03857e-05   -2.4282
0.7   8   0.272473   -6.95698e-05
0.42096   0.000458626   3.34948e-05   0.155062
0.73   9   0.287831   -5.17971e-05
0.47049   0.0004589   2.83643e-05   40.0589
0.13   10   4.25564   -3.9778e-05
0.52001   0.000459156   2.44243e-05   -37.6786
0.56   11   0.523589   -3.13387e-05
0.56953   0.000459396   2.13203e-05   -1.5655
0.75   12   0.368527   -2.52157e-05
0.61906   0.000459621   1.88227e-05   5.56408
0.43   13   0.919646   -2.06388e-05
0.66858   0.000459833   1.67784e-05   2.75124
0.38   14   1.19215   -1.71534e-05
0.71811   0.000460033   1.50793e-05   -0.937941
0.42   15   1.09925   -1.44351e-05
0.76763   0.000460221   1.36496e-05   4.46328
0.35   16   1.54134   -1.22887e-05
0.81716   0.000460399   1.24324e-05   412.382
0.04   17   42.3876   -1.05602e-05
0.86668   0.000460568   1.13864e-05   -408.822
0.33   18   1.89401   -9.15788e-06
0.91621   0.000460728   1.04793e-05   101.877
0.1   19   11.9849   -8.00011e-06
0.96573   0.00046088   9.68689e-06   -88.7772
0.25   20   3.19154   0.0491538
0.01526   0.000461025   0.00487835   -24.5446
0.672   21   0.760406   -0.0436189
0.06478   0.000461162   0.00055792   23.9024
0.27   22   3.12793   -0.00322905
0.11431   0.000461293   0.000238084   -26.6857
0.964   23   0.484722   -0.00100239
0.16383   0.000461418   0.000138798   3.72564
0.68   24   0.853745   -0.000458186
0.21336   0.000461538   9.34153e-05   15.9051
0.348   25   2.42913   -0.000253344
0.26288   0.000461652   6.83217e-05   -18.4527
0.906   26   0.601397   -0.000157225
0.31241   0.000461762   5.27486e-05   27.6923
0.296   27   3.34431   -0.000105372
0.36193   0.000461866   4.23116e-05   -16.0951
0.467   28   1.7501   -7.46856e-05
0.41146   0.000461967   3.4914e-05   8.17537
0.371   29   2.55987   -5.51829e-05
0.46098   0.000462063   2.94482e-05   -19.4413
0.962   30   0.634218   -4.2149e-05
0.51051   0.000462156   2.52733e-05   62.8749
0.201   31   6.86195   -3.30408e-05
0.56003   0.000462245   2.20006e-05   507.12
0.05   32   57.092   -2.64735e-05
0.60955   0.000462331   1.93785e-05   -555.969
0.473   33   2.0235   -2.16035e-05
0.65908   0.000462413   1.72386e-05   3.03085
0.44   34   2.3237   -1.78945e-05
0.7086   0.000462493   1.54662e-05   -15.4724
0.92   35   0.791164   -1.50261e-05
0.75813   0.000462569   1.39779e-05   0.705641
0.886   36   0.861057   -1.27573e-05
0.80765   0.000462643   1.27143e-05   34.2692
0.311   37   4.25541   -1.09451e-05
0.85718   0.000462715   1.16302e-05   64.3175
0.172   38   10.626   -9.4706e-06
0.9067   0.000462784   1.06921e-05   -80.9996
0.447   39   2.60306   -8.26325e-06
0.95623   0.00046285   9.87363e-06   180.277
0.115   40   20.4594   0.21371
0.00575   0.000462915   0.0211777   -72.5513
0.156   41   13.2732   -0.206636
0.05528   0.000462977   0.000710538   -113.382
0.552   42   2.04278   -0.00442503
0.1048   0.000463037   0.000272241   35.6976
0.287   43   5.57861   -0.0012103
0.15433   0.000463096   0.000152362   -12.4034
0.344   44   4.35006   -0.000524827
0.20385   0.000463152   0.000100378   -28.7059
0.708   45   1.50676   -0.000282028
0.25338   0.000463207   7.2443e-05   26.6252
0.366   46   4.14397   -0.000171748
0.3029   0.000463261   5.54315e-05   14.6323
0.304   47   5.59329   -0.000113679
0.35243   0.000463312   4.41717e-05   -29.9289
0.51   48   2.62885   -7.97798e-05
0.40195   0.000463362   3.62696e-05   -16.2275
0.971   49   1.02152   -5.85408e-05
0.45148   0.000463411   3.04711e-05   7.7233
0.678   50   1.78651   -4.44375e-05
0.501   0.000463459   2.60696e-05   3.00175
0.62   51   2.08383   -3.4685e-05
0.55053   0.000463505   2.26341e-05   -6.01042
0.786   52   1.4885   -2.76766e-05
0.60005   0.000463549   1.98927e-05   141.369
0.167   53   15.4911   -2.25058e-05
0.64957   0.000463593   1.76636e-05   -139.853
0.756   54   1.63867   -1.85974e-05
0.6991   0.000463635   1.58215e-05   11.1376
0.543   55   2.74185   -1.5571e-05
0.74862   0.000463677   1.42792e-05   2.39379
0.52   56   2.97895   -1.31975e-05
0.79815   0.000463717   1.2972e-05   -9.64942
0.681   57   2.02318   -1.12969e-05
0.84767   0.000463756   1.1853e-05   4816.25
0.018   58   479.07   -9.76235e-06
0.8972   0.000463794   1.08861e-05   -4805.35
0.524   59   3.10267   -8.50136e-06
0.94672   0.000463831   1.0044e-05   111.185
0.193   60   14.1155   -7.45989e-06
0.99625   0.000463868   9.30512e-06   4548.08
0.019   61   464.6   0.00944683
0.04577   0.000463903   0.000945009   -4678.02
0.996   62   1.24418   -0.00636501
0.0953   0.000463938   0.000314558   296.502
0.119   63   30.6126   -0.00148035
0.14482   0.000463971   0.00016793   -254.474
0.382   64   5.40711   -0.000604796
0.19435   0.000464004   0.000108025   -35.6244
0.781   65   1.87852   -0.000314653
0.24387   0.000464036   7.68589e-05   58.0413
0.31   66   7.62749   -0.000187908
0.2934   0.000464068   5.82467e-05   -62.7954
0.966   67   1.40763   -0.000122632
0.34292   0.000464099   4.61001e-05   7.12776
0.744   68   2.11363   -8.52438e-05
0.39245   0.000464129   3.76567e-05   5.86439
0.639   69   2.6945   -6.20508e-05
0.44197   0.000464158   3.15106e-05   -0.178699
0.648   70   2.6768   -4.68388e-05
0.4915   0.000464187   2.68712e-05   -5.7389
0.767   71   2.10836   -3.63673e-05
0.54102   0.000464215   2.32691e-05   -6.63262
0.993   72   1.45141   -2.89143e-05
0.59055   0.000464242   2.04051e-05   65.8042
0.322   73   7.96928   -2.34282e-05
0.64007   0.000464269   1.80846e-05   -57.5136
0.75   74   2.27258   -1.93004e-05
0.68959   0.000464295   1.61729e-05   81.7906
0.275   75   10.3739   -1.61263e-05
0.73912   0.000464321   1.45756e-05   -86.628
0.894   76   1.79344   -1.3633e-05
0.78864   0.000464346   1.32252e-05   15.0098
0.603   77   3.28016   -1.16521e-05
0.83817   0.000464371   1.20711e-05   28.9752
0.4   78   6.15014   -1.00484e-05
0.88769   0.000464395   1.10758e-05   44.1468
0.282   79   10.5229   -8.74074e-06
0.93722   0.000464419   1.021e-05   25.0035
0.247   80   12.9994   -7.65678e-06
0.98674   0.000464442   9.45165e-06   -27.328
0.291   81   10.2926   0.0134458
0.03627   0.000464465   0.00134126   -41.921
0.414   82   6.14035   -0.00981867
0.08579   0.000464487   0.000368722   -27.0805
0.612   83   3.45805   -0.00184337
0.13532   0.000464509   0.000186136   -14.5593
0.884   84   2.01596   -0.00070203
0.18484   0.000464531   0.000116601   137.92
0.227   85   15.6769   -0.00035266
0.23437   0.000464552   8.16698e-05   -124.367
0.639   86   3.35836   -0.000206012
0.28389   0.000464572   6.12644e-05   398.333
0.118   87   42.8131   -0.000132549
0.33342   0.000464593   4.81355e-05   -399.337
0.662   88   3.25894   -9.11322e-05
0.38294   0.000464613   3.91089e-05   94.1447
0.271   89   12.5839   -6.58364e-05
0.43247   0.000464632   3.25878e-05   -107.191
0.941   90   1.9667   -4.93658e-05
0.48199   0.000464652   2.76982e-05   13.4858
0.671   91   3.30246   -3.81529e-05
0.53152   0.00046467   2.39191e-05   26.0438
0.46   92   5.88208   -3.01955e-05
0.58104   0.000464689   2.09283e-05   51.8035
0.305   93   11.0132   -2.4392e-05
0.63057   0.000464707   1.85123e-05   89.8131
0.207   94   19.9091   -2.00306e-05
0.68009   0.000464725   1.65282e-05   92.4108
0.162   95   29.0624   -1.66911e-05
0.72961   0.000464743   1.4875e-05   -17.5927
0.17   96   27.3198   -1.40851e-05
0.77914   0.00046476   1.34799e-05   -97.563
0.229   97   17.6563   -1.20105e-05
0.82866   0.000464777   1.22902e-05   -77.8233
0.338   98   9.94789   -1.03437e-05
0.87819   0.000464794   1.12657e-05   -43.3593
0.496   99   5.65318   -8.98055e-06
0.92771   0.00046481   1.03762e-05   -22.7619
0.701   100   3.39862   -7.8591e-06
0.97724   0.000464826   9.59773e-06   -12.4494
0.953   101   2.16552   0.0212878
0.02676   0.000464842   0.00211815   142.467
0.25   102   16.2768   -0.016942
0.07629   0.000464858   0.000440047   -118.676
0.591   103   4.52206   -0.00234477
0.12581   0.000464873   0.000207798   -23.8998
0.975   104   2.1548   -0.000822791
0.17534   0.000464888   0.000126301   61.83
0.4   105   8.27903   -0.000397075
0.22486   0.000464903   8.69709e-05   -57.1421
0.867   106   2.61913   -0.000226649
0.27439   0.000464918   6.45214e-05   67.7689
0.374   107   9.33161   -0.000143503
0.32391   0.000464932   5.03075e-05   -69.5642
0.92   108   2.44131   -9.76052e-05
0.37344   0.000464946   4.06398e-05   36.7018
0.504   109   6.0766   -6.98938e-05
0.42296   0.00046496   3.37168e-05   439.902
0.125   110   49.6487   -5.20886e-05
0.47249   0.000464974   2.85575e-05   -468.988
0.783   111   3.19566   -4.00297e-05
0.52201   0.000464988   2.45926e-05   36.4175
0.476   112   6.8028   -3.15591e-05
0.57154   0.000465001   2.14666e-05   178.299
0.204   113   24.4632   -2.53918e-05
0.62106   0.000465014   1.89516e-05   -222.799
0.966   114   2.39508   -2.07969e-05
0.67059   0.000465027   1.68917e-05   10.7052
0.761   115   3.45542   -1.72808e-05
0.72011   0.00046504   1.518e-05   16.793
0.589   116   5.11876   -1.4547e-05
0.76963   0.000465053   1.37391e-05   26.636
0.449   117   7.75705   -1.23851e-05
0.81916   0.000465065   1.25124e-05   42.0806
0.339   118   11.9251   -1.06435e-05
0.86868   0.000465077   1.14582e-05   60.3696
0.26   119   17.9047   -9.22997e-06
0.91821   0.000465089   1.05439e-05   68.571
0.211   120   24.6966   -8.0629e-06
0.96773   0.000465101   9.74532e-06   42.5833
0.191   121   28.9145   0.0412087
0.01726   0.000465113   0.00409145   -15.1565
0.199   122   27.4132   -0.0358793
0.06678   0.000465124   0.000537625   -60.7077
0.236   123   21.4002   -0.00306637
0.11631   0.000465136   0.000233902   -63.3188
0.299   124   15.1285   -0.000974318
0.16583   0.000465147   0.000137396   -49.3792
0.39   125   10.2375   -0.000449845
0.21536   0.000465158   9.28395e-05   -32.8599
0.506   126   6.98272   -0.000250134
0.26488   0.000465169   6.80639e-05   -21.5798
0.649   127   4.84526   -0.000155792
0.31441   0.00046518   5.26328e-05   -13.947
0.816   128   3.46382   -0.00010467
0.36393   0.00046519   4.22653e-05   36271.4
0.008   129   3596.13   -7.43229e-05
0.41346   0.000465201   3.49036e-05   -36059.4
0.224   130   24.4597   -5.49901e-05
0.46298   0.000465211   2.94569e-05   -163.476
0.464   131   8.2675   -4.20468e-05
0.51251   0.000465221   2.52922e-05   -40.6722
0.728   132   4.23894   -3.29884e-05
0.56203   0.000465231   2.20247e-05   16126.4
0.014   133   1601.55   -2.64545e-05
0.61156   0.000465241   1.94044e-05   -16021.5
0.322   134   14.6285   -2.1591e-05
0.66108   0.000465251   1.72658e-05   -96.0487
0.652   135   5.11496   -1.79001e-05
0.71061   0.000465261   1.54928e-05   166629
0.003   136   16509.6   -1.50304e-05
0.76013   0.00046527   1.4004e-05   -166561
0.376   137   11.8527   -1.27679e-05
0.80965   0.00046528   1.27394e-05   -78.4534
0.769   138   4.08197   -1.09576e-05
0.85918   0.000465289   1.1654e-05   316.363
0.183   139   35.4175   -9.48346e-06
0.9087   0.000465298   1.07147e-05   -299.258
0.616   140   5.77613   -8.27574e-06
0.95823   0.000465308   9.895e-06   1508.34
0.069   141   155.176   0.137249
0.00775   0.000465317   0.0136043   -1494.79
0.541   142   7.11824   -0.130513
0.05728   0.000465325   0.000677067   4958.95
0.032   143   498.3   -0.0041507
0.1068   0.000465334   0.000265943   -4957.94
0.541   144   7.2185   -0.00116881
0.15633   0.000465343   0.000150172   1573.89
0.068   145   163.112   -0.000512715
0.20585   0.000465351   9.93881e-05   -1585.51
0.613   146   6.06795   -0.000277251
0.25538   0.00046536   7.19265e-05   339.675
0.176   147   39.7126   -0.000169509
0.3049   0.000465368   5.51367e-05   -355.504
0.755   148   4.50009   -0.000112501
0.35443   0.000465376   4.39935e-05   98.2485
0.352   149   14.2316   -7.91095e-05
0.40395   0.000465385   3.61577e-05   -111.815
0.965   150   3.15632   -5.81374e-05
0.45348   0.000465393   3.03992e-05   34.558
0.594   151   6.57926   -4.41835e-05
0.503   0.000465401   2.60229e-05   193.924
0.24   152   25.7874   -3.45196e-05
0.55253   0.000465408   2.26037e-05   -224.321
0.901   153   3.56849   -2.75651e-05
0.60205   0.000465416   1.98734e-05   34.7322
0.577   154   7.00869   -2.24342e-05
0.65158   0.000465424   1.76513e-05   154.227
0.268   155   22.2848   -1.85405e-05
0.7011   0.000465432   1.58149e-05   -192.355
0.975   156   3.2322   -1.55375e-05
0.75063   0.000465439   1.42759e-05   21.8198
0.696   157   5.39344   -1.31687e-05
0.80015   0.000465446   1.29716e-05   58.0005
0.431   158   11.1384   -1.12783e-05
0.84967   0.000465454   1.18545e-05   303.369
0.181   159   41.1869   -9.74944e-06
0.8992   0.000465461   1.08888e-05   -380.746
0.945   160   3.47418   -8.49233e-06
0.94872   0.000465468   1.00476e-05   17.7752
0.722   161   5.2348   -7.45387e-06
0.99825   0.000465475   9.30931e-06   35.9402
0.513   162   8.79466   0.00888439
0.04777   0.000465482   0.000889304   96.0021
0.316   163   18.3036   -0.00588973
0.0973   0.000465489   0.000305929   496.124
0.133   164   67.4445   -0.0014223
0.14682   0.000465496   0.000165051   -645.755
0.963   165   3.48277   -0.000588882
0.19635   0.000465503   0.000106723   11.0372
0.806   166   4.576   -0.000308516
0.24587   0.00046551   7.61642e-05   16.5241
0.66   167   6.2127   -0.00018504
0.2954   0.000465516   5.78361e-05   25.7112
0.527   168   8.75938   -0.000121113
0.34492   0.000465523   4.58399e-05   43.1261
0.406   169   13.031   -8.43662e-05
0.39445   0.00046553   3.74835e-05   79.9549
0.297   170   20.9505   -6.1511e-05
0.44397   0.000465536   3.13908e-05   173.501
0.2   171   38.1357   -4.649e-05
0.4935   0.000465542   2.6786e-05   526.866
0.113   172   90.3214   -3.61322e-05
0.54302   0.000465549   2.32071e-05   3611.64
0.039   173   448.053   -2.87514e-05
0.59255   0.000465555   2.03593e-05   -4487.13
0.975   174   3.60514   -2.33125e-05
0.64207   0.000465561   1.80502e-05   3.41054
0.922   175   3.94295   -1.92196e-05
0.6916   0.000465567   1.61466e-05   3.12757
0.88   176   4.25274   -1.60605e-05
0.74112   0.000465573   1.45558e-05   2.71099
0.848   177   4.52126   -1.35886e-05
0.79065   0.000465579   1.32098e-05   2.01742
0.827   178   4.72108   -1.16139e-05
0.84017   0.000465585   1.20595e-05   1.15048
0.817   179   4.83504   -1.00208e-05
0.88969   0.000465591   1.10669e-05   0.362967
0.816   180   4.87099   -8.71936e-06
0.93922   0.000465597   1.02033e-05   -0.533772
0.825   181   4.81812   -7.6399e-06
0.98874   0.000465603   9.44654e-06   -1.45747
0.845   182   4.67376   0.0124144
0.0383   0.000465608   0.00123909   -2.00493
0.873   183   4.47517   -0.00890556
0.0878   0.000465614   0.000356997   -2.6357
0.912   184   4.21411   -0.00176111
0.1373   0.00046562   0.00018256   -2.93658
0.96   185   3.92324   -0.000681674
0.1868   0.000465625   0.000115041   16859.6
0.017   186   1673.86   -0.000345617
0.2364   0.000465631   8.08073e-05   -15324.3
0.083   187   155.993   -0.000202415
0.2859   0.000465636   6.07583e-05   -972.06
0.158   188   59.7107   -0.000130649
0.3354   0.000465642   4.78176e-05   -283.119
0.242   189   31.6679   -9.00628e-05
0.3849   0.000465647   3.88969e-05   -122.378
0.335   190   19.5464   -6.52821e-05
0.4345   0.000465652   3.24307e-05   -63.7319
0.436   191   13.2338   -4.89191e-05
0.484   0.000465657   2.75853e-05   -37.7692
0.546   192   9.49276   -3.78438e-05
0.5335   0.000465663   2.38369e-05   -24.004
0.664   193   7.11517   -2.99873e-05
0.583   0.000465668   2.08667e-05   -16.2997
0.791   194   5.50069   -2.42826e-05
0.6326   0.000465673   1.84615e-05   -11.393
0.925   195   4.37222   -1.99147e-05
0.6821   0.000465678   1.6489e-05   2181.83
0.068   196   220.482   -1.66045e-05
0.7316   0.000465683   1.48443e-05   -1836.2
0.218   197   38.6066   -1.40165e-05
0.7811   0.000465688   1.3456e-05   -217.512
0.377   198   17.0621   -1.19824e-05
0.8307   0.000465693   1.22691e-05   -72.1016
0.543   199   9.9205   -1.02995e-05
0.8802   0.000465698   1.1249e-05   -33.8164
0.717   200   6.571   -8.94741e-06
0.9297   0.000465702   1.03627e-05   -18.7732
0.898   201   4.71153   -7.83101e-06
0.9792   0.000465707   9.58707e-06   1565.42
0.086   202   159.766   0.0190924
0.0288   0.000465712   0.00190068   -1340
0.282   203   27.0397   -0.0149086
0.0783   0.000465717   0.000423994   -151.361
0.485   204   12.0475   -0.00222777
0.1278   0.000465721   0.000203334   -50.3781
0.695   205   7.05759   -0.000796545
0.1773   0.000465726   0.000124436   -23.6208
0.912   206   4.71797   -0.000388524
0.2269   0.00046573   8.59533e-05   783.537
0.136   207   82.327   -0.000222336
0.2764   0.000465735   6.39311e-05   -642.765
0.367   208   18.6614   -0.000141314
0.3259   0.000465739   4.9934e-05   -98.9629
0.605   209   8.85918   -9.63442e-05
0.3754   0.000465744   4.03911e-05   -35.3807
0.849   210   5.35473   -6.92586e-05
0.425   0.000465748   3.35311e-05   1310.07
0.099   211   135.117   -5.15635e-05
0.4745   0.000465753   2.84238e-05   -1163.98
0.357   212   19.825   -3.96844e-05
0.524   0.000465757   2.4493e-05   -112.287
0.62   213   8.70306   -3.1312e-05
0.5735   0.000465761   2.13916e-05   -36.5375
0.89   214   5.08404   -2.52655e-05
0.6231   0.000465765   1.88891e-05   588.855
0.166   215   63.4098   -2.06582e-05
0.6726   0.00046577   1.68429e-05   -495.602
0.449   216   14.3207   -1.71804e-05
0.7221   0.000465774   1.51412e-05   -75.5118
0.737   217   6.8413   -1.44703e-05
0.7716   0.000465778   1.37079e-05   7974.37
0.031   218   796.699   -1.2346e-05
0.8212   0.000465782   1.2485e-05   -7811.84
0.331   219   22.9394   -1.05937e-05
0.8707   0.000465786   1.14357e-05   -144.451
0.637   220   8.63165   -9.18857e-06
0.9202   0.00046579   1.05256e-05   -39.0031
0.949   221   4.7684   -8.03121e-06
0.9697   0.000465794   9.73011e-06   275.91
0.267   222   32.0971   0.0348874
0.0193   0.000465798   0.00346531   -224.956
0.59   223   9.81538   -0.0297875
0.0688   0.000465802   0.000514871   -47.8918
0.919   224   5.07171   -0.00289267
0.1183   0.000465806   0.000228354   304.861
0.253   225   35.2681   -0.000940714
0.1678   0.00046581   0.000135176   -256.145
0.592   226   9.89705   -0.00043929
0.2174   0.000465814   9.16649e-05   -49.5187
0.937   227   4.99225   -0.000245113
0.2669   0.000465818   6.73866e-05   246.679
0.288   228   29.4257   -0.000153233
0.3164   0.000465821   5.22089e-05   -207.637
0.643   229   8.85929   -0.000103254
0.3659   0.000465825   4.19816e-05   183001
0.004   230   18135   -7.35791e-05
0.4155   0.000465829   3.46937e-05   -182884
0.37   231   20.4734   -5.4411e-05
0.465   0.000465833   2.93043e-05   -133.303
0.74   232   7.26977   -4.16506e-05
0.5145   0.000465836   2.51788e-05   1114.28
0.116   233   117.638   -3.27184e-05
0.564   0.00046584   2.19381e-05   -1053.18
0.497   234   13.3218   -2.63036e-05
0.6136   0.000465844   1.93327e-05   -77.3621
0.882   235   5.65907   -2.14411e-05
0.6631   0.000465847   1.7209e-05   276.059
0.273   236   33.0026   -1.77836e-05
0.7126   0.000465851   1.54475e-05   -245.773
0.668   237   8.65892   -1.49443e-05
0.7621   0.000465854   1.39673e-05   2615.55
0.068   238   267.728   -1.27246e-05
0.8117   0.000465858   1.27069e-05   -2554.54
0.472   239   14.7016   -1.08994e-05
0.8612   0.000465861   1.16273e-05   -89.9782
0.881   240   5.78932   -9.43864e-06
0.9107   0.000465865   1.06924e-05   244.46
0.295   241   30.003   -8.23839e-06
0.9602   0.000465868   9.87644e-06   -221.96
0.713   242   8.01791   0.0966065
0.0098   0.000465871   0.0095787   905.634
0.135   243   97.7205   -0.0902091
0.0593   0.000465875   0.000643528   -869.952
0.562   244   11.5522   -0.00388273
0.1088   0.000465878   0.000258946   -66.7687
0.993   245   4.93881   -0.00112466
0.1583   0.000465882   0.000147548   126.448
0.429   246   17.4634   -0.000499895
0.2079   0.000465885   9.80341e-05   -114.8
0.868   247   6.09253   -0.000271298
0.2574   0.000465888   7.11621e-05   225.071
0.312   248   28.3857   -0.000166605
0.3069   0.000465891   5.46599e-05   -210.897
0.76   249   7.49651   -0.000110874
0.3564   0.000465895   4.36779e-05   440.095
0.212   250   51.0877   -7.82852e-05
0.406   0.000465898   3.59238e-05   -423.195
0.668   251   9.17042   -5.74819e-05
0.4555   0.000465901   3.02302e-05   1002.74
0.129   252   108.492   -4.37539e-05
0.505   0.000465904   2.58964e-05   -983.752
0.593   253   11.0514   -3.42144e-05
0.5545   0.000465907   2.25075e-05   3283.64
0.061   254   336.294   -2.7402e-05
0.6041   0.00046591   1.97933e-05   -3263.24
0.533   255   13.0716   -2.22648e-05
0.6536   0.000465913   1.7588e-05   71917.8
0.008   256   7136.5   -1.84168e-05
0.7031   0.000465916   1.57638e-05   -71898
0.488   257   15.0378   -1.54395e-05
0.7526   0.000465919   1.42346e-05   -97.5184
0.971   258   5.37862   -1.31195e-05
0.8022   0.000465922   1.29351e-05   113.976
0.458   259   16.6679   -1.1217e-05
0.8517   0.000465925   1.1824e-05   -111.642
0.949   260   5.60989   -9.69831e-06
0.9012   0.000465928   1.08634e-05   121.626
0.443   261   17.6569   -8.45266e-06
0.9507   0.000465931   1.00262e-05   -120.461
0.941   262   5.72528   18.0579
0.0003   0.000465934   1.78864   121.827
0.443   263   17.7922   -18.0496
0.0498   0.000465937   0.000836302   -121.939
0.947   264   5.71425   -0.00544457
0.0993   0.00046594   0.00029702   115.62
0.456   265   17.1664   -0.00136394
0.1488   0.000465943   0.000161923   -117.064
0.968   266   5.5712   -0.000572145
0.1983   0.000465946   0.000105252   103.937
0.483   267   15.8661   -0.000302382
0.2479   0.000465949   7.53015e-05   603257
0.002   268   59768.2   -0.00018167
0.2974   0.000465951   5.73072e-05   -603274
0.524   269   14.1461   -0.000119305
0.3469   0.000465954   4.54901e-05   4870.18
0.049   270   496.535   -8.32788e-05
0.3964   0.000465957   3.72414e-05   -4888.48
0.577   271   12.3335   -6.09411e-05
0.446   0.00046596   3.12052e-05   1397.63
0.109   272   150.768   -4.6008e-05
0.4955   0.000465963   2.66481e-05   -1415.77
0.644   273   10.5369   -3.5807e-05
0.545   0.000465965   2.31014e-05   604.295
0.182   274   70.392   -2.8513e-05
0.5945   0.000465968   2.02772e-05   -620.777
0.724   275   8.90441   -2.31845e-05
0.6441   0.000465971   1.79808e-05   310.723
0.268   276   39.6814   -1.90815e-05
0.6936   0.000465973   1.60908e-05   -324.804
0.815   277   7.50971   -1.59577e-05
0.7431   0.000465976   1.45102e-05   177.025
0.366   278   25.044   -1.3506e-05
0.7926   0.000465979   1.31724e-05   -189.067
0.919   279   6.317   -1.1573e-05
0.8422   0.000465981   1.20261e-05   107.926
0.476   280   17.007   -9.96764e-06
0.8917   0.000465984   1.10388e-05   8470.65
0.035   281   856.021   -8.67487e-06
0.9412   0.000465986   1.01796e-05   -8519.54
0.598   282   12.164   -7.60486e-06
0.9907   0.000465989   9.42633e-06   743.222
0.163   283   85.7798   0.0115046
0.0403   0.000465991   0.00114895   -774.519
0.731   284   9.06405   -0.00811239
0.0898   0.000465994   0.000345419   254.319
0.302   285   34.2543   -0.00168231
0.1393   0.000465996   0.000178787   -275.581
0.876   286   6.95809   -0.000661068
0.1888   0.000465999   0.000113308   119.948
0.452   287   18.8388   -0.000337734
0.2384   0.000466001   7.9856e-05   9941.8
0.032   288   1003.57   -0.000198711
0.2879   0.000466004   6.01738e-05   -10011
0.614   289   11.9819   -0.00012866
0.3374   0.000466006   4.74301e-05   541.901
0.198   290   65.6569   -8.88889e-05
0.3869   0.000466009   3.86257e-05   -578.771
0.786   291   8.32989   -6.4541e-05
0.4365   0.000466011   3.22329e-05   170.954
0.376   292   25.2628   -4.84272e-05
0.486   0.000466014   2.74362e-05   -193.096
0.968   293   6.1367   -3.75041e-05
0.5355   0.000466016   2.37215e-05   77.8278
0.564   294   13.8455   -2.97437e-05
0.585   0.000466018   2.07754e-05   779.842
0.161   295   91.0884   -2.41025e-05
0.6346   0.000466021   1.8388e-05   -830.009
0.762   296   8.87645   -1.97796e-05
0.6841   0.000466023   1.64289e-05   181.618
0.365   297   26.8656   -1.65007e-05
0.7336   0.000466025   1.47945e-05   -208.416
0.97   298   6.22213   -1.3935e-05
0.7831   0.000466028   1.34142e-05   74.209
0.578   299   13.5725   -1.19178e-05
0.8327   0.00046603   1.22338e-05   604.133
0.188   300   73.4116   -1.02476e-05
0.8822   0.000466032   1.12188e-05   -656.604
0.801   301   8.37525   -8.90495e-06
0.9317   0.000466034   1.03367e-05   142.114
0.416   302   22.4516   -7.79607e-06
0.9812   0.000466037   9.56454e-06   9506.45
0.034   303   964.061   0.0172664
0.0308   0.000466039   0.00171979   -9617.36
0.654   304   11.4653   -0.0132384
0.0803   0.000466041   0.000408537   307.854
0.276   305   41.9581   -0.00211759
0.1298   0.000466043   0.00019879   -351.433
0.9   306   7.14888   -0.000770781
0.1793   0.000466046   0.000122444   89.4285
0.527   307   16.0067   -0.000379175
0.2289   0.000466048   8.48872e-05   845.077
0.156   308   99.7112   -0.000218083
0.2784   0.00046605   6.32862e-05   -917.72
0.788   309   8.81149   -0.000139073
0.3279   0.000466052   4.95111e-05   139.582
0.421   310   22.637   -9.50426e-05
0.3774   0.000466054   4.00971e-05   4373.77
0.057   311   455.857   -6.8444e-05
0.427   0.000466056   3.33178e-05   -4493.87
0.695   312   10.7413   -5.10282e-05
0.4765   0.000466058   2.82635e-05   215.197
0.336   313   32.0565   -3.93149e-05
0.526   0.000466061   2.43694e-05   -258.26
0.978   314   6.47592   -3.1049e-05
0.5755   0.000466063   2.1294e-05   63.9355
0.622   315   12.8087   -2.50722e-05
0.6251   0.000466065   1.88106e-05   326.811
0.269   316   45.1792   -2.05136e-05
0.6746   0.000466067   1.67787e-05   -383.547
0.918   317   7.18911   -1.70692e-05
0.7241   0.000466069   1.5088e-05   76.625
0.569   318   14.7788   -1.43834e-05
0.7736   0.000466071   1.36634e-05   469.138
0.221   319   61.2467   -1.2277e-05
0.8232   0.000466073   1.24473e-05   -539.744
0.876   320   7.78527   -1.05383e-05
0.8727   0.000466075   1.14035e-05   87.5278
0.533   321   16.4549   -9.14354e-06
0.9222   0.000466077   1.04978e-05   604.655
0.192   322   76.3456   -7.99418e-06
0.9717   0.000466079   9.70602e-06   -688.215
0.853   323   8.17822   0.0300959
0.0213   0.000466081   0.00299069   93.4676
0.516   324   17.4361   -0.0252115
0.0708   0.000466083   0.000493507   673.915
0.181   325   84.1871   -0.00273288
0.1203   0.000466085   0.000222816   -765.878
0.848   326   8.32729   -0.000908051
0.1698   0.000466087   0.000132874   93.0773
0.517   327   17.5466   -0.000428133
0.2194   0.000466089   9.04678e-05   639.695
0.187   328   80.908   -0.000240209
0.2689   0.000466091   6.66752e-05   -733.768
0.86   329   8.22864   -0.000150705
0.3184   0.000466093   5.17479e-05   87.2299
0.534   330   16.8687   -0.000101809
0.3679   0.000466094   4.16638e-05   522.365
0.21   331   68.6087   -7.26849e-05
0.4175   0.000466096   3.44644e-05   -612.771
0.888   332   7.91405   -5.38278e-05
0.467   0.000466098   2.91328e-05   76.7569
0.568   333   15.5168   -4.12511e-05
0.5165   0.0004661   2.50469e-05   381.445
0.25   334   53.2987   -3.24356e-05
0.566   0.000466102   2.18342e-05   -463.362
0.934   335   7.40295   -2.60966e-05
0.6156   0.000466104   1.92493e-05   64.2013
0.619   336   13.7621   -2.12861e-05
0.6651   0.000466106   1.71409e-05   261.995
0.306   337   39.7126   -1.76657e-05
0.7146   0.000466107   1.53912e-05   -332.354
0.995   338   6.79301   -1.48517e-05
0.7641   0.000466109   1.39201e-05   51.8361
0.685   339   11.9273   -1.26515e-05
0.8137   0.000466111   1.2667e-05   174.206
0.378   340   29.1824   -1.08406e-05
0.8632   0.000466113   1.15932e-05   3259.91
0.072   341   352.075   -9.39107e-06
0.9127   0.000466115   1.0663e-05   -3452.01
0.767   342   10.1558   -8.19931e-06
0.9622   0.000466116   9.8509e-06   115.31
0.465   343   21.5772   0.0731325
0.0118   0.000466118   0.00725359   825.244
0.164   344   103.317   -0.067047
0.0613   0.00046612   0.000612614   -956.575
0.864   345   8.56897   -0.00363975
0.1108   0.000466122   0.000252098   76.6914
0.567   346   16.1652   -0.00108257
0.1603   0.000466123   0.000144871   332.136
0.271   347   49.0632   -0.000486469
0.2099   0.000466125   9.6686e-05   -422.657
0.976   348   7.19921   -0.000265617
0.2594   0.000466127   7.03768e-05   51.8322
0.683   349   12.3332   -0.000163748
0.3089   0.000466129   5.41576e-05   162.673
0.392   350   28.4459   -0.000109268
0.3584   0.00046613   4.33346e-05   1882.69
0.102   351   214.925   -7.73025e-05
0.408   0.000466132   3.56779e-05   -2073.35
0.814   352   9.56062   -5.68467e-05
0.4575   0.000466134   3.00472e-05   88.7661
0.528   353   18.3529   -4.33231e-05
0.507   0.000466135   2.57561e-05   413.546
0.242   354   59.3144   -3.391e-05
0.5565   0.000466137   2.23973e-05   -522.711
0.959   355   7.54016   -2.71803e-05
0.6061   0.000466139   1.97051e-05   52.5796
0.677   356   12.7481   -2.21e-05
0.6556   0.00046614   1.75161e-05   159.8
0.396   357   28.5763   -1.82908e-05
0.7051   0.000466142   1.57044e-05   1512.99
0.117   358   178.437   -1.53416e-05
0.7546   0.000466144   1.41849e-05   -1707.58
0.84   359   9.30156   -1.30422e-05
0.8042   0.000466145   1.2893e-05   77.2555
0.564   360   16.9537   -1.1155e-05
0.8537   0.000466147   1.17881e-05   296.774
0.289   361   46.349   -9.64821e-06
0.9032   0.000466148   1.08325e-05   35553.1
0.016   362   3567.87   -8.41133e-06
0.9527   0.00046615   9.99934e-06   -35907.1
0.744   363   11.2831   0.850965
0.0023   0.000466152   0.0842977   110.713
0.474   364   22.2492   -0.843104
0.0518   0.000466153   0.000788704   567.309
0.205   365   78.4408   -0.00505104
0.1013   0.000466155   0.000288401   -710.671
0.937   366   8.04918   -0.00130859
0.1508   0.000466156   0.000158785   53.201
0.671   367   13.3187   -0.000556647
0.2004   0.000466158   0.000103649   152.01
0.406   368   28.3752   -0.000294969
0.2499   0.000466159   7.44329e-05   1102.27
0.142   369   137.554   -0.00017843
0.2994   0.000466161   5.67595e-05   -1298.48
0.88   370   8.94042   -0.000117514
0.3489   0.000466163   4.51197e-05   62.7811
0.62   371   15.1589   -8.22016e-05
0.3984   0.000466164   3.69777e-05   193.787
0.36   372   34.3534   -6.02482e-05
0.448   0.000466166   3.10101e-05   1959.05
0.102   373   228.396   -4.55427e-05
0.4975   0.000466167   2.64992e-05   -2208.91
0.845   374   9.60432   -3.54798e-05
0.547   0.000466169   2.29849e-05   69.6758
0.59   375   16.5057   -2.8277e-05
0.5965   0.00046617   2.01841e-05   222.142
0.336   376   38.5087   -2.30084e-05
0.6461   0.000466172   1.79051e-05   2786.28
0.083   377   314.488   -1.89479e-05
0.6956   0.000466173   1.60283e-05   -3074.57
0.831   378   9.95337   -1.58542e-05
0.7451   0.000466175   1.4458e-05   72.0359
0.5806   379   17.0885   -1.34247e-05
0.7946   0.000466176   1.31283e-05   228.603
0.3314   380   39.7315   -1.15075e-05
0.8442   0.000466177   1.19884e-05   2778.84
0.0835   381   314.974   -9.91474e-06
0.8937   0.000466179   1.10064e-05   -3079.47
0.8368   382   9.9543   -8.63152e-06
0.9432   0.00046618   1.01514e-05   69.0934
0.5914   383   16.798   -7.56896e-06
0.9927   0.000466182   9.40175e-06   208.406
0.3472   384   37.4405   0.0106964
0.0423   0.000466183   0.00106887   1927.09
0.1042   385   228.318   -0.00741592
0.0918   0.000466185   0.000334329   -2208
0.8623   386   9.61568   -0.00160782
0.1413   0.000466186   0.000175076   61.9096
0.6217   387   15.7478   -0.000641086
0.1908   0.000466187   0.000111576   171.573
0.3823   388   32.742   -0.000329968
0.2404   0.000466189   7.88933e-05   1103.06
0.144   389   141.999   -0.000195028
0.2899   0.00046619   5.95759e-05   -1342.68
0.9069   390   9.00753   -0.000126661
0.3394   0.000466192   4.70302e-05   52.351
0.6709   391   14.1929   -8.77034e-05
0.3889   0.000466193   3.83432e-05   130.826
0.4361   392   27.1511   -6.37864e-05
0.4385   0.000466194   3.20252e-05   595.053
0.2024   393   86.0908   -4.79239e-05
0.488   0.000466196   2.72784e-05   -786.102
0.9699   394   8.22784   -3.71535e-05
0.5375   0.000466197   2.35984e-05   42.2747
0.7385   395   12.4151   -2.94912e-05
0.587   0.000466198   2.06773e-05   94.8481
0.5081   396   21.8098   -2.39152e-05
0.6366   0.0004662   1.83085e-05   322.616
0.2789   397   53.7648   -1.9638e-05
0.6861   0.000466201   1.63633e-05   6457.47
0.0508   398   693.374   -1.63913e-05
0.7356   0.000466202   1.47398e-05   -6892.81
0.8238   399   10.6444   -1.3849e-05
0.7851   0.000466204   1.33681e-05   66.7736
0.5979   400   17.2583   -1.1849e-05
0.8347   0.000466205   1.21944e-05   180.255
0.373   401   35.1125   -1.01921e-05
0.8842   0.000466206   1.11849e-05   1050.26
0.1492   402   139.14   -8.85931e-06
0.9337   0.000466208   1.03074e-05   -1313.75
0.9265   403   9.01399   -7.75874e-06
0.9832   0.000466209   9.53889e-06   46.4975
0.7048   404   13.6195   0.0157088
0.0328   0.00046621   0.00156549   104.57
0.4842   405   23.9772   -0.0118286
0.0823   0.000466212   0.00039388   358.984
0.2645   406   59.5343   -0.00201441
0.1318   0.000466213   0.000194353   7706.73
0.046   407   822.882   -0.000745949
0.1813   0.000466214   0.000120467   -8198.81
0.8284   408   10.7939   -0.000370022
0.2309   0.000466215   8.38167e-05   63.1048
0.6119   409   17.0444   -0.000213872
0.2804   0.000466217   6.26327e-05   158.88
0.3963   410   32.7814   -0.000136838
0.3299   0.000466218   4.9079e-05   736.812
0.1818   411   105.762   -9.37349e-05
0.3794   0.000466219   3.97946e-05   -980.694
0.9683   412   8.62507   -6.76207e-05
0.429   0.000466221   3.30968e-05   39.5275
0.7557   413   12.5402   -5.04843e-05
0.4785   0.000466222   2.80964e-05   81.0721
0.5442   414   20.5704   -3.8939e-05
0.528   0.000466223   2.42395e-05   226.069
0.3336   415   42.9625   -3.07794e-05
0.5775   0.000466224   2.11908e-05   1487.19
0.1239   416   190.268   -2.48731e-05
0.6271   0.000466225   1.87271e-05   -1825.04
0.9153   417   9.49885   -2.03633e-05
0.6766   0.000466227   1.67101e-05   45.5237
0.7076   418   14.008   -1.69537e-05
0.7261   0.000466228   1.50309e-05   96.6685
0.5008   419   23.5829   -1.42929e-05
0.7756   0.000466229   1.36152e-05   289.798
0.295   420   52.2873   -1.22048e-05
0.8252   0.00046623   1.24063e-05   2607
0.0901   421   310.51   -1.04799e-05
0.8747   0.000466232   1.13682e-05   -3033.01
0.8861   422   10.0918   -9.09604e-06
0.9242   0.000466233   1.04673e-05   48.9971
0.6831   423   14.9449   -7.95497e-06
0.9737   0.000466234   9.67935e-06   105.159
0.4809   424   25.3608   0.026302
0.0233   0.000466235   0.00261488   322.557
0.2797   425   57.31   -0.0216196
0.0728   0.000466236   0.000473466   3255.88
0.0794   426   379.803   -0.00258479
0.1223   0.000466237   0.000217444   -3730.31
0.88   427   10.3177   -0.000876739
0.1718   0.000466239   0.000130603   49.0713
0.6814   428   15.1782   -0.000417262
0.2214   0.00046624   8.92736e-05   103.497
0.4838   429   25.4295   -0.000235379
0.2709   0.000466241   6.59594e-05   306.478
0.287   430   55.7861   -0.000148198
0.3204   0.000466242   5.12806e-05   2593.44
0.0911   431   312.665   -0.000100364
0.3699   0.000466243   4.13396e-05   -3054.1
0.8961   432   10.1585   -7.1787e-05
0.4195   0.000466244   3.42291e-05   45.7272
0.7019   433   14.6877   -5.32393e-05
0.469   0.000466245   2.89558e-05   92.6775
0.5086   434   23.8674   -4.08463e-05
0.5185   0.000466247   2.491e-05   251.726
0.3162   435   48.8008   -3.21477e-05
0.568   0.000466248   2.17257e-05   1503.66
0.1246   436   197.738   -2.58851e-05
0.6176   0.000466249   1.91618e-05   -1898.82
0.9338   437   9.66008   -2.11274e-05
0.6671   0.00046625   1.70692e-05   39.9492
0.7439   438   13.617   -1.75435e-05
0.7166   0.000466251   1.53315e-05   76.5187
0.5547   439   21.1962   -1.47565e-05
0.7661   0.000466252   1.38699e-05   185.369
0.3665   440   39.5569   -1.25757e-05
0.8157   0.000466253   1.26243e-05   773.335
0.179   441   116.155   -1.07797e-05
0.8652   0.000466254   1.15565e-05   -1082.65
0.9923   442   8.91945   -9.3414e-06
0.9147   0.000466255   1.06313e-05   33.1253
0.8065   443   12.2005   -8.15794e-06
0.9642   0.000466257   9.82324e-06   59.3626
0.6214   444   18.0803   0.0578217
0.0138   0.000466258   0.00573704   127.466
0.4372   445   30.7058   -0.052025
0.0633   0.000466259   0.000583985   392.877
0.2537   446   69.62   -0.00341737
0.1128   0.00046626   0.000245496   4055.37
0.071   447   471.303   -0.00104244
0.1623   0.000466261   0.000142243   -4650.64
0.8891   448   10.6594   -0.000473447
0.2119   0.000466262   9.53485e-05   44.1666
0.708   449   15.0341   -0.000260047
0.2614   0.000466263   6.95909e-05   84.6232
0.5277   450   23.416   -0.000160925
0.3109   0.000466264   5.36514e-05   205.823
0.3481   451   43.8027   -0.000107669
0.3604   0.000466265   4.29869e-05   864.484
0.1693   452   129.429   -7.6321e-05
0.41   0.000466266   3.54273e-05   -1214.27
0.9912   453   9.15664   -5.62095e-05
0.4595   0.000466267   2.98598e-05   32.0714
0.8139   454   12.3333   -4.2888e-05
0.509   0.000466268   2.56117e-05   55.5874
0.6373   455   17.8392   -3.36025e-05
0.5585   0.000466269   2.22834e-05   112.807
0.4615   456   29.0126   -2.69554e-05
0.6081   0.00046627   1.96135e-05   307.55
0.2864   457   59.4753   -2.19317e-05
0.6576   0.000466271   1.74412e-05   1856.99
0.1121   458   243.409   -1.81623e-05
0.7071   0.000466272   1.56422e-05   -2355.76
0.9384   459   10.0719   -1.52414e-05
0.7566   0.000466273   1.41326e-05   36.6292
0.7655   460   13.7   -1.29624e-05
0.8062   0.000466274   1.28486e-05   64.7843
0.5934   461   20.1168   -1.10912e-05
0.8557   0.000466275   1.17501e-05   136.413
0.4219   462   33.6285   -9.5961e-06
0.9052   0.000466276   1.07996e-05   401.523
0.2511   463   73.3991   -8.36866e-06
0.9547   0.000466277   9.97065e-06   3304.86
0.0811   464   400.744   0.332919
0.0043   0.000466278   0.0329854   -3938.32
0.9117   465   10.655   -0.325495
0.0538   0.000466279   0.000745337   38.9289
0.7431   466   14.5109   -0.0046966
0.1033   0.00046628   0.000280141   69.1384
0.5751   467   21.359   -0.00125615
0.1528   0.000466281   0.000155719   146.139
0.4079   468   35.834   -0.000540895
0.2024   0.000466282   0.000102144   435.049
0.2413   469   78.9254   -0.000288505
0.2519   0.000466283   7.35677e-05   3774.78
0.0754   470   452.815   -0.00017524
0.3014   0.000466284   5.62103e-05   -4462.37
0.9102   471   10.8192   -0.000115741
0.3509   0.000466285   4.47462e-05   38.412
0.7456   472   14.6239   -8.12663e-05
0.4005   0.000466286   3.66968e-05   67.0617
0.5817   473   21.2663   -5.94169e-05
0.45   0.000466287   3.08116e-05   137.88
0.4185   474   34.9233   -4.50747e-05
0.4995   0.000466288   2.6347e-05   386.367
0.2559   475   73.1928   -3.51511e-05
0.549   0.000466289   2.28653e-05   2587.21
0.094   476   329.454   -2.80379e-05
0.5985   0.00046629   2.00881e-05   -3219.53
0.9328   477   10.5613   -2.28302e-05
0.6481   0.000466291   1.78268e-05   35.2343
0.7722   478   14.0512   -1.8812e-05
0.6976   0.000466292   1.59635e-05   59.5229
0.6122   479   19.9469   -1.57488e-05
0.7471   0.000466293   1.44036e-05   115.767
0.4529   480   31.4136   -1.33411e-05
0.7966   0.000466294   1.30822e-05   289.878
0.2942   481   60.1258   -1.14404e-05
0.8462   0.000466295   1.1949e-05   1326.22
0.1361   482   191.487   -9.86059e-06
0.8957   0.000466296   1.09723e-05   -1832.79
0.9787   483   9.95068   -8.58682e-06
0.9452   0.000466297   1.01218e-05   30.3494
0.8219   484   12.9568   -7.53227e-06
0.9947   0.000466297   9.37572e-06   49.0145
0.6657   485   17.8116   0.00997665
0.0443   0.000466298   0.000997558   88.7418
0.5102   486   26.6015   -0.00680251
0.0938   0.000466299   0.000323773   194.717
0.3552   487   45.888   -0.00153769
0.1433   0.0004663   0.000171465   628.1
0.2009   488   108.101   -0.000621846
0.1928   0.000466301   0.000109872   8511.98
0.0472   489   951.209   -0.000322403
0.2424   0.000466302   7.79379e-05   -9486.63
0.894   490   11.563   -0.000191408
0.2919   0.000466303   5.8979e-05   38.1217
0.7415   491   15.3389   -0.000124687
0.3414   0.000466304   4.66288e-05   63.9939
0.5896   492   21.6775   -8.65251e-05
0.3909   0.000466305   3.80585e-05   123.413
0.4382   493   33.9015   -6.30339e-05
0.4405   0.000466306   3.1815e-05   303.086
0.2875   494   63.922   -4.74214e-05
0.49   0.000466306   2.7118e-05   1314.06
0.1373   495   194.079   -3.68014e-05
0.5395   0.000466307   2.34728e-05   -1857.67
0.9878   496   10.0776   -2.92368e-05
0.589   0.000466308   2.05769e-05   28.5423
0.8388   497   12.9047   -2.37265e-05
0.6386   0.000466309   1.82268e-05   44.5783
0.6903   498   17.3202   -1.94947e-05
0.6881   0.00046631   1.62959e-05   76.6306
0.5425   499   24.9104   -1.62802e-05
0.7376   0.000466311   1.46833e-05   153.801
0.3952   500   40.1444   -1.37617e-05
0.7871   0.000466312   1.33202e-05   409.175
0.2485   501   80.673   -1.17788e-05
0.8367   0.000466313   1.21535e-05   2275.24
0.1023   502   306.034   -1.01356e-05
0.8862   0.000466313   1.11496e-05   -2981.46
0.9567   503   10.7222   -8.81296e-06
0.9357   0.000466314   1.02767e-05   30.5411
0.8117   504   13.7473   -7.72013e-06
0.9852   0.000466315   9.51202e-06   47.8179
0.6672   505   18.4836   0.0143697
0.0348   0.000466316   0.00143282   82.5757
0.5233   506   26.6627   -0.0106289
0.0843   0.000466317   0.000380032   166.86
0.3799   507   43.1901   -0.001918
0.1338   0.000466318   0.000190054   450.639
0.237   508   87.8256   -0.000722135
0.1833   0.000466318   0.000118527   2630.71
0.0947   509   348.396   -0.000361128
0.2329   0.000466319   8.27578e-05   -3406.98
0.9529   510   10.9365   -0.00020975
0.2824   0.00046632   6.19822e-05   30.3051
0.8117   511   13.9382   -0.000134634
0.3319   0.000466321   4.86468e-05   46.872
0.671   512   18.5809   -9.24394e-05
0.3814   0.000466322   3.94907e-05   79.5542
0.5308   513   26.4607   -6.68032e-05
0.431   0.000466323   3.28739e-05   155.905
0.3912   514   41.903   -4.99419e-05
0.4805   0.000466323   2.79272e-05   396.799
0.252   515   81.2057   -3.85621e-05
0.53   0.000466324   2.41076e-05   1901.33
0.1134   516   269.532   -3.05087e-05
0.5795   0.000466325   2.10857e-05   -2613.09
0.9753   517   10.7069   -2.46728e-05
0.6291   0.000466326   1.86419e-05   27.9375
0.8378   518   13.4741   -2.02124e-05
0.6786   0.000466327   1.66399e-05   42.1617
0.7007   519   17.6502   -1.68372e-05
0.7281   0.000466327   1.49721e-05   68.9751
0.5641   520   24.4821   -1.4201e-05
0.7776   0.000466328   1.35655e-05   127.412
0.4281   521   37.1022   -1.21314e-05
0.8272   0.000466329   1.23639e-05   289.939
0.2925   522   65.8206   -1.04209e-05
0.8767   0.00046633   1.13317e-05   1020.51
0.1575   523   166.902   -9.04753e-06
0.9262   0.000466331   1.04356e-05   28766.3
0.0229   524   3016.19   -7.91504e-06
0.9757   0.000466331   9.65161e-06   -30325.1
0.8888   525   12.4978   0.0232394
0.0253   0.000466332   0.0023115   35.197
0.7553   526   15.984   -0.0187462
0.0748   0.000466333   0.000454699   54.8694
0.6222   527   21.4188   -0.00244764
0.1243   0.000466334   0.000212261   94.1405
0.4896   528   30.7434   -0.000846842
0.1738   0.000466335   0.000128382   188.006
0.3575   529   49.3653   -0.00040673
0.2234   0.000466335   8.80954e-05   496.368
0.2258   530   98.5304   -0.000230657
0.2729   0.000466336   6.5249e-05   2674.66
0.0947   531   363.454   -0.00014573
0.3224   0.000466337   5.08145e-05   -3556.22
0.964   532   11.2118   -9.89361e-05
0.3719   0.000466338   4.10149e-05   27.7874
0.8338   533   13.9641   -7.08967e-05
0.4215   0.000466338   3.39926e-05   41.0378
0.7041   534   18.0289   -5.26533e-05
0.471   0.000466339   2.87773e-05   65.2136
0.5748   535   24.4883   -4.0443e-05
0.5205   0.00046634   2.47715e-05   115.169
0.446   536   35.8957   -3.18594e-05
0.57   0.000466341   2.16158e-05   241.514
0.3177   537   59.8175   -2.56731e-05
0.6196   0.000466341   1.90729e-05   706.369
0.1898   538   129.783   -2.09677e-05
0.6691   0.000466342   1.69961e-05   5653.41
0.0624   539   689.75   -1.74206e-05
0.7186   0.000466343   1.52706e-05   -6843.49
0.9354   540   11.9063   -1.46602e-05
0.7681   0.000466344   1.38185e-05   29.5497
0.8089   541   14.8332   -1.24992e-05
0.8177   0.000466344   1.25804e-05   43.7025
0.6828   542   19.1619   -1.07178e-05
0.8672   0.000466345   1.15188e-05   69.4543
0.5572   543   26.0413   -9.29089e-06
0.9167   0.000466346   1.05986e-05   122.922
0.432   544   38.2167   -8.11644e-06
0.9662   0.000466347   9.79465e-06   258.454
0.3073   545   63.8165   0.0471891
0.0158   0.000466347   0.00468386   760.283
0.183   546   139.122   -0.0416599
0.0653   0.000466348   0.000557469   6243.16
0.0592   547   757.504   -0.00321369
0.1148   0.000466349   0.000239154   -7525.82
0.9358   548   12.075   -0.00100428
0.1643   0.00046635   0.00013968   28.9691
0.8128   549   14.9443   -0.000460865
0.2139   0.00046635   9.4032e-05   42.2873
0.6902   550   19.1329   -0.000254612
0.2634   0.000466351   6.88128e-05   65.9798
0.5681   551   25.6681   -0.000158153
0.3129   0.000466352   5.31478e-05   113.574
0.4464   552   36.9175   -0.000106092
0.3624   0.000466352   4.26395e-05   227.801
0.3252   553   59.4812   -7.53486e-05
0.412   0.000466353   3.51762e-05   607.67
0.2043   554   119.671   -5.55762e-05
0.4615   0.000466354   2.96714e-05   3390.96
0.0839   555   455.544   -4.24555e-05
0.511   0.000466354   2.54662e-05   -4480.83
0.9639   556   11.7194   -3.32952e-05
0.5605   0.000466355   2.21683e-05   26.2708
0.8443   557   14.3216   -2.67302e-05
0.6101   0.000466356   1.95207e-05   37.4075
0.7251   558   18.0267   -2.1763e-05
0.6596   0.000466357   1.73651e-05   56.3996
0.6064   559   23.6131   -1.80333e-05
0.7091   0.000466357   1.55789e-05   92.4186
0.488   560   32.7671   -1.51404e-05
0.7586   0.000466358   1.40793e-05   170.963
0.3701   561   49.7009   -1.28821e-05
0.8082   0.000466359   1.28033e-05   389.707
0.2526   562   88.3012   -1.1027e-05
0.8577   0.000466359   1.17111e-05   1384.18
0.1354   563   225.403   -9.54349e-06
0.9072   0.00046636   1.07658e-05   42140.8
0.0187   564   4399.43   -8.32529e-06
0.9567   0.000466361   9.9412e-06   -44283.8
0.9024   565   13.1471   0.187718
0.0063   0.000466361   0.0186034   30.7151
0.7864   566   16.1894   -0.180694
0.0558   0.000466362   0.000705752   44.342
0.6709   567   20.5815   -0.00437666
0.1053   0.000466363   0.000272246   68.3414
0.5557   568   27.3507   -0.00120655
0.1548   0.000466363   0.000152738   115.144
0.441   569   38.7556   -0.000525717
0.2044   0.000466364   0.000100666   223.729
0.3266   570   60.9159   -0.000282215
0.2539   0.000466365   7.2713e-05   558.052
0.2126   571   116.191   -0.000172115
0.3034   0.000466365   5.56651e-05   2524.98
0.099   572   366.289   -0.000113993
0.3529   0.000466366   4.43741e-05   -3580.14
0.9858   573   11.6775   -8.02033e-05
0.4025   0.000466367   3.643e-05   23.8198
0.873   574   14.0369   -5.87321e-05
0.452   0.000466367   3.06126e-05   32.8508
0.7606   575   17.2907   -4.46097e-05
0.5015   0.000466368   2.6194e-05   47.5522
0.6485   576   22.0008   -3.48232e-05
0.551   0.000466369   2.27448e-05   73.3318
0.5368   577   29.2642   -2.78501e-05
0.6006   0.000466369   1.99863e-05   123.928
0.4255   578   41.5392   -2.26012e-05
0.6501   0.00046637   1.77476e-05   241.734
0.3145   579   65.4829   -1.86759e-05
0.6996   0.000466371   1.58978e-05   607.503
0.2039   580   125.656   -1.56432e-05
0.7491   0.000466371   1.43483e-05   2810.77
0.0937   581   404.061   -1.32572e-05
0.7986   0.000466372   1.30352e-05   -3959.29
0.9839   582   11.8953   -1.13729e-05
0.8482   0.000466373   1.19087e-05   23.4974
0.8744   583   14.2227   -9.80603e-06
0.8977   0.000466373   1.09375e-05   32.0759
0.7653   584   17.3998   -8.54172e-06
0.9472   0.000466374   1.00914e-05   45.8103
0.6565   585   21.9373   -7.49459e-06
0.9967   0.000466375   9.34908e-06   69.3491
0.5481   586   28.8063   0.009333
0.0463   0.000466375   0.000933778   114.064
0.4401   587   40.1043   -0.0062599
0.0958   0.000466376   0.000313739   213.002
0.3324   588   61.202   -0.00147173
0.1453   0.000466376   0.000167965   492.763
0.2251   589   110.01   -0.000603365
0.1948   0.000466377   0.000108202   1816.9
0.1181   590   289.973   -0.000315054
0.2444   0.000466378   7.69957e-05   94854.2
0.0114   591   9685.24   -0.000187869
0.2939   0.000466378   5.83873e-05   -97643.3
0.9052   592   13.7115   -0.000122746
0.3434   0.000466379   4.62294e-05   28.7165
0.7992   593   16.5559   -8.53623e-05
0.3929   0.00046638   3.77743e-05   39.9387
0.6936   594   20.5118   -6.22897e-05
0.4425   0.00046638   3.16046e-05   58.3965
0.5884   595   26.2959   -4.69207e-05
0.492   0.000466381   2.69571e-05   91.5267
0.4835   596   35.3616   -3.64517e-05
0.5415   0.000466381   2.33466e-05   158.475
0.3789   597   51.0584   -2.89834e-05
0.591   0.000466382   2.04758e-05   320.968
0.2747   598   82.8501   -2.35377e-05
0.6406   0.000466383   1.81444e-05   872.472
0.1708   599   169.268   -1.93517e-05
0.6901   0.000466383   1.62276e-05   5211.88
0.0673   600   685.502   -1.61689e-05
0.7396   0.000466384   1.46261e-05   -6792.93
0.964   601   12.666   -1.36742e-05
0.7891   0.000466384   1.32717e-05   23.8186
0.8612   602   15.0252   -1.17083e-05
0.8387   0.000466385   1.2112e-05   32.0977
0.7586   603   18.2045   -1.00783e-05
0.8882   0.000466386   1.11137e-05   44.9324
0.6564   604   22.655   -8.76633e-06
0.9377   0.000466386   1.02454e-05   66.3498
0.5545   605   29.2269   -7.68124e-06
0.9872   0.000466387   9.48459e-06   105.329
0.4529   606   39.6597   0.0132089
0.0368   0.000466387   0.00131782   185.929
0.3516   607   58.0758   -0.00959987
0.0863   0.000466388   0.000366954   389.107
0.2507   608   96.6167   -0.00182791
0.1358   0.000466389   0.0001859   1133.55
0.1501   609   208.894   -0.000699331
0.1853   0.000466389   0.000116631   8944.86
0.0498   610   1094.88   -0.000352508
0.2349   0.00046639   8.17156e-05   -10920.9
0.9499   611   13.1645   -0.000205723
0.2844   0.00046639   6.13387e-05   24.308
0.8502   612   15.5722   -0.000132471
0.3339   0.000466391   4.82176e-05   32.5046
0.7509   613   18.7918   -9.11626e-05
0.3834   0.000466392   3.9188e-05   45.2557
0.6518   614   23.2743   -6.5995e-05
0.433   0.000466392   3.26512e-05   66.1141
0.5531   615   29.8229   -4.9403e-05
0.4825   0.000466393   2.77579e-05   103.505
0.4547   616   40.075   -3.81883e-05
0.532   0.000466393   2.39753e-05   178.905
0.3566   617   57.7954   -3.02393e-05
0.5815   0.000466394   2.09801e-05   361.8
0.2588   618   93.6315   -2.44735e-05
0.6311   0.000466394   1.85561e-05   977.185
0.1614   619   190.421   -2.00614e-05
0.6806   0.000466395   1.6569e-05   5753.19
0.0642   620   760.272   -1.67201e-05
0.7301   0.000466396   1.49129e-05   -7544.22
0.9673   621   13.0206   -1.41094e-05
0.7796   0.000466396   1.35153e-05   22.6938
0.8708   622   15.2684   -1.20578e-05
0.8292   0.000466397   1.2321e-05   29.9213
0.7745   623   18.2321   -1.03617e-05
0.8787   0.000466397   1.12947e-05   40.777
0.6785   624   22.271   -8.99879e-06
0.9282   0.000466398   1.04034e-05   58.0498
0.5828   625   28.0208   -7.87468e-06
0.9777   0.000466398   9.6234e-06   87.4766
0.4875   626   36.6853   0.0207257
0.0273   0.000466399   0.0020625   143.317
0.3924   627   50.8808   -0.0164098
0.0768   0.0004664   0.000437116   265.31
0.2976   628   77.1597   -0.00232053
0.1263   0.0004664   0.000207269   604.927
0.2031   629   137.077   -0.000818313
0.1758   0.000466401   0.000126215   2146.49
0.1089   630   349.686   -0.000396542
0.2254   0.000466401   8.69378e-05   65640
0.015   631   6851.29   -0.000226053
0.2749   0.000466402   6.45473e-05   -69026.5
0.9214   632   14.2536   -0.000143313
0.3244   0.000466402   5.03523e-05   25.2905
0.828   633   16.7586   -9.75307e-05
0.3739   0.000466403   4.06919e-05   33.4273
0.735   634   20.0696   -7.00167e-05
0.4235   0.000466403   3.37568e-05   45.8609
0.6422   635   24.6121   -5.20731e-05
0.473   0.000466404   2.8599e-05   65.7825
0.5497   636   31.1278   -4.00424e-05
0.5225   0.000466405   2.46328e-05   100.288
0.4575   637   41.0613   -3.15733e-05
0.572   0.000466405   2.15055e-05   166.665
0.3656   638   57.5694   -2.54612e-05
0.6216   0.000466406   1.89836e-05   316.501
0.2739   639   88.9187   -2.08089e-05
0.6711   0.000466406   1.69225e-05   754.077
0.1826   640   163.61   -1.72979e-05
0.7206   0.000466407   1.52091e-05   3012.16
0.0915   641   461.962   -1.45642e-05
0.7701   0.000466407   1.37665e-05   6.9763e+06
0.0007   642   691462   -1.2422e-05
0.8197   0.000466408   1.25361e-05   -6.98082e+06
0.9101   643   14.7726   -1.06561e-05
0.8692   0.000466408   1.14807e-05   25.548
0.8199   644   17.3031   -9.24021e-06
0.9187   0.000466409   1.05654e-05   33.6098
0.7299   645   20.6322   -8.07476e-06
0.9682   0.000466409   9.76561e-06   45.7305
0.6401   646   25.1618   0.0394531
0.0178   0.00046641   0.00391758   64.7981
0.5507   647   31.58   -0.0341718
0.0673   0.00046641   0.000532875   97.4111
0.4615   648   41.2285   -0.00302683
0.1168   0.000466411   0.000233069   158.415
0.3726   649   56.9194   -0.000968029
0.1663   0.000466411   0.000137186   290.696
0.2839   650   85.7127   -0.000448719
0.2159   0.000466412   9.27408e-05   651.309
0.1955   651   150.225   -0.000249324
0.2654   0.000466412   6.80453e-05   2213.85
0.1074   652   369.506   -0.000155439
0.3149   0.000466413   5.26492e-05   44563
0.0195   653   4783.45   -0.000104541
0.3644   0.000466413   4.22944e-05   -48147.1
0.9319   654   14.5012   -7.43895e-05
0.414   0.000466414   3.49262e-05   23.5352
0.8446   655   16.8324   -5.49505e-05
0.4635   0.000466414   2.94834e-05   30.4427
0.7575   656   19.8477   -4.20256e-05
0.513   0.000466415   2.53207e-05   40.4984
0.6707   657   23.859   -3.299e-05
0.5625   0.000466416   2.20531e-05   55.9603
0.5841   658   29.4019   -2.65066e-05
0.6121   0.000466416   1.94276e-05   81.0196
0.4978   659   37.4268   -2.15951e-05
0.6616   0.000466417   1.72887e-05   125.293
0.4117   660   49.8371   -1.79043e-05
0.7111   0.000466417   1.55152e-05   212.335
0.3259   661   70.8688   -1.50395e-05
0.7606   0.000466418   1.40256e-05   416.273
0.2403   662   112.1   -1.28021e-05
0.8102   0.000466418   1.27575e-05   1056.22
0.155   663   216.719   -1.09621e-05
0.8597   0.000466419   1.16717e-05   5032.21
0.07   664   715.156   -9.49103e-06
0.9092   0.000466419   1.07317e-05   -7083.22
0.9851   665   13.5669   -8.2818e-06
0.9587   0.00046642   9.91136e-06   19.9582
0.9006   666   15.5438   0.124119
0.0083   0.00046642   0.0123038   25.1996
0.8163   667   18.0398   -0.117459
0.0578   0.000466421   0.000669524   32.5847
0.7322   668   21.2673   -0.00408706
0.1073   0.000466421   0.000264703   43.3277
0.6484   669   25.5589   -0.00115961
0.1568   0.000466422   0.000149844   59.8366
0.5648   670   31.4857   -0.000511111
0.2064   0.000466422   9.92189e-05   86.6896
0.4814   671   40.0722   -0.000276104
0.2559   0.000466422   7.1871e-05   133.803
0.3983   672   53.3254   -0.000169057
0.3054   0.000466423   5.5126e-05   226.422
0.3155   673   75.7523   -0.000112278
0.3549   0.000466423   4.40049e-05   443.614
0.2328   674   119.692   -7.91558e-05
0.4045   0.000466424   3.61646e-05   1119.83
0.1505   675   230.611   -5.80548e-05
0.454   0.000466424   3.04143e-05   5298.58
0.0683   676   755.433   -4.41492e-05
0.5035   0.000466425   2.60413e-05   -7487.65
0.9864   677   13.7844   -3.44984e-05
0.553   0.000466425   2.26243e-05   19.5049
0.9047   678   15.7164   -2.76121e-05
0.6026   0.000466426   1.98893e-05   24.3739
0.8233   679   18.1306   -2.24243e-05
0.6521   0.000466426   1.76682e-05   31.1656
0.7421   680   21.2176   -1.85402e-05
0.7016   0.000466427   1.58318e-05   40.9258
0.6611   681   25.2712   -1.55374e-05
0.7511   0.000466427   1.42928e-05   55.5569
0.5803   682   30.7741   -1.3198e-05
0.8007   0.000466428   1.29855e-05   78.5785
0.4998   683   38.5573   -1.12811e-05
0.8502   0.000466428   1.18682e-05   117.701
0.4195   684   50.2156   -9.75095e-06
0.8997   0.000466429   1.09023e-05   190.388
0.3395   685   69.0734   -8.4968e-06
0.9492   0.000466429   1.00607e-05   347.105
0.2596   686   103.454   -7.45702e-06
0.9987   0.00046643   9.3221e-06   767.189
0.18   687   179.444   0.00875487
0.0483   0.00046643   0.000876488   2530.64
0.1006   688   430.102   -0.00577779
0.0978   0.000466431   0.0003042   39671.5
0.0215   689   4359.55   -0.00140965
0.1473   0.000466431   0.000164575   -43862
0.9425   690   15.0421   -0.000585625
0.1968   0.000466432   0.000106569   21.4709
0.8638   691   17.1687   -0.000307927
0.2464   0.000466432   7.60689e-05   26.9188
0.7853   692   19.835   -0.000184411
0.2959   0.000466432   5.78031e-05   34.5105
0.707   693   23.2533   -0.000120841
0.3454   0.000466433   4.58338e-05   45.3991
0.629   694   27.75   -8.42184e-05
0.3949   0.000466433   3.7492e-05   61.8545
0.5512   695   33.8767   -6.15535e-05
0.4445   0.000466434   3.13952e-05   88.1689
0.4735   696   42.6098   -4.64267e-05
0.494   0.000466434   2.67966e-05   132.871
0.3961   697   55.7706   -3.61041e-05
0.5435   0.000466435   2.32205e-05   217.493
0.3189   698   77.3132   -2.87322e-05
0.593   0.000466435   2.03746e-05   401.896
0.242   699   117.121   -2.335e-05
0.6426   0.000466436   1.80618e-05   917.027
0.1652   700   207.952   -1.9209e-05
0.6921   0.000466436   1.61592e-05   3244.45
0.0887   701   529.313   -1.6058e-05
0.7416   0.000466437   1.45686e-05   98291.2
0.0123   702   10265   -1.35866e-05
0.7911   0.000466437   1.32229e-05   -103479
0.9362   703   15.4804   -1.16382e-05
0.8407   0.000466437   1.20701e-05   21.3851
0.8603   704   17.5986   -1.00212e-05
0.8902   0.000466438   1.10775e-05   26.6141
0.7846   705   20.2347   -8.71943e-06
0.9397   0.000466438   1.02139e-05   33.8177
0.7091   706   23.5843   -7.6423e-06
0.9892   0.000466439   9.4569e-06   44.0687
0.6338   707   27.9493   0.0121952
0.0388   0.000466439   0.00121738   59.1563
0.5588   708   33.8087   -0.00871066
0.0883   0.00046644   0.000354597   82.839
0.4839   709   42.0139   -0.00174367
0.1378   0.00046644   0.000181887   122.068
0.4092   710   54.1047   -0.000677503
0.1873   0.00046644   0.000114781   192.888
0.3348   711   73.2102   -0.000344161
0.2369   0.000466441   8.06918e-05   339.313
0.2605   712   106.819   -0.000201796
0.2864   0.000466441   6.0704e-05   705.78
0.1864   713   176.726   -0.000130351
0.3359   0.000466442   4.77928e-05   2021.34
0.1126   714   376.939   -8.99077e-05
0.3854   0.000466442   3.88875e-05   14962.1
0.0389   715   1858.92   -6.51964e-05
0.435   0.000466443   3.24298e-05   -18615.6
0.9655   716   15.0544   -4.88716e-05
0.4845   0.000466443   2.75891e-05   19.3489
0.8922   717   16.9709   -3.7817e-05
0.534   0.000466444   2.38434e-05   23.6767
0.8192   718   19.3161   -2.99726e-05
0.5835   0.000466444   2.08746e-05   29.5733
0.7463   719   22.2453   -2.4275e-05
0.6331   0.000466444   1.84702e-05   37.6872
0.6736   720   25.9782   -1.99111e-05
0.6826   0.000466445   1.6498e-05   49.208
0.6012   721   30.8523   -1.66041e-05
0.7321   0.000466445   1.48534e-05   66.528
0.5289   722   37.4418   -1.40174e-05
0.7816   0.000466446   1.34649e-05   93.5922
0.4568   723   46.7121   -1.19846e-05
0.8312   0.000466446   1.22779e-05   138.741
0.385   724   60.4543   -1.03023e-05
0.8807   0.000466446   1.12574e-05   222.234
0.3133   725   82.4665   -8.95008e-06
0.9302   0.000466447   1.03709e-05   397.067
0.2418   726   121.796   -7.8343e-06
0.9797   0.000466447   9.59495e-06   849.934
0.1705   727   205.981   0.0186328
0.0293   0.000466448   0.00185516   2598.63
0.0994   728   463.374   -0.014483
0.0788   0.000466448   0.000420624   25996.3
0.0284   729   3038.3   -0.00220255
0.1283   0.000466449   0.000202462   -30517.7
0.9577   730   15.5367   -0.0007911
0.1778   0.000466449   0.000124104   19.3043
0.8872   731   17.4488   -0.000386696
0.2274   0.000466449   8.58022e-05   23.5319
0.8168   732   19.7796   -0.00022157
0.2769   0.00046645   6.38559e-05   29.1289
0.7466   733   22.6648   -0.000140945
0.3264   0.00046645   4.98953e-05   36.7756
0.6766   734   26.3074   -9.61497e-05
0.3759   0.000466451   4.03718e-05   47.5473
0.6068   735   31.0169   -6.91495e-05
0.4255   0.000466451   3.35225e-05   63.2991
0.5372   736   37.2867   -5.15006e-05
0.475   0.000466451   2.84214e-05   87.4342
0.4678   737   45.947   -3.96458e-05
0.5245   0.000466452   2.44945e-05   126.7
0.3986   738   58.4966   -3.12891e-05
0.574   0.000466452   2.13953e-05   196.265
0.3295   739   77.9366   -2.52513e-05
0.6236   0.000466453   1.88942e-05   333.361
0.2606   740   110.956   -2.06506e-05
0.6731   0.000466453   1.68488e-05   654.938
0.1919   741   175.827   -1.71761e-05
0.7226   0.000466453   1.51475e-05   1672
0.1234   742   341.438   -1.4468e-05
0.7721   0.000466454   1.37145e-05   8153.25
0.055   743   1149.01   -1.23456e-05
0.8217   0.000466454   1.24916e-05   -11447.6
0.9869   744   15.1371   -1.0594e-05
0.8712   0.000466455   1.14423e-05   17.5025
0.9189   745   16.8707   -9.18984e-06
0.9207   0.000466455   1.0532e-05   21.0093
0.8511   746   18.9517   -8.03289e-06
0.9702   0.000466455   9.73639e-06   25.5796
0.7835   747   21.4853   0.0336181
0.0198   0.000466456   0.00333959   31.7185
0.716   748   24.627   -0.0285672
0.0693   0.000466456   0.000510024   40.0644
0.6487   749   28.5954   -0.00285507
0.1188   0.000466457   0.000227231   51.8297
0.5816   750   33.7291   -0.000933566
0.1683   0.000466457   0.000134761   69.0501
0.5147   751   40.5685   -0.00043701
0.2179   0.000466457   9.14757e-05   95.6346
0.4479   752   50.041   -0.000244178
0.2674   0.000466458   6.729e-05   138.589
0.3814   753   63.7682   -0.000152786
0.3169   0.000466458   5.21566e-05   215.08
0.315   754   85.0718   -0.000103018
0.3664   0.000466459   4.19527e-05   367.035
0.2487   755   121.426   -7.34459e-05
0.416   0.000466459   3.4678e-05   725.268
0.1826   756   193.264   -5.43322e-05
0.4655   0.000466459   2.92964e-05   1872.81
0.1167   757   378.765   -4.1601e-05
0.515   0.00046646   2.51758e-05   9429.84
0.051   758   1312.79   -3.26881e-05
0.5645   0.00046646   2.19381e-05   -13097.6
0.9855   759   15.4752   -2.62839e-05
0.6141   0.000466461   1.93347e-05   17.1786
0.9201   760   17.1768   -2.14286e-05
0.6636   0.000466461   1.72122e-05   20.501
0.8548   761   19.2074   -1.77761e-05
0.7131   0.000466461   1.54515e-05   24.7117
0.7898   762   21.6551   -1.49391e-05
0.7626   0.000466462   1.39718e-05   30.3346
0.7249   763   24.6597   -1.2722e-05
0.8122   0.000466462   1.27116e-05   37.8557
0.6602   764   28.4093   -1.0898e-05
0.8617   0.000466462   1.16322e-05   48.3449
0.5956   765   33.1978   -9.43818e-06
0.9112   0.000466463   1.06974e-05   63.2821
0.5312   766   39.4659   -8.23859e-06
0.9607   0.000466463   9.88133e-06   85.5567
0.467   767   47.9402   0.0897651
0.0103   0.000466464   0.00890107   120.771
0.4029   768   59.9026   -0.083441
0.0598   0.000466464   0.000636277   179.837
0.339   769   77.7154   -0.00382418
0.1093   0.000466464   0.000257495   288.906
0.2753   770   106.331   -0.00111519
0.1588   0.000466465   0.000147036   520.528
0.2117   771   157.889   -0.000497053
0.2084   0.000466465   9.78031e-05   1130.99
0.1482   772   269.914   -0.000270167
0.2579   0.000466465   7.10431e-05   3556.68
0.085   773   622.202   -0.000166071
0.3074   0.000466466   5.45939e-05   41813.6
0.0219   774   4763.81   -0.000110595
0.3569   0.000466466   4.36395e-05   -47929.1
0.9589   775   16.4635   -7.8125e-05
0.4065   0.000466467   3.59013e-05   18.0129
0.8961   776   18.2477   -5.73868e-05
0.456   0.000466467   3.02172e-05   21.4042
0.8335   777   20.3677   -4.36946e-05
0.5055   0.000466467   2.58892e-05   25.8014
0.771   778   22.9234   -3.41758e-05
0.555   0.000466468   2.25041e-05   31.5158
0.7087   779   26.045   -2.73771e-05
0.6046   0.000466468   1.97925e-05   39.1635
0.6466   780   29.9241   -2.22482e-05
0.6541   0.000466468   1.75888e-05   49.7642
0.5846   781   34.8532   -1.84054e-05
0.7036   0.000466469   1.57657e-05   64.8542
0.5227   782   41.277   -1.54322e-05
0.7531   0.000466469   1.42372e-05   87.0458
0.461   783   49.8988   -1.31144e-05
0.8027   0.00046647   1.29382e-05   121.495
0.3995   784   61.9328   -1.1214e-05
0.8522   0.00046647   1.18275e-05   178.865
0.3381   785   79.6493   -9.69651e-06
0.9017   0.00046647   1.0867e-05   282.204
0.2769   786   107.601   -8.4515e-06
0.9512   0.000466471   1.00299e-05   494.636
0.2158   787   156.595   4.15152
0.0008   0.000466471   0.411216   1024.56
0.1548   788   258.077   -4.14329
0.0503   0.000466471   0.000824808   2898.99
0.0941   789   545.221   -0.00534763
0.0998   0.000466472   0.000295128   20559.1
0.0334   790   2581.59   -0.00135119
0.1493   0.000466472   0.000161293   -25897.6
0.9729   791   16.442   -0.000568598
0.1988   0.000466472   0.000104974   16.9523
0.9126   792   18.1211   -0.000301013
0.2484   0.000466473   7.51587e-05   19.9752
0.8524   793   20.0996   -0.000181038
0.2979   0.000466473   5.7227e-05   23.7645
0.7924   794   22.4535   -0.000118976
0.3474   0.000466473   4.54425e-05   28.6884
0.7325   795   25.2951   -8.3092e-05
0.3969   0.000466474   3.72122e-05   35.1639
0.6727   796   28.778   -6.08294e-05
0.4465   0.000466474   3.11871e-05   43.7987
0.6131   797   33.1163   -4.59381e-05
0.496   0.000466474   2.6637e-05   55.7081
0.5537   798   38.6341   -3.57606e-05
0.5455   0.000466475   2.30949e-05   72.8189
0.4944   799   45.8468   -2.84829e-05
0.595   0.000466475   2.02737e-05   98.2894
0.4352   800   55.5823   -2.31637e-05
0.6446   0.000466476   1.79793e-05   137.931
0.3762   801   69.2444   -1.90672e-05
0.6941   0.000466476   1.60908e-05   204.555
0.3173   802   89.5054   -1.59481e-05
0.7436   0.000466476   1.45111e-05   326.06
0.2586   803   121.802   -1.34991e-05
0.7931   0.000466477   1.3174e-05   580.547
0.2   804   179.304   -1.15681e-05
0.8427   0.000466477   1.20282e-05   1232.24
0.1416   805   301.357   -9.96458e-06
0.8922   0.000466477   1.10412e-05   3708.93
0.0833   806   668.725   -8.67243e-06
0.9417   0.000466478   1.01822e-05   34117.3
0.0251   807   4048.02   -7.60365e-06
0.9912   0.000466478   9.42908e-06   -40697.6
0.9671   808   16.9467   0.0113039
0.0408   0.000466478   0.00112907   16.8332
0.9092   809   18.614   -0.00793704
0.0903   0.000466479   0.00034291   19.6779
0.8515   810   20.5631   -0.0016648
0.1398   0.000466479   0.000178013   23.3268
0.7938   811   22.8736   -0.00065661
0.1893   0.000466479   0.000112976   27.8387
0.7364   812   25.631   -0.000336082
0.2389   0.00046648   7.96873e-05   33.7923
0.6791   813   28.9781   -0.000197968
0.2884   0.00046648   6.00787e-05   41.6881
0.6219   814   33.1073   -0.000128276
0.3379   0.00046648   4.7373e-05   52.4226
0.5648   815   38.2997   -8.86729e-05
0.3874   0.000466481   3.859e-05   67.322
0.5079   816   44.9679   -6.44112e-05
0.437   0.000466481   3.22101e-05   89.0564
0.4511   817   53.7889   -4.83463e-05
0.4865   0.000466481   2.74214e-05   121.779
0.3945   818   65.8511   -3.74503e-05
0.536   0.000466482   2.3712e-05   174.508
0.338   819   83.136   -2.97078e-05
0.5855   0.000466482   2.07694e-05   265.74
0.2816   820   109.457   -2.40782e-05
0.6351   0.000466482   1.83845e-05   440.993
0.2253   821   153.137   -1.9762e-05
0.6846   0.000466483   1.64271e-05   832.407
0.1692   822   235.587   -1.64885e-05
0.7341   0.000466483   1.47939e-05   1967.45
0.1133   823   430.462   -1.39266e-05
0.7836   0.000466483   1.34145e-05   7720.73
0.0574   824   1195.2   -1.19113e-05
0.8332   0.000466484   1.22347e-05   2.35826e+06
0.0017   825   234780   -1.02431e-05
0.8827   0.000466484   1.12201e-05   -2.37015e+06
0.9461   826   17.9042   -8.90175e-06
0.9322   0.000466484   1.03384e-05   17.3636
0.8907   827   19.624   -7.79381e-06
0.9817   0.000466485   9.56642e-06   20.2582
0.8354   828   21.6306   0.0168682
0.0313   0.000466485   0.00168036   23.8736
0.7802   829   23.9953   -0.0128746
0.0808   0.000466485   0.000405136   28.4576
0.7251   830   26.814   -0.00209291
0.1303   0.000466486   0.000197835   34.3027
0.6702   831   30.2117   -0.000765128
0.1798   0.000466486   0.000122049   42.0525
0.6154   832   34.3769   -0.000377182
0.2294   0.000466486   8.46893e-05   52.4871
0.5607   833   39.5758   -0.000217205
0.2789   0.000466487   6.31752e-05   66.7932
0.5062   834   46.1916   -0.000138628
0.3284   0.000466487   4.94441e-05   87.3774
0.4518   835   54.8463   -9.47947e-05
0.3779   0.000466487   4.00548e-05   118.056
0.3975   836   66.5397   -6.82956e-05
0.4275   0.000466487   3.32901e-05   166.215
0.3433   837   83.0032   -5.09345e-05
0.477   0.000466488   2.82451e-05   246.552
0.2893   838   107.424   -3.92545e-05
0.5265   0.000466488   2.4357e-05   394.832
0.2354   839   146.532   -3.10078e-05
0.576   0.000466488   2.12856e-05   706.534
0.1816   840   216.514   -2.50432e-05
0.6256   0.000466489   1.88051e-05   1512.44
0.128   841   366.32   -2.04935e-05
0.6751   0.000466489   1.67753e-05   4657.3
0.0744   842   827.623   -1.70548e-05
0.7246   0.000466489   1.5086e-05   47430.5
0.021   843   5525.59   -1.43726e-05
0.7741   0.00046649   1.36624e-05   -55607.6
0.9677   844   17.6853   -1.22694e-05
0.8237   0.00046649   1.24471e-05   16.0032
0.9146   845   19.2704   -1.05327e-05
0.8732   0.00046649   1.14039e-05   18.5136
0.8615   846   21.1041   -9.13917e-06
0.9227   0.000466491   1.04986e-05   21.5241
0.8086   847   23.2361   -7.99114e-06
0.9722   0.000466491   9.70711e-06   25.3136
0.7558   848   25.7434   0.0290888
0.0218   0.000466491   0.00289094   30.0418
0.7032   849   28.719   -0.0242523
0.0713   0.000466492   0.000488754   36.2477
0.6506   850   32.3093   -0.00269689
0.1208   0.000466492   0.000221628   44.2205
0.5982   851   36.6893   -0.000900794
0.1703   0.000466492   0.000132404   54.9859
0.5459   852   42.1357   -0.000425716
0.2199   0.000466492   9.02374e-05   69.8014
0.4937   853   49.0495   -0.000239176
0.2694   0.000466493   6.65471e-05   90.8582
0.4416   854   58.0489   -0.000150192
0.3189   0.000466493   5.16706e-05   121.72
0.3897   855   70.1053   -0.000101525
0.3684   0.000466493   4.16146e-05   170.255
0.3378   856   86.969   -7.25157e-05
0.418   0.000466494   3.4432e-05   249.764
0.2861   857   111.708   -5.37225e-05
0.4675   0.000466494   2.91108e-05   393.802
0.2345   858   150.714   -4.11822e-05
0.517   0.000466494   2.50317e-05   688.155
0.183   859   218.875   -3.23884e-05
0.5665   0.000466495   2.18236e-05   1413.9
0.1317   860   358.922   -2.60641e-05
0.6161   0.000466495   1.9242e-05   3982.17
0.0804   861   753.354   -2.1263e-05
0.6656   0.000466495   1.71359e-05   27006.7
0.0293   862   3428.36   -1.76487e-05
0.7151   0.000466495   1.53878e-05   -34432.9
0.9783   863   17.7903   -1.48393e-05
0.7646   0.000466496   1.3918e-05   15.2133
0.9274   864   19.2972   -1.26424e-05
0.8142   0.000466496   1.26658e-05   17.4238
0.8766   865   21.023   -1.08339e-05
0.8637   0.000466496   1.15927e-05   20.1092
0.8259   866   23.0148   -9.38578e-06
0.9132   0.000466497   1.0663e-05   23.3598
0.7754   867   25.3286   -8.1953e-06
0.9627   0.000466497   9.85128e-06   27.508
0.7249   868   28.0532   0.0687688
0.0123   0.000466497   0.00682136   32.6237
0.6746   869   31.2846   -0.0627532
0.0618   0.000466498   0.000605685   39.2537
0.6244   870   35.1726   -0.00358489
0.1113   0.000466498   0.000250603   47.9286
0.5743   871   39.92   -0.00107312
0.1608   0.000466498   0.000144311   59.5365
0.5243   872   45.817   -0.000483523
0.2104   0.000466498   9.64187e-05   75.4861
0.4744   873   53.2939   -0.000264402
0.2599   0.000466499   7.02298e-05   97.8866
0.4247   874   62.9895   -0.000163156
0.3094   0.000466499   5.40692e-05   131.402
0.375   875   76.0048   -0.000108945
0.3589   0.000466499   4.32783e-05   182.618
0.3255   876   94.0931   -7.71115e-05
0.4085   0.0004665   3.56405e-05   268.086
0.276   877   120.647   -5.67283e-05
0.458   0.0004665   3.00216e-05   420.071
0.2267   878   162.255   -4.32451e-05
0.5075   0.0004665   2.57382e-05   728.996
0.1775   879   234.461   -3.38577e-05
0.557   0.0004665   2.23846e-05   1484.68
0.1284   880   381.518   -2.71433e-05
0.6066   0.000466501   1.9696e-05   4078.2
0.0794   881   785.462   -2.20737e-05
0.6561   0.000466501   1.75097e-05   25416.2
0.0305   882   3302.93   -1.8272e-05
0.7056   0.000466501   1.56998e-05   -33163.4
0.9817   883   18.1081   -1.53274e-05
0.7551   0.000466502   1.41817e-05   14.6908
0.9331   884   19.5632   -1.30316e-05
0.8047   0.000466502   1.28909e-05   16.7423
0.8845   885   21.2215   -1.11472e-05
0.8542   0.000466502   1.17868e-05   19.1339
0.8361   886   23.1167   -9.64205e-06
0.9037   0.000466502   1.08317e-05   22.1256
0.7877   887   25.3083   -8.4066e-06
0.9532   0.000466503   9.99904e-06   25.7004
0.7395   888   27.8539   0.633981
0.0028   0.000466503   0.0628055   30.2679
0.6913   889   30.8519   -0.626227
0.0523   0.000466503   0.000778004   35.8944
0.6433   890   34.4072   -0.00496228
0.1018   0.000466504   0.000286493   43.1899
0.5954   891   38.6852   -0.00129608
0.1513   0.000466504   0.000158116   52.7357
0.5476   892   43.9086   -0.000553028
0.2009   0.000466504   0.000103339   65.509
0.4999   893   50.3972   -0.000293533
0.2504   0.000466504   7.4265e-05   83.2564
0.4522   894   58.6438   -0.000177745
0.2999   0.000466505   5.66594e-05   108.02
0.4047   895   69.3431   -0.000117148
0.3494   0.000466505   4.50559e-05   144.778
0.3573   896   83.6833   -8.19867e-05
0.3989   0.000466505   3.69352e-05   201.73
0.31   897   103.664   -6.01145e-05
0.4485   0.000466506   3.09809e-05   295.758
0.2628   898   132.959   -4.54558e-05
0.498   0.000466506   2.64785e-05   463.618
0.2158   899   178.88   -3.54216e-05
0.5475   0.000466506   2.297e-05   807.465
0.1688   900   258.859   -2.8236e-05
0.597   0.000466506   2.01732e-05   1649.88
0.1219   901   422.279   -2.2979e-05
0.6466   0.000466507   1.78972e-05   4562.9
0.0751   902   874.232   -1.89265e-05
0.6961   0.000466507   1.60225e-05   29169.8
0.0284   903   3763.49   -1.58386e-05
0.7456   0.000466507   1.44537e-05   -37808.9
0.9818   904   18.5359   -1.34124e-05
0.7951   0.000466508   1.31252e-05   14.3505
0.9353   905   19.9573   -1.14984e-05
0.8447   0.000466508   1.19863e-05   16.184
0.889   906   21.5603   -9.90798e-06
0.8942   0.000466508   1.10049e-05   18.4437
0.8427   907   23.3872   -8.62607e-06
0.9437   0.000466508   1.01505e-05   21.1218
0.7965   908   25.4793   -7.56471e-06
0.9932   0.000466509   9.40124e-06   24.3749
0.7504   909   27.8936   0.0105152
0.0428   0.000466509   0.00105093   28.3718
0.7044   910   30.7038   -0.00725985
0.0923   0.000466509   0.000331847   33.3459
0.6585   911   34.0067   -0.00159088
0.1418   0.000466509   0.000174271   39.5334
0.6128   912   37.9225   -0.0006366
0.1913   0.00046651   0.000111216   47.6716
0.5671   913   42.6443   -0.000328263
0.2409   0.00046651   7.8702e-05   58.2208
0.5215   914   48.4111   -0.000194237
0.2904   0.00046651   5.94629e-05   72.3412
0.476   915   55.5764   -0.000126244
0.3399   0.00046651   4.69585e-05   91.7505
0.4306   916   64.6643   -8.74611e-05
0.3894   0.000466511   3.82955e-05   119.296
0.3853   917   76.4805   -6.36373e-05
0.439   0.000466511   3.19923e-05   159.951
0.3401   918   92.3236   -4.78281e-05
0.4885   0.000466511   2.72549e-05   222.979
0.295   919   114.41   -3.70879e-05
0.538   0.000466512   2.35814e-05   327.121
0.25   920   146.811   -2.94459e-05
0.5875   0.000466512   2.06648e-05   514.624
0.2051   921   197.784   -2.38832e-05
0.6371   0.000466512   1.82992e-05   898.956
0.1602   922   286.825   -1.96144e-05
0.6866   0.000466512   1.63564e-05   1839.62
0.1155   923   469.039   -1.63733e-05
0.7361   0.000466513   1.47346e-05   5121.27
0.0709   924   976.299   -1.3836e-05
0.7856   0.000466513   1.33642e-05   33570.7
0.0264   925   4301.46   -1.18388e-05
0.8352   0.000466513   1.21915e-05   -43235.7
0.9819   926   18.9841   -1.01843e-05
0.8847   0.000466513   1.11828e-05   13.9646
0.9376   927   20.3673   -8.85318e-06
0.9342   0.000466514   1.03059e-05   15.7227
0.8933   928   21.9246   -7.75391e-06
0.9837   0.000466514   9.53786e-06   17.7218
0.8492   929   23.68   0.0153643
0.0333   0.000466514   0.00153136   20.1884
0.8051   930   25.6796   -0.0115174
0.0828   0.000466514   0.00039057   23.1073
0.7611   931   27.9684   -0.00199085
0.1323   0.000466515   0.000193377   26.65
0.7172   932   30.608   -0.000740332
0.1818   0.000466515   0.000120048   30.9229
0.6735   933   33.6709   -0.000367988
0.2314   0.000466515   8.35989e-05   36.391
0.6298   934   37.2755   -0.000212959
0.2809   0.000466515   6.25055e-05   43.2058
0.5862   935   41.555   -0.000136362
0.3304   0.000466516   4.89989e-05   52.0736
0.5426   936   46.7128   -9.34641e-05
0.3799   0.000466516   3.97414e-05   63.3911
0.4992   937   52.9917   -6.74555e-05
0.4295   0.000466516   3.30599e-05   78.6556
0.4559   938   60.7825   -5.03775e-05
0.479   0.000466516   2.80701e-05   99.8513
0.4126   939   70.6727   -3.88667e-05
0.5285   0.000466517   2.42203e-05   129.309
0.3695   940   83.4807   -3.07296e-05
0.578   0.000466517   2.11766e-05   173.412
0.3264   941   100.657   -2.48375e-05
0.6276   0.000466517   1.87164e-05   240.52
0.2835   942   124.481   -2.03377e-05
0.6771   0.000466517   1.6702e-05   352.398
0.2406   943   159.385   -1.6934e-05
0.7266   0.000466518   1.50247e-05   551.879
0.1978   944   214.049   -1.42782e-05
0.7761   0.000466518   1.36104e-05   954.573
0.1551   945   308.599   -1.21936e-05
0.8257   0.000466518   1.24027e-05   1933.22
0.1125   946   500.083   -1.04715e-05
0.8752   0.000466518   1.13655e-05   5270.76
0.0699   947   1022.15   -9.08898e-06
0.9247   0.000466519   1.04652e-05   31544.1
0.0275   948   4146.57   -7.94957e-06
0.9742   0.000466519   9.67781e-06   -41668.2
0.9851   949   19.3609   0.02549
0.0238   0.000466519   0.00253445   13.488
0.9429   950   20.6969   -0.0208536
0.0733   0.000466519   0.000468914   15.0914
0.9007   951   22.1917   -0.0025509
0.1228   0.00046652   0.000216248   16.9321
0.8586   952   23.8688   -0.000869614
0.1723   0.00046652   0.000130114   19.1012
0.8166   953   25.7608   -0.000414823
0.2219   0.00046652   8.90255e-05   21.6779
0.7747   954   27.908   -0.000234316
0.2714   0.00046652   6.58166e-05   24.8287
0.7328   955   30.3672   -0.000147656
0.3209   0.000466521   5.11914e-05   28.5135
0.6911   956   33.1915   -0.00010006
0.3704   0.000466521   4.12805e-05   33.1743
0.6494   957   36.4774   -7.16026e-05
0.42   0.000466521   3.41883e-05   38.8737
0.6078   958   40.3278   -5.31214e-05
0.4695   0.000466521   2.89266e-05   45.9181
0.5664   959   44.876   -4.07674e-05
0.519   0.000466522   2.48886e-05   55.3089
0.5249   960   50.3543   -3.20931e-05
0.5685   0.000466522   2.17098e-05   67.0938
0.4836   961   56.9999   -2.58461e-05
0.6181   0.000466522   1.91498e-05   82.9166
0.4424   962   65.2127   -2.1099e-05
0.6676   0.000466522   1.70599e-05   104.769
0.4012   963   75.5901   -1.7522e-05
0.7171   0.000466523   1.53244e-05   134.872
0.3602   964   88.9491   -1.47405e-05
0.7666   0.000466523   1.38644e-05   179.581
0.3192   965   106.737   -1.25634e-05
0.8162   0.000466523   1.262e-05   247.451
0.2783   966   131.246   -1.07701e-05
0.8657   0.000466523   1.15532e-05   358.519
0.2374   967   166.758   -9.33366e-06
0.9152   0.000466524   1.06287e-05   551.006
0.1967   968   221.334   -8.15221e-06
0.9647   0.000466524   9.82122e-06   929.494
0.1561   969   313.4   0.054842
0.0143   0.000466524   0.00544189   1812.45
0.1155   970   492.923   -0.0491111
0.0638   0.000466524   0.000577462   4543.87
0.075   971   942.991   -0.0033665
0.1133   0.000466525   0.000244011   20894
0.0346   972   3012.54   -0.00103325
0.1628   0.000466525   0.000141669   -30216.8
0.9942   973   19.5786   -0.000470502
0.2124   0.000466525   9.50656e-05   12.8408
0.954   974   20.8505   -0.000258808
0.2619   0.000466525   6.94307e-05   14.2731
0.9138   975   22.2642   -0.000160309
0.3114   0.000466525   5.35522e-05   15.8978
0.8737   976   23.8389   -0.000107326
0.3609   0.000466526   4.29216e-05   17.7918
0.8337   977   25.6012   -7.61161e-05
0.4105   0.000466526   3.53823e-05   20.0153
0.7938   978   27.5837   -5.60795e-05
0.46   0.000466526   2.98277e-05   22.6458
0.754   979   29.8267   -4.28015e-05
0.5095   0.000466526   2.55882e-05   25.8526
0.7142   980   32.3874   -3.35423e-05
0.559   0.000466527   2.22658e-05   29.6527
0.6745   981   35.3245   -2.69129e-05
0.6086   0.000466527   1.96001e-05   34.2791
0.6349   982   38.7198   -2.19008e-05
0.6581   0.000466527   1.74309e-05   39.9776
0.5954   983   42.6796   -1.81393e-05
0.7076   0.000466527   1.56342e-05   47.2184
0.5559   984   47.3566   -1.52237e-05
0.7571   0.000466528   1.41263e-05   56.125
0.5166   985   52.9157   -1.2949e-05
0.8067   0.000466528   1.28437e-05   67.9327
0.4773   986   59.6444   -1.10808e-05
0.8562   0.000466528   1.17461e-05   83.5316
0.438   987   67.9182   -9.58791e-06
0.9057   0.000466528   1.07965e-05   104.049
0.3989   988   78.2242   -8.36193e-06
0.9552   0.000466529   9.96821e-06   132.72
0.3599   989   91.37   0.282416
0.0048   0.000466529   0.0279832   174.284
0.3209   990   108.633   -0.275092
0.0543   0.000466529   0.00073546   235.934
0.282   991   132.002   -0.00461579
0.1038   0.000466529   0.000278268   334.032
0.2431   992   165.088   -0.00124409
0.1533   0.000466529   0.000155041   497.275
0.2044   993   214.342   -0.000537305
0.2029   0.00046653   0.000101821   803.779
0.1657   994   293.956   -0.000287056
0.2524   0.00046653   7.33881e-05   1454.37
0.1271   995   438.011   -0.000174537
0.3019   0.00046653   5.61003e-05   3183.51
0.0886   996   753.336   -0.000115357
0.3514   0.00046653   4.46742e-05   10299
0.0501   997   1773.45   -8.10378e-05
0.401   0.000466531   3.66475e-05   138891
0.0118   998   15530.6   -5.92737e-05
0.4505   0.000466531   3.07764e-05   -156587
0.9735   999   20.7463   -4.498e-05
0.5   0.000466531   2.63212e-05   13.1847
0.9353   1000   22.0523   -3.5086e-05
0.5495   0.000466531   2.28459e-05   14.6078
0.8971   1001   23.4992   -2.79917e-05
0.599   0.000466531   2.00734e-05   16.2109
0.859   1002   25.1049   997.619
