0.10049 inf
0.10147 inf
0.10245 inf
0.103431 inf
0.104411 inf
0.105391 inf
0.106371 inf
0.107352 inf
0.108332 inf
0.109312 inf
0.110292 inf
0.111272 inf
0.112253 inf
0.113233 inf
0.114213 inf
0.115193 inf
0.116173 inf
0.117153 inf
0.118134 inf
0.119114 inf
0.120094 inf
0.121074 inf
0.122054 inf
0.123035 inf
0.124015 inf
0.124995 inf
0.125975 inf
0.126955 inf
0.127936 inf
0.128916 inf
0.129896 inf
0.130876 inf
0.131856 inf
0.132837 inf
0.133817 inf
0.134797 inf
0.135777 inf
0.136757 inf
0.137738 inf
0.138718 inf
0.139698 inf
0.140678 inf
0.141658 inf
0.142639 inf
0.143619 inf
0.144599 inf
0.145579 inf
0.146559 inf
0.147539 inf
0.14852 inf
0.1495 inf
0.15048 inf
0.15146 inf
0.152441 inf
0.153421 inf
0.154401 inf
0.155381 inf
0.156361 inf
0.157341 inf
0.158322 inf
0.159302 inf
0.160282 inf
0.161262 inf
0.162242 inf
0.163223 inf
0.164203 inf
0.165183 inf
0.166163 inf
0.167143 inf
0.168124 inf
0.169104 inf
0.170084 inf
0.171064 inf
0.172044 inf
0.173025 inf
0.174005 inf
0.174985 inf
0.175965 inf
0.176945 inf
0.177926 inf
0.178906 inf
0.179886 inf
0.180866 inf
0.181846 inf
0.182827 inf
0.183807 inf
0.184787 inf
0.185767 inf
0.186747 inf
0.187727 inf
0.188708 inf
0.189688 inf
0.190668 inf
0.191648 inf
0.192629 inf
0.193609 inf
0.194589 inf
0.195569 inf
0.196549 inf
0.197529 inf
0.19851 inf
0.19949 inf
0.20047 inf
0.20145 inf
0.202431 inf
0.203411 inf
0.204391 inf
0.205371 inf
0.206351 inf
0.207332 inf
0.208312 inf
0.209292 inf
0.210272 inf
0.211252 inf
0.212232 inf
0.213213 inf
0.214193 inf
0.215173 inf
0.216153 inf
0.217133 inf
0.218114 inf
0.219094 inf
0.220074 inf
0.221054 inf
0.222034 inf
0.223015 inf
0.223995 inf
0.224975 inf
0.225955 inf
0.226935 inf
0.227916 inf
0.228896 inf
0.229876 inf
0.230856 inf
0.231836 inf
0.232817 inf
0.233797 inf
0.234777 inf
0.235757 inf
0.236737 inf
0.237717 inf
0.238698 inf
0.239678 inf
0.240658 inf
0.241638 inf
0.242618 inf
0.243599 inf
0.244579 inf
0.245559 inf
0.246539 inf
0.24752 inf
0.2485 inf
0.24948 inf
0.25046 inf
0.25144 inf
0.25242 inf
0.253401 inf
0.254381 inf
0.255361 inf
0.256341 inf
0.257321 inf
0.258302 inf
0.259282 inf
0.260262 inf
0.261242 inf
0.262222 inf
0.263203 inf
0.264183 inf
0.265163 inf
0.266143 inf
0.267123 inf
0.268104 inf
0.269084 inf
0.270064 inf
0.271044 inf
0.272024 inf
0.273005 inf
0.273985 inf
0.274965 inf
0.275945 inf
0.276925 inf
0.277906 inf
0.278886 inf
0.279866 inf
0.280846 inf
0.281826 inf
0.282807 inf
0.283787 inf
0.284767 inf
0.285747 inf
0.286727 inf
0.287708 inf
0.288688 inf
0.289668 inf
0.290648 inf
0.291628 inf
0.292608 inf
0.293589 inf
0.294569 inf
0.295549 inf
0.296529 inf
0.297509 inf
0.29849 inf
0.29947 inf
0.30045 inf
0.30143 inf
0.302411 inf
0.303391 inf
0.304371 inf
0.305351 inf
0.306331 inf
0.307312 inf
0.308292 inf
0.309272 inf
0.310252 inf
0.311232 inf
0.312212 inf
0.313193 inf
0.314173 inf
0.315153 inf
0.316133 inf
0.317113 inf
0.318094 inf
0.319074 inf
0.320054 inf
0.321034 inf
0.322014 inf
0.322995 inf
0.323975 inf
0.324955 inf
0.325935 inf
0.326915 inf
0.327896 inf
0.328876 inf
0.329856 inf
0.330836 inf
0.331816 inf
0.332797 inf
0.333777 inf
0.334757 inf
0.335737 inf
0.336717 inf
0.337697 inf
0.338678 inf
0.339658 inf
0.340638 inf
0.341618 inf
0.342598 inf
0.343579 inf
0.344559 inf
0.345539 inf
0.346519 inf
0.3475 inf
0.34848 inf
0.34946 inf
0.35044 inf
0.35142 inf
0.352401 inf
0.353381 inf
0.354361 inf
0.355341 inf
0.356321 inf
0.357301 inf
0.358282 inf
0.359262 inf
0.360242 inf
0.361222 inf
0.362202 inf
0.363183 inf
0.364163 inf
0.365143 inf
0.366123 inf
0.367103 inf
0.368084 inf
0.369064 inf
0.370044 inf
0.371024 inf
0.372004 inf
0.372985 inf
0.373965 inf
0.374945 inf
0.375925 inf
0.376905 inf
0.377886 inf
0.378866 inf
0.379846 inf
0.380826 inf
0.381806 inf
0.382787 inf
0.383767 inf
0.384747 inf
0.385727 inf
0.386707 inf
0.387688 inf
0.388668 inf
0.389648 inf
0.390628 inf
0.391608 inf
0.392589 inf
0.393569 inf
0.394549 inf
0.395529 inf
0.396509 inf
0.397489 inf
0.39847 inf
0.39945 inf
0.40043 inf
0.40141 inf
0.40239 inf
0.403371 inf
0.404351 inf
0.405331 inf
0.406311 inf
0.407291 inf
0.408272 inf
0.409252 inf
0.410232 inf
0.411212 inf
0.412192 inf
0.413173 inf
0.414153 inf
0.415133 inf
0.416113 inf
0.417093 inf
0.418074 inf
0.419054 inf
0.420034 inf
0.421014 inf
0.421994 inf
0.422975 inf
0.423955 inf
0.424935 inf
0.425915 inf
0.426895 inf
0.427876 inf
0.428856 inf
0.429836 inf
0.430816 inf
0.431796 inf
0.432777 inf
0.433757 inf
0.434737 inf
0.435717 inf
0.436697 inf
0.437677 inf
0.438658 inf
0.439638 inf
0.440618 inf
0.441598 inf
0.442578 inf
0.443559 inf
0.444539 inf
0.445519 inf
0.446499 inf
0.447479 inf
0.44846 inf
0.44944 inf
0.45042 inf
0.4514 inf
0.452381 inf
0.453361 inf
0.454341 inf
0.455321 inf
0.456301 inf
0.457282 inf
0.458262 inf
0.459242 inf
0.460222 inf
0.461202 inf
0.462182 inf
0.463163 inf
0.464143 inf
0.465123 inf
0.466103 inf
0.467083 inf
0.468064 inf
0.469044 inf
0.470024 inf
0.471004 inf
0.471984 inf
0.472965 inf
0.473945 inf
0.474925 inf
0.475905 inf
0.476885 inf
0.477866 inf
0.478846 inf
0.479826 inf
0.480806 inf
0.481786 inf
0.482767 inf
0.483747 inf
0.484727 inf
0.485707 inf
0.486687 inf
0.487667 inf
0.488648 inf
0.489628 inf
0.490608 inf
0.491588 inf
0.492569 inf
0.493549 inf
0.494529 inf
0.495509 inf
0.496489 inf
0.49747 inf
0.49845 inf
0.49943 inf
0.50041 inf
0.50139 inf
0.502371 inf
0.503351 inf
0.504331 inf
0.505311 inf
0.506291 inf
0.507271 inf
0.508252 inf
0.509232 inf
0.510212 inf
0.511192 inf
0.512172 inf
0.513153 inf
0.514133 inf
0.515113 inf
0.516093 inf
0.517073 inf
0.518054 inf
0.519034 inf
0.520014 inf
0.520994 inf
0.521974 inf
0.522955 inf
0.523935 inf
0.524915 inf
0.525895 inf
0.526875 inf
0.527856 inf
0.528836 inf
0.529816 inf
0.530796 inf
0.531776 inf
0.532757 inf
0.533737 inf
0.534717 inf
0.535697 inf
0.536677 inf
0.537658 inf
0.538638 inf
0.539618 inf
0.540598 inf
0.541578 inf
0.542559 inf
0.543539 inf
0.544519 inf
0.545499 inf
0.546479 inf
0.547459 inf
0.54844 inf
0.54942 inf
0.5504 inf
0.55138 inf
0.552361 inf
0.553341 inf
0.554321 inf
0.555301 inf
0.556281 inf
0.557261 inf
0.558242 inf
0.559222 inf
0.560202 inf
0.561182 inf
0.562162 inf
0.563143 inf
0.564123 inf
0.565103 inf
0.566083 inf
0.567063 inf
0.568044 inf
0.569024 inf
0.570004 inf
0.570984 inf
0.571964 inf
0.572945 inf
0.573925 inf
0.574905 inf
0.575885 inf
0.576865 inf
0.577846 inf
0.578826 inf
0.579806 inf
0.580786 inf
0.581766 inf
0.582746 inf
0.583727 inf
0.584707 inf
0.585687 inf
0.586667 inf
0.587647 inf
0.588628 inf
0.589608 inf
0.590588 inf
0.591568 inf
0.592549 inf
0.593529 inf
0.594509 inf
0.595489 inf
0.596469 inf
0.597449 inf
0.59843 inf
0.59941 inf
0.60039 inf
0.60137 inf
0.602351 inf
0.603331 inf
0.604311 inf
0.605291 inf
0.606271 inf
0.607252 inf
0.608232 inf
0.609212 inf
0.610192 inf
0.611172 inf
0.612152 inf
0.613133 inf
0.614113 inf
0.615093 inf
0.616073 inf
0.617053 inf
0.618034 inf
0.619014 inf
0.619994 inf
0.620974 inf
0.621954 inf
0.622935 inf
0.623915 inf
0.624895 inf
0.625875 inf
0.626855 inf
0.627836 inf
0.628816 inf
0.629796 inf
0.630776 inf
0.631756 inf
0.632737 inf
0.633717 inf
0.634697 inf
0.635677 inf
0.636657 inf
0.637637 inf
0.638618 inf
0.639598 inf
0.640578 inf
0.641558 inf
0.642539 inf
0.643519 inf
0.644499 inf
0.645479 inf
0.646459 inf
0.647439 inf
0.64842 inf
0.6494 inf
0.65038 inf
0.65136 inf
0.65234 inf
0.653321 inf
0.654301 inf
0.655281 inf
0.656261 inf
0.657241 inf
0.658222 inf
0.659202 inf
0.660182 inf
0.661162 inf
0.662142 inf
0.663123 inf
0.664103 inf
0.665083 inf
0.666063 inf
0.667043 inf
0.668024 inf
0.669004 inf
0.669984 inf
0.670964 inf
0.671944 inf
0.672925 inf
0.673905 inf
0.674885 inf
0.675865 inf
0.676845 inf
0.677826 inf
0.678806 inf
0.679786 inf
0.680766 inf
0.681746 inf
0.682727 inf
0.683707 inf
0.684687 inf
0.685667 inf
0.686647 inf
0.687627 inf
0.688608 inf
0.689588 inf
0.690568 inf
0.691548 inf
0.692528 inf
0.693509 inf
0.694489 inf
0.695469 inf
0.696449 inf
0.69743 inf
0.69841 inf
0.69939 inf
0.70037 inf
0.70135 inf
0.70233 inf
0.703311 inf
0.704291 inf
0.705271 inf
0.706251 inf
0.707231 inf
0.708212 inf
0.709192 inf
0.710172 inf
0.711152 inf
0.712132 inf
0.713113 inf
0.714093 inf
0.715073 inf
0.716053 inf
0.717033 inf
0.718014 inf
0.718994 inf
0.719974 inf
0.720954 inf
0.721934 inf
0.722915 inf
0.723895 inf
0.724875 inf
0.725855 inf
0.726835 inf
0.727816 inf
0.728796 inf
0.729776 inf
0.730756 inf
0.731736 inf
0.732716 inf
0.733697 inf
0.734677 inf
0.735657 inf
0.736637 inf
0.737618 inf
0.738598 inf
0.739578 inf
0.740558 inf
0.741538 inf
0.742518 inf
0.743499 inf
0.744479 inf
0.745459 inf
0.746439 inf
0.74742 inf
0.7484 inf
0.74938 inf
0.75036 inf
0.75134 inf
0.75232 inf
0.753301 inf
0.754281 inf
0.755261 inf
0.756241 inf
0.757221 inf
0.758202 inf
0.759182 inf
0.760162 inf
0.761142 inf
0.762122 inf
0.763103 inf
0.764083 inf
0.765063 inf
0.766043 inf
0.767023 inf
0.768004 inf
0.768984 inf
0.769964 inf
0.770944 inf
0.771924 inf
0.772905 inf
0.773885 inf
0.774865 inf
0.775845 inf
0.776825 inf
0.777806 inf
0.778786 inf
0.779766 inf
0.780746 inf
0.781726 inf
0.782706 inf
0.783687 inf
0.784667 inf
0.785647 inf
0.786627 inf
0.787608 inf
0.788588 inf
0.789568 inf
0.790548 inf
0.791528 inf
0.792508 inf
0.793489 inf
0.794469 inf
0.795449 inf
0.796429 inf
0.797409 inf
0.79839 inf
0.79937 inf
0.80035 inf
0.80133 inf
0.802311 inf
0.803291 inf
0.804271 inf
0.805251 inf
0.806231 inf
0.807211 inf
0.808192 inf
0.809172 inf
0.810152 inf
0.811132 inf
0.812112 inf
0.813093 inf
0.814073 inf
0.815053 inf
0.816033 inf
0.817013 inf
0.817994 inf
0.818974 inf
0.819954 inf
0.820934 inf
0.821914 inf
0.822895 inf
0.823875 inf
0.824855 inf
0.825835 inf
0.826815 inf
0.827796 inf
0.828776 inf
0.829756 inf
0.830736 inf
0.831716 inf
0.832696 inf
0.833677 inf
0.834657 inf
0.835637 inf
0.836617 inf
0.837597 inf
0.838578 inf
0.839558 inf
0.840538 inf
0.841518 inf
0.842499 inf
0.843479 inf
0.844459 inf
0.845439 inf
0.846419 inf
0.847399 inf
0.84838 inf
0.84936 inf
0.85034 inf
0.85132 inf
0.852301 inf
0.853281 inf
0.854261 inf
0.855241 inf
0.856221 inf
0.857201 inf
0.858182 inf
0.859162 inf
0.860142 inf
0.861122 inf
0.862102 inf
0.863083 inf
0.864063 inf
0.865043 inf
0.866023 inf
0.867003 inf
0.867984 inf
0.868964 inf
0.869944 inf
0.870924 inf
0.871904 inf
0.872885 inf
0.873865 inf
0.874845 inf
0.875825 inf
0.876805 inf
0.877786 inf
0.878766 inf
0.879746 inf
0.880726 inf
0.881706 inf
0.882687 inf
0.883667 inf
0.884647 inf
0.885627 inf
0.886607 inf
0.887587 inf
0.888568 inf
0.889548 inf
0.890528 inf
0.891508 inf
0.892489 inf
0.893469 inf
0.894449 inf
0.895429 inf
0.896409 inf
0.897389 inf
0.89837 inf
0.89935 inf
0.90033 inf
0.90131 inf
0.90229 inf
0.903271 inf
0.904251 inf
0.905231 inf
0.906211 inf
0.907191 inf
0.908172 inf
0.909152 inf
0.910132 inf
0.911112 inf
0.912092 inf
0.913073 inf
0.914053 inf
0.915033 inf
0.916013 inf
0.916993 inf
0.917974 inf
0.918954 inf
0.919934 inf
0.920914 inf
0.921894 inf
0.922875 inf
0.923855 inf
0.924835 inf
0.925815 inf
0.926795 inf
0.927776 inf
0.928756 inf
0.929736 inf
0.930716 inf
0.931696 inf
0.932677 inf
0.933657 inf
0.934637 inf
0.935617 inf
0.936597 inf
0.937577 inf
0.938558 inf
0.939538 inf
0.940518 inf
0.941498 inf
0.942478 inf
0.943459 inf
0.944439 inf
0.945419 inf
0.946399 inf
0.94738 inf
0.94836 inf
0.94934 inf
0.95032 inf
0.9513 inf
0.95228 inf
0.953261 inf
0.954241 inf
0.955221 inf
0.956201 inf
0.957181 inf
0.958162 inf
0.959142 inf
0.960122 inf
0.961102 inf
0.962082 inf
0.963063 inf
0.964043 inf
0.965023 inf
0.966003 inf
0.966983 inf
0.967964 inf
0.968944 inf
0.969924 inf
0.970904 inf
0.971884 inf
0.972865 inf
0.973845 inf
0.974825 inf
0.975805 inf
0.976785 inf
0.977766 inf
0.978746 inf
0.979726 inf
0.980706 inf
0.981686 inf
0.982666 inf
0.983647 inf
0.984627 inf
0.985607 inf
0.986587 inf
0.987568 inf
0.988548 inf
0.989528 inf
0.990508 inf
0.991488 inf
0.992468 inf
0.993449 inf
0.994429 inf
0.995409 inf
0.996389 inf
0.99737 inf
0.99835 inf
0.99933 inf
1.00031 inf
1.00129 inf
1.00227 inf
1.00325 inf
1.00423 inf
1.00521 inf
1.00619 inf
1.00717 inf
1.00815 inf
1.00913 inf
1.01011 inf
1.01109 inf
1.01207 inf
1.01305 inf
1.01403 inf
1.01501 inf
1.01599 inf
1.01697 inf
1.01795 inf
1.01893 inf
1.01991 inf
1.02089 inf
1.02187 inf
1.02286 inf
1.02384 inf
1.02482 inf
1.0258 inf
1.02677 inf
1.02776 inf
1.02874 inf
1.02972 inf
1.0307 inf
1.03168 inf
1.03266 inf
1.03364 inf
1.03462 inf
1.0356 inf
1.03658 inf
1.03756 inf
1.03854 inf
1.03952 inf
1.0405 inf
1.04148 inf
1.04246 inf
1.04344 inf
1.04442 inf
1.0454 inf
1.04638 inf
1.04736 inf
1.04834 inf
1.04932 inf
1.0503 inf
1.05128 inf
1.05226 inf
1.05324 inf
1.05422 inf
1.0552 inf
1.05618 inf
1.05716 inf
1.05814 inf
1.05912 inf
1.0601 inf
1.06108 inf
1.06206 inf
1.06304 inf
1.06402 inf
1.065 inf
1.06598 inf
1.06696 inf
1.06794 inf
1.06892 inf
1.0699 inf
1.07088 inf
1.07186 inf
1.07285 inf
1.07383 inf
1.07481 inf
1.07578 inf
1.07676 inf
1.07775 inf
1.07873 inf
1.07971 inf
1.08069 inf
1.08167 inf
1.08265 inf
1.08363 inf
1.08461 inf
1.08559 inf
1.08657 inf
1.08755 inf
1.08853 inf
1.08951 inf
1.09049 inf
1.09147 inf
1.09245 inf
1.09343 inf
1.09441 inf
1.09539 inf
1.09637 inf
1.09735 inf
1.09833 inf
1.09931 inf
1.10029 inf
1.10127 inf
1.10225 inf
1.10323 inf
1.10421 inf
1.10519 inf
1.10617 inf
1.10715 inf
1.10813 inf
1.10911 inf
1.11009 inf
1.11107 inf
1.11205 inf
1.11303 inf
1.11401 inf
1.11499 inf
1.11597 inf
1.11695 inf
1.11793 inf
1.11891 inf
1.11989 inf
1.12087 inf
1.12185 inf
1.12284 inf
1.12382 inf
1.12479 inf
1.12577 inf
1.12675 inf
1.12774 inf
1.12872 inf
1.1297 inf
1.13068 inf
1.13166 inf
1.13264 inf
1.13362 inf
1.1346 inf
1.13558 inf
1.13656 inf
1.13754 inf
1.13852 inf
1.1395 inf
1.14048 inf
1.14146 inf
1.14244 inf
1.14342 inf
1.1444 inf
1.14538 inf
1.14636 inf
1.14734 inf
1.14832 inf
1.1493 inf
1.15028 inf
1.15126 inf
1.15224 inf
1.15322 inf
1.1542 inf
1.15518 inf
1.15616 inf
1.15714 inf
1.15812 inf
1.1591 inf
1.16008 inf
1.16106 inf
1.16204 inf
1.16302 inf
1.164 inf
1.16498 inf
1.16596 inf
1.16694 inf
1.16792 inf
1.1689 inf
1.16988 inf
1.17086 inf
1.17184 inf
1.17283 inf
1.1738 inf
1.17478 inf
1.17576 inf
1.17674 inf
1.17773 inf
1.17871 inf
1.17969 inf
1.18067 inf
1.18165 inf
1.18263 inf
1.18361 inf
1.18459 inf
1.18557 inf
1.18655 inf
1.18753 inf
1.18851 inf
1.18949 inf
1.19047 inf
1.19145 inf
1.19243 inf
1.19341 inf
1.19439 inf
1.19537 inf
1.19635 inf
1.19733 inf
1.19831 inf
1.19929 inf
1.20027 inf
1.20125 inf
1.20223 inf
1.20321 inf
1.20419 inf
1.20517 inf
1.20615 inf
1.20713 inf
1.20811 inf
1.20909 inf
1.21007 inf
1.21105 inf
1.21203 inf
1.21301 inf
1.21399 inf
1.21497 inf
1.21595 inf
1.21693 inf
1.21791 inf
1.21889 inf
1.21987 inf
1.22085 inf
1.22183 inf
1.22281 inf
1.22379 inf
1.22477 inf
1.22575 inf
1.22673 inf
1.22772 inf
1.2287 inf
1.22968 inf
1.23066 inf
1.23164 inf
1.23262 inf
1.2336 inf
1.23458 inf
1.23556 inf
1.23654 inf
1.23752 inf
1.2385 inf
1.23948 inf
1.24046 inf
1.24144 inf
1.24242 inf
1.2434 inf
1.24438 inf
1.24536 inf
1.24634 inf
1.24732 inf
1.2483 inf
1.24928 inf
1.25026 inf
1.25124 inf
1.25222 inf
1.2532 inf
1.25418 inf
1.25516 inf
1.25614 inf
1.25712 inf
1.2581 inf
1.25908 inf
1.26006 inf
1.26104 inf
1.26202 inf
1.263 inf
1.26398 inf
1.26496 inf
1.26594 inf
1.26692 inf
1.2679 inf
1.26888 inf
1.26986 inf
1.27084 inf
1.27182 inf
1.2728 inf
1.27378 inf
1.27476 inf
1.27574 inf
1.27673 inf
1.27771 inf
1.27869 inf
1.27967 inf
1.28065 inf
1.28163 inf
1.28261 inf
1.28359 inf
1.28457 inf
1.28555 inf
1.28653 inf
1.28751 inf
1.28849 inf
1.28947 inf
1.29045 inf
1.29143 inf
1.29241 inf
1.29339 inf
1.29437 inf
1.29535 inf
1.29633 inf
1.29731 inf
1.29829 inf
1.29927 inf
1.30025 inf
1.30123 inf
1.30221 inf
1.30319 inf
1.30417 inf
1.30515 inf
1.30613 inf
1.30711 inf
1.30809 inf
1.30907 inf
1.31005 inf
1.31103 inf
1.31201 inf
1.31299 inf
1.31397 inf
1.31495 inf
1.31593 inf
1.31691 inf
1.31789 inf
1.31887 inf
1.31985 inf
1.32083 inf
1.32181 inf
1.32279 inf
1.32377 inf
1.32475 inf
1.32574 inf
1.32672 inf
1.3277 inf
1.32868 inf
1.32966 inf
1.33064 inf
1.33162 inf
1.3326 inf
1.33358 inf
1.33456 inf
1.33554 inf
1.33652 inf
1.3375 inf
1.33848 inf
1.33946 inf
1.34044 inf
1.34142 inf
1.3424 inf
1.34338 inf
1.34436 inf
1.34534 inf
1.34632 inf
1.3473 inf
1.34828 inf
1.34926 inf
1.35024 inf
1.35122 inf
1.3522 inf
1.35318 inf
1.35416 inf
1.35514 inf
1.35612 inf
1.3571 inf
1.35808 inf
1.35906 inf
1.36004 inf
1.36102 inf
1.362 inf
1.36298 inf
1.36396 inf
1.36494 inf
1.36592 inf
1.3669 inf
1.36788 inf
1.36886 inf
1.36984 inf
1.37082 inf
1.3718 inf
1.37278 inf
1.37376 inf
1.37475 inf
1.37573 inf
1.37671 inf
1.37769 inf
1.37867 inf
1.37965 inf
1.38063 inf
1.38161 inf
1.38259 inf
1.38357 inf
1.38455 inf
1.38553 inf
1.38651 inf
1.38749 inf
1.38847 inf
1.38945 inf
1.39043 inf
1.39141 inf
1.39239 inf
1.39337 inf
1.39435 inf
1.39533 inf
1.39631 inf
1.39729 inf
1.39827 inf
1.39925 inf
1.40023 inf
1.40121 inf
1.40219 inf
1.40317 inf
1.40415 inf
1.40513 inf
1.40611 inf
1.40709 inf
1.40807 inf
1.40905 inf
1.41003 inf
1.41101 inf
1.41199 inf
1.41297 inf
1.41395 inf
1.41493 inf
1.41591 inf
1.41689 inf
1.41787 inf
1.41885 inf
1.41983 inf
1.42081 inf
1.42179 inf
1.42277 inf
1.42376 inf
1.42474 inf
1.42572 inf
1.4267 inf
1.42768 inf
1.42866 inf
1.42964 inf
1.43062 inf
1.4316 inf
1.43258 inf
1.43356 inf
1.43454 inf
1.43552 inf
1.4365 inf
1.43748 inf
1.43846 inf
1.43944 inf
1.44042 inf
1.4414 inf
1.44238 inf
1.44336 inf
1.44434 inf
1.44532 inf
1.4463 inf
1.44728 inf
1.44826 inf
1.44924 inf
1.45022 inf
1.4512 inf
1.45218 inf
1.45316 inf
1.45414 inf
1.45512 inf
1.4561 inf
1.45708 inf
1.45806 inf
1.45904 inf
1.46002 inf
1.461 inf
1.46198 inf
1.46296 inf
1.46394 inf
1.46492 inf
1.4659 inf
1.46688 inf
1.46786 inf
1.46884 inf
1.46982 inf
1.4708 inf
1.47178 inf
1.47277 inf
1.47375 inf
1.47473 inf
1.47571 inf
1.47669 inf
1.47767 inf
1.47865 inf
1.47963 inf
1.48061 inf
1.48159 inf
1.48257 inf
1.48355 inf
1.48453 inf
1.48551 inf
1.48649 inf
1.48747 inf
1.48845 inf
1.48943 inf
1.49041 inf
1.49139 inf
1.49237 inf
1.49335 inf
1.49433 inf
1.49531 inf
1.49629 inf
1.49727 inf
1.49825 inf
1.49923 inf
1.50021 inf
1.50119 inf
1.50217 inf
1.50315 inf
1.50413 inf
1.50511 inf
1.50609 inf
1.50707 inf
1.50805 inf
1.50903 inf
1.51001 inf
1.51099 inf
1.51197 inf
1.51295 inf
1.51393 inf
1.51491 inf
1.51589 inf
1.51687 inf
1.51785 inf
1.51883 inf
1.51981 inf
1.52079 inf
1.52177 inf
1.52276 inf
1.52374 inf
1.52472 inf
1.5257 inf
1.52668 inf
1.52766 inf
1.52864 inf
1.52962 inf
1.5306 inf
1.53158 inf
1.53256 inf
1.53354 inf
1.53452 inf
1.5355 inf
1.53648 inf
1.53746 inf
1.53844 inf
1.53942 inf
1.5404 inf
1.54138 inf
1.54236 inf
1.54334 inf
1.54432 inf
1.5453 inf
1.54628 inf
1.54726 inf
1.54824 inf
1.54922 inf
1.5502 inf
1.55118 inf
1.55216 inf
1.55314 inf
1.55412 inf
1.5551 inf
1.55608 inf
1.55706 inf
1.55804 inf
1.55902 inf
1.56 inf
1.56098 inf
1.56196 inf
1.56294 inf
1.56392 inf
1.5649 inf
1.56588 inf
1.56686 inf
1.56784 inf
1.56882 inf
1.5698 inf
1.57078 inf
1.57176 inf
1.57275 inf
1.57373 inf
1.57471 inf
1.57569 inf
1.57666 inf
1.57765 inf
1.57863 inf
1.57961 inf
1.58059 inf
1.58157 inf
1.58255 inf
1.58353 inf
1.58451 inf
1.58549 inf
1.58647 inf
1.58745 inf
1.58843 inf
1.58941 inf
1.59039 inf
1.59137 inf
1.59235 inf
1.59333 inf
1.59431 inf
1.59529 inf
1.59627 inf
1.59725 inf
1.59823 inf
1.59921 inf
1.60019 inf
1.60117 inf
1.60215 inf
1.60313 inf
1.60411 inf
1.60509 inf
1.60607 inf
1.60705 inf
1.60803 inf
1.60901 inf
1.60999 inf
1.61097 inf
1.61195 inf
1.61293 inf
1.61391 inf
1.61489 inf
1.61587 inf
1.61685 inf
1.61783 inf
1.61881 inf
1.61979 inf
1.62077 inf
1.62175 inf
1.62274 inf
1.62372 inf
1.6247 inf
1.62567 inf
1.62665 inf
1.62764 inf
1.62862 inf
1.6296 inf
1.63058 inf
1.63156 inf
1.63254 inf
1.63352 inf
1.6345 inf
1.63548 inf
1.63646 inf
1.63744 inf
1.63842 inf
1.6394 inf
1.64038 inf
1.64136 inf
1.64234 inf
1.64332 inf
1.6443 inf
1.64528 inf
1.64626 inf
1.64724 inf
1.64822 inf
1.6492 inf
1.65018 inf
1.65116 inf
1.65214 inf
1.65312 inf
1.6541 inf
1.65508 inf
1.65606 inf
1.65704 inf
1.65802 inf
1.659 inf
1.65998 inf
1.66096 inf
1.66194 inf
1.66292 inf
1.6639 inf
1.66488 inf
1.66586 inf
1.66684 inf
1.66782 inf
1.6688 inf
1.66978 inf
1.67076 inf
1.67174 inf
1.67273 inf
1.6737 inf
1.67468 inf
1.67566 inf
1.67664 inf
1.67763 inf
1.67861 inf
1.67959 inf
1.68057 inf
1.68155 inf
1.68253 inf
1.68351 inf
1.68449 inf
1.68547 inf
1.68645 inf
1.68743 inf
1.68841 inf
1.68939 inf
1.69037 inf
1.69135 inf
1.69233 inf
1.69331 inf
1.69429 inf
1.69527 inf
1.69625 inf
1.69723 inf
1.69821 inf
1.69919 inf
1.70017 inf
1.70115 inf
1.70213 inf
1.70311 inf
1.70409 inf
1.70507 inf
1.70605 inf
1.70703 inf
1.70801 inf
1.70899 inf
1.70997 inf
1.71095 inf
1.71193 inf
1.71291 inf
1.71389 inf
1.71487 inf
1.71585 inf
1.71683 inf
1.71781 inf
1.71879 inf
1.71977 inf
1.72075 inf
1.72173 inf
1.72271 inf
1.72369 inf
1.72467 inf
1.72565 inf
1.72663 inf
1.72762 inf
1.7286 inf
1.72958 inf
1.73056 inf
1.73154 inf
1.73252 inf
1.7335 inf
1.73448 inf
1.73546 inf
1.73644 inf
1.73742 inf
1.7384 inf
1.73938 inf
1.74036 inf
1.74134 inf
1.74232 inf
1.7433 inf
1.74428 inf
1.74526 inf
1.74624 inf
1.74722 inf
1.7482 inf
1.74918 inf
1.75016 inf
1.75114 inf
1.75212 inf
1.7531 inf
1.75408 inf
1.75506 inf
1.75604 inf
1.75702 inf
1.758 inf
1.75898 inf
1.75996 inf
1.76094 inf
1.76192 inf
1.7629 inf
1.76388 inf
1.76486 inf
1.76584 inf
1.76682 inf
1.7678 inf
1.76878 inf
1.76976 inf
1.77074 inf
1.77172 inf
1.7727 inf
1.77368 inf
1.77466 inf
1.77564 inf
1.77662 inf
1.77761 inf
1.77859 inf
1.77957 inf
1.78055 inf
1.78153 inf
1.78251 inf
1.78349 inf
1.78447 inf
1.78545 inf
1.78643 inf
1.78741 inf
1.78839 inf
1.78937 inf
1.79035 inf
1.79133 inf
1.79231 inf
1.79329 inf
1.79427 inf
1.79525 inf
1.79623 inf
1.79721 inf
1.79819 inf
1.79917 inf
1.80015 inf
1.80113 inf
1.80211 inf
1.80309 inf
1.80407 inf
1.80505 inf
1.80603 inf
1.80701 inf
1.80799 inf
1.80897 inf
1.80995 inf
1.81093 inf
1.81191 inf
1.81289 inf
1.81387 inf
1.81485 inf
1.81583 inf
1.81681 inf
1.81779 inf
1.81877 inf
1.81975 inf
1.82073 inf
1.82171 inf
1.82269 inf
1.82367 inf
1.82465 inf
1.82563 inf
1.82662 inf
1.8276 inf
1.82858 inf
1.82956 inf
1.83054 inf
1.83152 inf
1.8325 inf
1.83348 inf
1.83446 inf
1.83544 inf
1.83642 inf
1.8374 inf
1.83838 inf
1.83936 inf
1.84034 inf
1.84132 inf
1.8423 inf
1.84328 inf
1.84426 inf
1.84524 inf
1.84622 inf
1.8472 inf
1.84818 inf
1.84916 inf
1.85014 inf
1.85112 inf
1.8521 inf
1.85308 inf
1.85406 inf
1.85504 inf
1.85602 inf
1.857 inf
1.85798 inf
1.85896 inf
1.85994 inf
1.86092 inf
1.8619 inf
1.86288 inf
1.86386 inf
1.86484 inf
1.86582 inf
1.8668 inf
1.86778 inf
1.86876 inf
1.86974 inf
1.87072 inf
1.8717 inf
1.87268 inf
1.87366 inf
1.87464 inf
1.87563 inf
1.87661 inf
1.87759 inf
1.87857 inf
1.87955 inf
1.88053 inf
1.88151 inf
1.88249 inf
1.88347 inf
1.88445 inf
1.88543 inf
1.88641 inf
1.88739 inf
1.88837 inf
1.88935 inf
1.89033 inf
1.89131 inf
1.89229 inf
1.89327 inf
1.89425 inf
1.89523 inf
1.89621 inf
1.89719 inf
1.89817 inf
1.89915 inf
1.90013 inf
1.90111 inf
1.90209 inf
1.90307 inf
1.90405 inf
1.90503 inf
1.90601 inf
1.90699 inf
1.90797 inf
1.90895 inf
1.90993 inf
1.91091 inf
1.91189 inf
1.91287 inf
1.91385 inf
1.91483 inf
1.91581 inf
1.91679 inf
1.91777 inf
1.91875 inf
1.91973 inf
1.92071 inf
1.92169 inf
1.92267 inf
1.92365 inf
1.92464 inf
1.92562 inf
1.9266 inf
1.92758 inf
1.92856 inf
1.92954 inf
1.93052 inf
1.9315 inf
1.93248 inf
1.93346 inf
1.93444 inf
1.93542 inf
1.9364 inf
1.93738 inf
1.93836 inf
1.93934 inf
1.94032 inf
1.9413 inf
1.94228 inf
1.94326 inf
1.94424 inf
1.94522 inf
1.9462 inf
1.94718 inf
1.94816 inf
1.94914 inf
1.95012 inf
1.9511 inf
1.95208 inf
1.95306 inf
1.95404 inf
1.95502 inf
1.956 inf
1.95698 inf
1.95796 inf
1.95894 inf
1.95992 inf
1.9609 inf
1.96188 inf
1.96286 inf
1.96384 inf
1.96482 inf
1.9658 inf
1.96678 inf
1.96776 inf
1.96874 inf
1.96972 inf
1.9707 inf
1.97168 inf
1.97266 inf
1.97365 inf
1.97463 inf
1.97561 inf
1.97659 inf
1.97757 inf
1.97855 inf
1.97953 inf
1.98051 inf
1.98149 inf
1.98247 inf
1.98345 inf
1.98443 inf
1.98541 inf
1.98639 inf
1.98737 inf
1.98835 inf
1.98933 inf
1.99031 inf
1.99129 inf
1.99227 inf
1.99325 inf
1.99423 inf
1.99521 inf
1.99619 inf
1.99717 inf
1.99815 inf
1.99913 inf
2.00011 inf
2.00109 inf
2.00207 inf
2.00305 inf
2.00403 inf
2.00501 inf
2.00599 inf
2.00697 inf
2.00795 inf
2.00893 inf
2.00991 inf
2.01089 inf
2.01187 inf
2.01285 inf
2.01383 inf
2.01481 inf
2.01579 inf
2.01677 inf
2.01775 inf
2.01873 inf
2.01971 inf
2.02069 inf
2.02167 inf
2.02265 inf
2.02364 inf
2.02461 inf
2.0256 inf
2.02657 inf
2.02756 inf
2.02854 inf
2.02952 inf
2.0305 inf
2.03148 inf
2.03246 inf
2.03344 inf
2.03442 inf
2.0354 inf
2.03638 inf
2.03736 inf
2.03834 inf
2.03932 inf
2.0403 inf
2.04128 inf
2.04226 inf
2.04324 inf
2.04422 inf
2.0452 inf
2.04618 inf
2.04716 inf
2.04814 inf
2.04912 inf
2.0501 inf
2.05108 inf
2.05206 inf
2.05304 inf
2.05402 inf
2.055 inf
2.05598 inf
2.05696 inf
2.05794 inf
2.05892 inf
2.0599 inf
2.06088 inf
2.06186 inf
2.06284 inf
2.06382 inf
2.0648 inf
2.06578 inf
2.06676 inf
2.06774 inf
2.06872 inf
2.0697 inf
2.07068 inf
2.07166 inf
2.07265 inf
2.07362 inf
2.07461 inf
2.07558 inf
2.07656 inf
2.07755 inf
2.07853 inf
2.07951 inf
2.08049 inf
2.08147 inf
2.08245 inf
2.08343 inf
2.08441 inf
2.08539 inf
2.08637 inf
2.08735 inf
2.08833 inf
2.08931 inf
2.09029 inf
2.09127 inf
2.09225 inf
2.09323 inf
2.09421 inf
2.09519 inf
2.09617 inf
2.09715 inf
2.09813 inf
2.09911 inf
2.10009 inf
2.10107 inf
2.10205 inf
2.10303 inf
2.10401 inf
2.10499 inf
2.10597 inf
2.10695 inf
2.10793 inf
2.10891 inf
2.10989 inf
2.11087 inf
2.11185 inf
2.11283 inf
2.11381 inf
2.11479 inf
2.11577 inf
2.11675 inf
2.11773 inf
2.11871 inf
2.11969 inf
2.12067 inf
2.12165 inf
2.12263 inf
2.12362 inf
2.12459 inf
2.12557 inf
2.12656 inf
2.12754 inf
2.12852 inf
2.1295 inf
2.13048 inf
2.13146 inf
2.13244 inf
2.13342 inf
2.1344 inf
2.13538 inf
2.13636 inf
2.13734 inf
2.13832 inf
2.1393 inf
2.14028 inf
2.14126 inf
2.14224 inf
2.14322 inf
2.1442 inf
2.14518 inf
2.14616 inf
2.14714 inf
2.14812 inf
2.1491 inf
2.15008 inf
2.15106 inf
2.15204 inf
2.15302 inf
2.154 inf
2.15498 inf
2.15596 inf
2.15694 inf
2.15792 inf
2.1589 inf
2.15988 inf
2.16086 inf
2.16184 inf
2.16282 inf
2.1638 inf
2.16478 inf
2.16576 inf
2.16674 inf
2.16772 inf
2.1687 inf
2.16968 inf
2.17066 inf
2.17164 inf
2.17263 inf
2.1736 inf
2.17458 inf
2.17557 inf
2.17654 inf
2.17753 inf
2.17851 inf
2.17949 inf
2.18047 inf
2.18145 inf
2.18243 inf
2.18341 inf
2.18439 inf
2.18537 inf
2.18635 inf
2.18733 inf
2.18831 inf
2.18929 inf
2.19027 inf
2.19125 inf
2.19223 inf
2.19321 inf
2.19419 inf
2.19517 inf
2.19615 inf
2.19713 inf
2.19811 inf
2.19909 inf
2.20007 inf
2.20105 inf
2.20203 inf
2.20301 inf
2.20399 inf
2.20497 inf
2.20595 inf
2.20693 inf
2.20791 inf
2.20889 inf
2.20987 inf
2.21085 inf
2.21183 inf
2.21281 inf
2.21379 inf
2.21477 inf
2.21575 inf
2.21673 inf
2.21771 inf
2.21869 inf
2.21967 inf
2.22065 inf
2.22163 inf
2.22261 inf
2.22359 inf
2.22458 inf
2.22555 inf
2.22654 inf
2.22752 inf
2.2285 inf
2.22948 inf
2.23046 inf
2.23144 inf
2.23242 inf
2.2334 inf
2.23438 inf
2.23536 inf
2.23634 inf
2.23732 inf
2.2383 inf
2.23928 inf
2.24026 inf
2.24124 inf
2.24222 inf
2.2432 inf
2.24418 inf
2.24516 inf
2.24614 inf
2.24712 inf
2.2481 inf
2.24908 inf
2.25006 inf
2.25104 inf
2.25202 inf
2.253 inf
2.25398 inf
2.25496 inf
2.25594 inf
2.25692 inf
2.2579 inf
2.25888 inf
2.25986 inf
2.26084 inf
2.26182 inf
2.2628 inf
2.26378 inf
2.26476 inf
2.26574 inf
2.26672 inf
2.2677 inf
2.26868 inf
2.26966 inf
2.27064 inf
2.27162 inf
2.2726 inf
2.27359 inf
2.27456 inf
2.27555 inf
2.27652 inf
2.27751 inf
2.27849 inf
2.27947 inf
2.28045 inf
2.28143 inf
2.28241 inf
2.28339 inf
2.28437 inf
2.28535 inf
2.28633 inf
2.28731 inf
2.28829 inf
2.28927 inf
2.29025 inf
2.29123 inf
2.29221 inf
2.29319 inf
2.29417 inf
2.29515 inf
2.29613 inf
2.29711 inf
2.29809 inf
2.29907 inf
2.30005 inf
2.30103 inf
2.30201 inf
2.30299 inf
2.30397 inf
2.30495 inf
2.30593 inf
2.30691 inf
2.30789 inf
2.30887 inf
2.30985 inf
2.31083 inf
2.31181 inf
2.31279 inf
2.31377 inf
2.31475 inf
2.31573 inf
2.31671 inf
2.31769 inf
2.31867 inf
2.31965 inf
2.32063 inf
2.32161 inf
2.3226 inf
2.32357 inf
2.32456 inf
2.32553 inf
2.32652 inf
2.32749 inf
2.32848 inf
2.32946 inf
2.33044 inf
2.33142 inf
2.3324 inf
2.33338 inf
2.33436 inf
2.33534 inf
2.33632 inf
2.3373 inf
2.33828 inf
2.33926 inf
2.34024 inf
2.34122 inf
2.3422 inf
2.34318 inf
2.34416 inf
2.34514 inf
2.34612 inf
2.3471 inf
2.34808 inf
2.34906 inf
2.35004 inf
2.35102 inf
2.352 inf
2.35298 inf
2.35396 inf
2.35494 inf
2.35592 inf
2.3569 inf
2.35788 inf
2.35886 inf
2.35984 inf
2.36082 inf
2.3618 inf
2.36278 inf
2.36376 inf
2.36474 inf
2.36572 inf
2.3667 inf
2.36768 inf
2.36866 inf
2.36964 inf
2.37062 inf
2.3716 inf
2.37258 inf
2.37357 inf
2.37454 inf
2.37553 inf
2.3765 inf
2.37749 inf
2.37847 inf
2.37945 inf
2.38043 inf
2.38141 inf
2.38239 inf
2.38337 inf
2.38435 inf
2.38533 inf
2.38631 inf
2.38729 inf
2.38827 inf
2.38925 inf
2.39023 inf
2.39121 inf
2.39219 inf
2.39317 inf
2.39415 inf
2.39513 inf
2.39611 inf
2.39709 inf
2.39807 inf
2.39905 inf
2.40003 inf
2.40101 inf
2.40199 inf
2.40297 inf
2.40395 inf
2.40493 inf
2.40591 inf
2.40689 inf
2.40787 inf
2.40885 inf
2.40983 inf
2.41081 inf
2.41179 inf
2.41277 inf
2.41375 inf
2.41473 inf
2.41571 inf
2.41669 inf
2.41767 inf
2.41865 inf
2.41963 inf
2.42061 inf
2.42159 inf
2.42258 inf
2.42355 inf
2.42454 inf
2.42551 inf
2.4265 inf
2.42747 inf
2.42846 inf
2.42944 inf
2.43042 inf
2.4314 inf
2.43238 inf
2.43336 inf
2.43434 inf
2.43532 inf
2.4363 inf
2.43728 inf
2.43826 inf
2.43924 inf
2.44022 inf
2.4412 inf
2.44218 inf
2.44316 inf
2.44414 inf
2.44512 inf
2.4461 inf
2.44708 inf
2.44806 inf
2.44904 inf
2.45002 inf
2.451 inf
2.45198 inf
2.45296 inf
2.45394 inf
2.45492 inf
2.4559 inf
2.45688 inf
2.45786 inf
2.45884 inf
2.45982 inf
2.4608 inf
2.46178 inf
2.46276 inf
2.46374 inf
2.46472 inf
2.4657 inf
2.46668 inf
2.46766 inf
2.46864 inf
2.46962 inf
2.4706 inf
2.47158 inf
2.47256 inf
2.47355 inf
2.47452 inf
2.47551 inf
2.47648 inf
2.47747 inf
2.47845 inf
2.47943 inf
2.48041 inf
2.48139 inf
2.48237 inf
2.48335 inf
2.48433 inf
2.48531 inf
2.48629 inf
2.48727 inf
2.48825 inf
2.48923 inf
2.49021 inf
2.49119 inf
2.49217 inf
2.49315 inf
2.49413 inf
2.49511 inf
2.49609 inf
2.49707 inf
2.49805 inf
2.49903 inf
2.50001 inf
2.50099 inf
2.50197 inf
2.50295 inf
2.50393 inf
2.50491 inf
2.50589 inf
2.50687 inf
2.50785 inf
2.50883 inf
2.50981 inf
2.51079 inf
2.51177 inf
2.51275 inf
2.51373 inf
2.51471 inf
2.51569 inf
2.51667 inf
2.51765 inf
2.51863 inf
2.51961 inf
2.52059 inf
2.52157 inf
2.52256 inf
2.52353 inf
2.52452 inf
2.52549 inf
2.52648 inf
2.52745 inf
2.52844 inf
2.52942 inf
2.5304 inf
2.53138 inf
2.53236 inf
2.53334 inf
2.53432 inf
2.5353 inf
2.53628 inf
2.53726 inf
2.53824 inf
2.53922 inf
2.5402 inf
2.54118 inf
2.54216 inf
2.54314 inf
2.54412 inf
2.5451 inf
2.54608 inf
2.54706 inf
2.54804 inf
2.54902 inf
2.55 inf
2.55098 inf
2.55196 inf
2.55294 inf
2.55392 inf
2.5549 inf
2.55588 inf
2.55686 inf
2.55784 inf
2.55882 inf
2.5598 inf
2.56078 inf
2.56176 inf
2.56274 inf
2.56372 inf
2.5647 inf
2.56568 inf
2.56666 inf
2.56764 inf
2.56862 inf
2.5696 inf
2.57058 inf
2.57156 inf
2.57254 inf
2.57353 inf
2.5745 inf
2.57549 inf
2.57646 inf
2.57744 inf
2.57843 inf
2.57941 inf
2.58039 inf
2.58137 inf
2.58235 inf
2.58333 inf
2.58431 inf
2.58529 inf
2.58627 inf
2.58725 inf
2.58823 inf
2.58921 inf
2.59019 inf
2.59117 inf
2.59215 inf
2.59313 inf
2.59411 inf
2.59509 inf
2.59607 inf
2.59705 inf
2.59803 inf
2.59901 inf
2.59999 inf
2.60097 inf
2.60195 inf
2.60293 inf
2.60391 inf
2.60489 inf
2.60587 inf
2.60685 inf
2.60783 inf
2.60881 inf
2.60979 inf
2.61077 inf
2.61175 inf
2.61273 inf
2.61371 inf
2.61469 inf
2.61567 inf
2.61665 inf
2.61763 inf
2.61861 inf
2.61959 inf
2.62057 inf
2.62155 inf
2.62254 inf
2.62351 inf
2.6245 inf
2.62547 inf
2.62645 inf
2.62744 inf
2.62842 inf
2.6294 inf
2.63038 inf
2.63136 inf
2.63234 inf
2.63332 inf
2.6343 inf
2.63528 inf
2.63626 inf
2.63724 inf
2.63822 inf
2.6392 inf
2.64018 inf
2.64116 inf
2.64214 inf
2.64312 inf
2.6441 inf
2.64508 inf
2.64606 inf
2.64704 inf
2.64802 inf
2.649 inf
2.64998 inf
2.65096 inf
2.65194 inf
2.65292 inf
2.6539 inf
2.65488 inf
2.65586 inf
2.65684 inf
2.65782 inf
2.6588 inf
2.65978 inf
2.66076 inf
2.66174 inf
2.66272 inf
2.6637 inf
2.66468 inf
2.66566 inf
2.66664 inf
2.66762 inf
2.6686 inf
2.66958 inf
2.67056 inf
2.67154 inf
2.67252 inf
2.67351 inf
2.67448 inf
2.67546 inf
2.67645 inf
2.67742 inf
2.67841 inf
2.67939 inf
2.68037 inf
2.68135 inf
2.68233 inf
2.68331 inf
2.68429 inf
2.68527 inf
2.68625 inf
2.68723 inf
2.68821 inf
2.68919 inf
2.69017 inf
2.69115 inf
2.69213 inf
2.69311 inf
2.69409 inf
2.69507 inf
2.69605 inf
2.69703 inf
2.69801 inf
2.69899 inf
2.69997 inf
2.70095 inf
2.70193 inf
2.70291 inf
2.70389 inf
2.70487 inf
2.70585 inf
2.70683 inf
2.70781 inf
2.70879 inf
2.70977 inf
2.71075 inf
2.71173 inf
2.71271 inf
2.71369 inf
2.71467 inf
2.71565 inf
2.71663 inf
2.71761 inf
2.71859 inf
2.71957 inf
2.72055 inf
2.72153 inf
2.72252 inf
2.7235 inf
2.72447 inf
2.72546 inf
2.72643 inf
2.72742 inf
2.7284 inf
2.72938 inf
2.73036 inf
2.73134 inf
2.73232 inf
2.7333 inf
2.73428 inf
2.73526 inf
2.73624 inf
2.73722 inf
2.7382 inf
2.73918 inf
2.74016 inf
2.74114 inf
2.74212 inf
2.7431 inf
2.74408 inf
2.74506 inf
2.74604 inf
2.74702 inf
2.748 inf
2.74898 inf
2.74996 inf
2.75094 inf
2.75192 inf
2.7529 inf
2.75388 inf
2.75486 inf
2.75584 inf
2.75682 inf
2.7578 inf
2.75878 inf
2.75976 inf
2.76074 inf
2.76172 inf
2.7627 inf
2.76368 inf
2.76466 inf
2.76564 inf
2.76662 inf
2.7676 inf
2.76858 inf
2.76956 inf
2.77054 inf
2.77152 inf
2.77251 inf
2.77348 inf
2.77447 inf
2.77544 inf
2.77643 inf
2.7774 inf
2.77839 inf
2.77937 inf
2.78035 inf
2.78133 inf
2.78231 inf
2.78329 inf
2.78427 inf
2.78525 inf
2.78623 inf
2.78721 inf
2.78819 inf
2.78917 inf
2.79015 inf
2.79113 inf
2.79211 inf
2.79309 inf
2.79407 inf
2.79505 inf
2.79603 inf
2.79701 inf
2.79799 inf
2.79897 inf
2.79995 inf
2.80093 inf
2.80191 inf
2.80289 inf
2.80387 inf
2.80485 inf
2.80583 inf
2.80681 inf
2.80779 inf
2.80877 inf
2.80975 inf
2.81073 inf
2.81171 inf
2.81269 inf
2.81367 inf
2.81465 inf
2.81563 inf
2.81661 inf
2.81759 inf
2.81857 inf
2.81955 inf
2.82053 inf
2.82151 inf
2.82249 inf
2.82348 inf
2.82445 inf
2.82544 inf
2.82641 inf
2.8274 inf
2.82838 inf
2.82936 inf
2.83034 inf
2.83132 inf
2.8323 inf
2.83328 inf
2.83426 inf
2.83524 inf
2.83622 inf
2.8372 inf
2.83818 inf
2.83916 inf
2.84014 inf
2.84112 inf
2.8421 inf
2.84308 inf
2.84406 inf
2.84504 inf
2.84602 inf
2.847 inf
2.84798 inf
2.84896 inf
2.84994 inf
2.85092 inf
2.8519 inf
2.85288 inf
2.85386 inf
2.85484 inf
2.85582 inf
2.8568 inf
2.85778 inf
2.85876 inf
2.85974 inf
2.86072 inf
2.8617 inf
2.86268 inf
2.86366 inf
2.86464 inf
2.86562 inf
2.8666 inf
2.86758 inf
2.86856 inf
2.86954 inf
2.87052 inf
2.8715 inf
2.87248 inf
2.87346 inf
2.87445 inf
2.87542 inf
2.87641 inf
2.87738 inf
2.87837 inf
2.87935 inf
2.88033 inf
2.88131 inf
2.88229 inf
2.88327 inf
2.88425 inf
2.88523 inf
2.88621 inf
2.88719 inf
2.88817 inf
2.88915 inf
2.89013 inf
2.89111 inf
2.89209 inf
2.89307 inf
2.89405 inf
2.89503 inf
2.89601 inf
2.89699 inf
2.89797 inf
2.89895 inf
2.89993 inf
2.90091 inf
2.90189 inf
2.90287 inf
2.90385 inf
2.90483 inf
2.90581 inf
2.90679 inf
2.90777 inf
2.90875 inf
2.90973 inf
2.91071 inf
2.91169 inf
2.91267 inf
2.91365 inf
2.91463 inf
2.91561 inf
2.91659 inf
2.91757 inf
2.91855 inf
2.91953 inf
2.92051 inf
2.92149 inf
2.92247 inf
2.92346 inf
2.92443 inf
2.92542 inf
2.92639 inf
2.92738 inf
2.92836 inf
2.92934 inf
2.93032 inf
2.9313 inf
2.93228 inf
2.93326 inf
2.93424 inf
2.93522 inf
2.9362 inf
2.93718 inf
2.93816 inf
2.93914 inf
2.94012 inf
2.9411 inf
2.94208 inf
2.94306 inf
2.94404 inf
2.94502 inf
2.946 inf
2.94698 inf
2.94796 inf
2.94894 inf
2.94992 inf
2.9509 inf
2.95188 inf
2.95286 inf
2.95384 inf
2.95482 inf
2.9558 inf
2.95678 inf
2.95776 inf
2.95874 inf
2.95972 inf
2.9607 inf
2.96168 inf
2.96266 inf
2.96364 inf
2.96462 inf
2.9656 inf
2.96658 inf
2.96756 inf
2.96854 inf
2.96952 inf
2.9705 inf
2.97148 inf
2.97246 inf
2.97344 inf
2.97443 inf
2.9754 inf
2.97639 inf
2.97736 inf
2.97835 inf
2.97933 inf
2.98031 inf
2.98129 inf
2.98227 inf
2.98325 inf
2.98423 inf
2.98521 inf
2.98619 inf
2.98717 inf
2.98815 inf
2.98913 inf
2.99011 inf
2.99109 inf
2.99207 inf
2.99305 inf
2.99403 inf
2.99501 inf
2.99599 inf
2.99697 inf
2.99795 inf
2.99893 inf
2.99991 inf
3.00089 inf
3.00187 inf
3.00285 inf
3.00383 inf
3.00481 inf
3.00579 inf
3.00677 inf
3.00775 inf
3.00873 inf
3.00971 inf
3.01069 inf
3.01167 inf
3.01265 inf
3.01363 inf
3.01461 inf
3.01559 inf
3.01657 inf
3.01755 inf
3.01853 inf
3.01951 inf
3.02049 inf
3.02147 inf
3.02245 inf
3.02344 inf
3.02441 inf
3.0254 inf
3.02637 inf
3.02736 inf
3.02834 inf
3.02932 inf
3.0303 inf
3.03128 inf
3.03226 inf
3.03324 inf
3.03422 inf
3.0352 inf
3.03618 inf
3.03716 inf
3.03814 inf
3.03912 inf
3.0401 inf
3.04108 inf
3.04206 inf
3.04304 inf
3.04402 inf
3.045 inf
3.04598 inf
3.04696 inf
3.04794 inf
3.04892 inf
3.0499 inf
3.05088 inf
3.05186 inf
3.05284 inf
3.05382 inf
3.0548 inf
3.05578 inf
3.05676 inf
3.05774 inf
3.05872 inf
3.0597 inf
3.06068 inf
3.06166 inf
3.06264 inf
3.06362 inf
3.0646 inf
3.06558 inf
3.06656 inf
3.06754 inf
3.06852 inf
3.0695 inf
3.07048 inf
3.07146 inf
3.07244 inf
3.07342 inf
3.07441 inf
3.07538 inf
3.07637 inf
3.07735 inf
3.07833 inf
3.07931 inf
3.08029 inf
3.08127 inf
3.08225 inf
3.08323 inf
3.08421 inf
3.08519 inf
3.08617 inf
3.08715 inf
3.08813 inf
3.08911 inf
3.09009 inf
3.09107 inf
3.09205 inf
3.09303 inf
3.09401 inf
3.09499 inf
3.09597 inf
3.09695 inf
3.09793 inf
3.09891 inf
3.09989 inf
3.10087 inf
3.10185 inf
3.10283 inf
3.10381 inf
3.10479 inf
3.10577 inf
3.10675 inf
3.10773 inf
3.10871 inf
3.10969 inf
3.11067 inf
3.11165 inf
3.11263 inf
3.11361 inf
3.11459 inf
3.11557 inf
3.11655 inf
3.11753 inf
3.11851 inf
3.11949 inf
3.12047 inf
3.12145 inf
3.12243 inf
3.12342 inf
3.12439 inf
3.12538 inf
3.12636 inf
3.12733 inf
3.12832 inf
3.1293 inf
3.13028 inf
3.13126 inf
3.13224 inf
3.13322 inf
3.1342 inf
3.13518 inf
3.13616 inf
3.13714 inf
3.13812 inf
3.1391 inf
3.14008 inf
3.14106 inf
3.14204 inf
3.14302 inf
3.144 inf
3.14498 inf
3.14596 inf
3.14694 inf
3.14792 inf
3.1489 inf
3.14988 inf
3.15086 inf
3.15184 inf
3.15282 inf
3.1538 inf
3.15478 inf
3.15576 inf
3.15674 inf
3.15772 inf
3.1587 inf
3.15968 inf
3.16066 inf
3.16164 inf
3.16262 inf
3.1636 inf
3.16458 inf
3.16556 inf
3.16654 inf
3.16752 inf
3.1685 inf
3.16948 inf
3.17046 inf
3.17144 inf
3.17242 inf
3.1734 inf
3.17439 inf
3.17537 inf
3.17634 inf
3.17733 inf
3.17831 inf
3.17929 inf
3.18027 inf
3.18125 inf
3.18223 inf
3.18321 inf
3.18419 inf
3.18517 inf
3.18615 inf
3.18713 inf
3.18811 inf
3.18909 inf
3.19007 inf
3.19105 inf
3.19203 inf
3.19301 inf
3.19399 inf
3.19497 inf
3.19595 inf
3.19693 inf
3.19791 inf
3.19889 inf
3.19987 inf
3.20085 inf
3.20183 inf
3.20281 inf
3.20379 inf
3.20477 inf
3.20575 inf
3.20673 inf
3.20771 inf
3.20869 inf
3.20967 inf
3.21065 inf
3.21163 inf
3.21261 inf
3.21359 inf
3.21457 inf
3.21555 inf
3.21653 inf
3.21751 inf
3.21849 inf
3.21947 inf
3.22045 inf
3.22143 inf
3.22241 inf
3.2234 inf
3.22438 inf
3.22535 inf
3.22634 inf
3.22731 inf
3.2283 inf
3.22928 inf
3.23026 inf
3.23124 inf
3.23222 inf
3.2332 inf
3.23418 inf
3.23516 inf
3.23614 inf
3.23712 inf
3.2381 inf
3.23908 inf
3.24006 inf
3.24104 inf
3.24202 inf
3.243 inf
3.24398 inf
3.24496 inf
3.24594 inf
3.24692 inf
3.2479 inf
3.24888 inf
3.24986 inf
3.25084 inf
3.25182 inf
3.2528 inf
3.25378 inf
3.25476 inf
3.25574 inf
3.25672 inf
3.2577 inf
3.25868 inf
3.25966 inf
3.26064 inf
3.26162 inf
3.2626 inf
3.26358 inf
3.26456 inf
3.26554 inf
3.26652 inf
3.2675 inf
3.26848 inf
3.26946 inf
3.27044 inf
3.27142 inf
3.2724 inf
3.27339 inf
3.27436 inf
3.27535 inf
3.27632 inf
3.27731 inf
3.27829 inf
3.27927 inf
3.28025 inf
3.28123 inf
3.28221 inf
3.28319 inf
3.28417 inf
3.28515 inf
3.28613 inf
3.28711 inf
3.28809 inf
3.28907 inf
3.29005 inf
3.29103 inf
3.29201 inf
3.29299 inf
3.29397 inf
3.29495 inf
3.29593 inf
3.29691 inf
3.29789 inf
3.29887 inf
3.29985 inf
3.30083 inf
3.30181 inf
3.30279 inf
3.30377 inf
3.30475 inf
3.30573 inf
3.30671 inf
3.30769 inf
3.30867 inf
3.30965 inf
3.31063 inf
3.31161 inf
3.31259 inf
3.31357 inf
3.31455 inf
3.31553 inf
3.31651 inf
3.31749 inf
3.31847 inf
3.31945 inf
3.32043 inf
3.32141 inf
3.32239 inf
3.32337 inf
3.32436 inf
3.32533 inf
3.32632 inf
3.32729 inf
3.32828 inf
3.32926 inf
3.33024 inf
3.33122 inf
3.3322 inf
3.33318 inf
3.33416 inf
3.33514 inf
3.33612 inf
3.3371 inf
3.33808 inf
3.33906 inf
3.34004 inf
3.34102 inf
3.342 inf
3.34298 inf
3.34396 inf
3.34494 inf
3.34592 inf
3.3469 inf
3.34788 inf
3.34886 inf
3.34984 inf
3.35082 inf
3.3518 inf
3.35278 inf
3.35376 inf
3.35474 inf
3.35572 inf
3.3567 inf
3.35768 inf
3.35866 inf
3.35964 inf
3.36062 inf
3.3616 inf
3.36258 inf
3.36356 inf
3.36454 inf
3.36552 inf
3.3665 inf
3.36748 inf
3.36846 inf
3.36944 inf
3.37042 inf
3.3714 inf
3.37238 inf
3.37337 inf
3.37434 inf
3.37533 inf
3.3763 inf
3.37729 inf
3.37827 inf
3.37925 inf
3.38023 inf
3.38121 inf
3.38219 inf
3.38317 inf
3.38415 inf
3.38513 inf
3.38611 inf
3.38709 inf
3.38807 inf
3.38905 inf
3.39003 inf
3.39101 inf
3.39199 inf
3.39297 inf
3.39395 inf
3.39493 inf
3.39591 inf
3.39689 inf
3.39787 inf
3.39885 inf
3.39983 inf
3.40081 inf
3.40179 inf
3.40277 inf
3.40375 inf
3.40473 inf
3.40571 inf
3.40669 inf
3.40767 inf
3.40865 inf
3.40963 inf
3.41061 inf
3.41159 inf
3.41257 inf
3.41355 inf
3.41453 inf
3.41551 inf
3.41649 inf
3.41747 inf
3.41845 inf
3.41943 inf
3.42041 inf
3.42139 inf
3.42237 inf
3.42335 inf
3.42434 inf
3.42531 inf
3.4263 inf
3.42727 inf
3.42826 inf
3.42924 inf
3.43022 inf
3.4312 inf
3.43218 inf
3.43316 inf
3.43414 inf
3.43512 inf
3.4361 inf
3.43708 inf
3.43806 inf
3.43904 inf
3.44002 inf
3.441 inf
3.44198 inf
3.44296 inf
3.44394 inf
3.44492 inf
3.4459 inf
3.44688 inf
3.44786 inf
3.44884 inf
3.44982 inf
3.4508 inf
3.45178 inf
3.45276 inf
3.45374 inf
3.45472 inf
3.4557 inf
3.45668 inf
3.45766 inf
3.45864 inf
3.45962 inf
3.4606 inf
3.46158 inf
3.46256 inf
3.46354 inf
3.46452 inf
3.4655 inf
3.46648 inf
3.46746 inf
3.46844 inf
3.46942 inf
3.4704 inf
3.47138 inf
3.47236 inf
3.47335 inf
3.47432 inf
3.47531 inf
3.47628 inf
3.47727 inf
3.47825 inf
3.47923 inf
3.48021 inf
3.48119 inf
3.48217 inf
3.48315 inf
3.48413 inf
3.48511 inf
3.48609 inf
3.48707 inf
3.48805 inf
3.48903 inf
3.49001 inf
3.49099 inf
3.49197 inf
3.49295 inf
3.49393 inf
3.49491 inf
3.49589 inf
3.49687 inf
3.49785 inf
3.49883 inf
3.49981 inf
3.50079 inf
3.50177 inf
3.50275 inf
3.50373 inf
3.50471 inf
3.50569 inf
3.50667 inf
3.50765 inf
3.50863 inf
3.50961 inf
3.51059 inf
3.51157 inf
3.51255 inf
3.51353 inf
3.51451 inf
3.51549 inf
3.51647 inf
3.51745 inf
3.51843 inf
3.51941 inf
3.52039 inf
3.52137 inf
3.52235 inf
3.52333 inf
3.52432 inf
3.52529 inf
3.52628 inf
3.52725 inf
3.52824 inf
3.52922 inf
3.5302 inf
3.53118 inf
3.53216 inf
3.53314 inf
3.53412 inf
3.5351 inf
3.53608 inf
3.53706 inf
3.53804 inf
3.53902 inf
3.54 inf
3.54098 inf
3.54196 inf
3.54294 inf
3.54392 inf
3.5449 inf
3.54588 inf
3.54686 inf
3.54784 inf
3.54882 inf
3.5498 inf
3.55078 inf
3.55176 inf
3.55274 inf
3.55372 inf
3.5547 inf
3.55568 inf
3.55666 inf
3.55764 inf
3.55862 inf
3.5596 inf
3.56058 inf
3.56156 inf
3.56254 inf
3.56352 inf
3.5645 inf
3.56548 inf
3.56646 inf
3.56744 inf
3.56842 inf
3.5694 inf
3.57038 inf
3.57136 inf
3.57234 inf
3.57333 inf
3.5743 inf
3.57529 inf
3.57626 inf
3.57725 inf
3.57823 inf
3.57921 inf
3.58019 inf
3.58117 inf
3.58215 inf
3.58313 inf
3.58411 inf
3.58509 inf
3.58607 inf
3.58705 inf
3.58803 inf
3.58901 inf
3.58999 inf
3.59097 inf
3.59195 inf
3.59293 inf
3.59391 inf
3.59489 inf
3.59587 inf
3.59685 inf
3.59783 inf
3.59881 inf
3.59979 inf
3.60077 inf
3.60175 inf
3.60273 inf
3.60371 inf
3.60469 inf
3.60567 inf
3.60665 inf
3.60763 inf
3.60861 inf
3.60959 inf
3.61057 inf
3.61155 inf
3.61253 inf
3.61351 inf
3.61449 inf
3.61547 inf
3.61645 inf
3.61743 inf
3.61841 inf
3.61939 inf
3.62037 inf
3.62135 inf
3.62233 inf
3.62331 inf
3.6243 inf
3.62527 inf
3.62626 inf
3.62724 inf
3.62822 inf
3.6292 inf
3.63018 inf
3.63116 inf
3.63214 inf
3.63312 inf
3.6341 inf
3.63508 inf
3.63606 inf
3.63704 inf
3.63802 inf
3.639 inf
3.63998 inf
3.64096 inf
3.64194 inf
3.64292 inf
3.6439 inf
3.64488 inf
3.64586 inf
3.64684 inf
3.64782 inf
3.6488 inf
3.64978 inf
3.65076 inf
3.65174 inf
3.65272 inf
3.6537 inf
3.65468 inf
3.65566 inf
3.65664 inf
3.65762 inf
3.6586 inf
3.65958 inf
3.66056 inf
3.66154 inf
3.66252 inf
3.6635 inf
3.66448 inf
3.66546 inf
3.66644 inf
3.66742 inf
3.6684 inf
3.66938 inf
3.67036 inf
3.67134 inf
3.67232 inf
3.67331 inf
3.67428 inf
3.67527 inf
3.67625 inf
3.67722 inf
3.67821 inf
3.67919 inf
3.68017 inf
3.68115 inf
3.68213 inf
3.68311 inf
3.68409 inf
3.68507 inf
3.68605 inf
3.68703 inf
3.68801 inf
3.68899 inf
3.68997 inf
3.69095 inf
3.69193 inf
3.69291 inf
3.69389 inf
3.69487 inf
3.69585 inf
3.69683 inf
3.69781 inf
3.69879 inf
3.69977 inf
3.70075 inf
3.70173 inf
3.70271 inf
3.70369 inf
3.70467 inf
3.70565 inf
3.70663 inf
3.70761 inf
3.70859 inf
3.70957 inf
3.71055 inf
3.71153 inf
3.71251 inf
3.71349 inf
3.71447 inf
3.71545 inf
3.71643 inf
3.71741 inf
3.71839 inf
3.71937 inf
3.72035 inf
3.72133 inf
3.72231 inf
3.72329 inf
3.72428 inf
3.72526 inf
3.72623 inf
3.72722 inf
3.7282 inf
3.72918 inf
3.73016 inf
3.73114 inf
3.73212 inf
3.7331 inf
3.73408 inf
3.73506 inf
3.73604 inf
3.73702 inf
3.738 inf
3.73898 inf
3.73996 inf
3.74094 inf
3.74192 inf
3.7429 inf
3.74388 inf
3.74486 inf
3.74584 inf
3.74682 inf
3.7478 inf
3.74878 inf
3.74976 inf
3.75074 inf
3.75172 inf
3.7527 inf
3.75368 inf
3.75466 inf
3.75564 inf
3.75662 inf
3.7576 inf
3.75858 inf
3.75956 inf
3.76054 inf
3.76152 inf
3.7625 inf
3.76348 inf
3.76446 inf
3.76544 inf
3.76642 inf
3.7674 inf
3.76838 inf
3.76936 inf
3.77034 inf
3.77132 inf
3.7723 inf
3.77329 inf
3.77427 inf
3.77524 inf
3.77623 inf
3.7772 inf
3.77819 inf
3.77917 inf
3.78015 inf
3.78113 inf
3.78211 inf
3.78309 inf
3.78407 inf
3.78505 inf
3.78603 inf
3.78701 inf
3.78799 inf
3.78897 inf
3.78995 inf
3.79093 inf
3.79191 inf
3.79289 inf
3.79387 inf
3.79485 inf
3.79583 inf
3.79681 inf
3.79779 inf
3.79877 inf
3.79975 inf
3.80073 inf
3.80171 inf
3.80269 inf
3.80367 inf
3.80465 inf
3.80563 inf
3.80661 inf
3.80759 inf
3.80857 inf
3.80955 inf
3.81053 inf
3.81151 inf
3.81249 inf
3.81347 inf
3.81445 inf
3.81543 inf
3.81641 inf
3.81739 inf
3.81837 inf
3.81935 inf
3.82033 inf
3.82131 inf
3.82229 inf
3.82328 inf
3.82425 inf
3.82524 inf
3.82621 inf
3.8272 inf
3.82818 inf
3.82916 inf
3.83014 inf
3.83112 inf
3.8321 inf
3.83308 inf
3.83406 inf
3.83504 inf
3.83602 inf
3.837 inf
3.83798 inf
3.83896 inf
3.83994 inf
3.84092 inf
3.8419 inf
3.84288 inf
3.84386 inf
3.84484 inf
3.84582 inf
3.8468 inf
3.84778 inf
3.84876 inf
3.84974 inf
3.85072 inf
3.8517 inf
3.85268 inf
3.85366 inf
3.85464 inf
3.85562 inf
3.8566 inf
3.85758 inf
3.85856 inf
3.85954 inf
3.86052 inf
3.8615 inf
3.86248 inf
3.86346 inf
3.86444 inf
3.86542 inf
3.8664 inf
3.86738 inf
3.86836 inf
3.86934 inf
3.87032 inf
3.8713 inf
3.87228 inf
3.87326 inf
3.87425 inf
3.87522 inf
3.87621 inf
3.87718 inf
3.87817 inf
3.87915 inf
3.88013 inf
3.88111 inf
3.88209 inf
3.88307 inf
3.88405 inf
3.88503 inf
3.88601 inf
3.88699 inf
3.88797 inf
3.88895 inf
3.88993 inf
3.89091 inf
3.89189 inf
3.89287 inf
3.89385 inf
3.89483 inf
3.89581 inf
3.89679 inf
3.89777 inf
3.89875 inf
3.89973 inf
3.90071 inf
3.90169 inf
3.90267 inf
3.90365 inf
3.90463 inf
3.90561 inf
3.90659 inf
3.90757 inf
3.90855 inf
3.90953 inf
3.91051 inf
3.91149 inf
3.91247 inf
3.91345 inf
3.91443 inf
3.91541 inf
3.91639 inf
3.91737 inf
3.91835 inf
3.91933 inf
3.92031 inf
3.92129 inf
3.92227 inf
3.92326 inf
3.92423 inf
3.92522 inf
3.92619 inf
3.92718 inf
3.92816 inf
3.92914 inf
3.93012 inf
3.9311 inf
3.93208 inf
3.93306 inf
3.93404 inf
3.93502 inf
3.936 inf
3.93698 inf
3.93796 inf
3.93894 inf
3.93992 inf
3.9409 inf
3.94188 inf
3.94286 inf
3.94384 inf
3.94482 inf
3.9458 inf
3.94678 inf
3.94776 inf
3.94874 inf
3.94972 inf
3.9507 inf
3.95168 inf
3.95266 inf
3.95364 inf
3.95462 inf
3.9556 inf
3.95658 inf
3.95756 inf
3.95854 inf
3.95952 inf
3.9605 inf
3.96148 inf
3.96246 inf
3.96344 inf
3.96442 inf
3.9654 inf
3.96638 inf
3.96736 inf
3.96834 inf
3.96932 inf
3.9703 inf
3.97128 inf
3.97226 inf
3.97324 inf
3.97423 inf
3.9752 inf
3.97619 inf
3.97716 inf
3.97815 inf
3.97913 inf
3.98011 inf
3.98109 inf
3.98207 inf
3.98305 inf
3.98403 inf
3.98501 inf
3.98599 inf
3.98697 inf
3.98795 inf
3.98893 inf
3.98991 inf
3.99089 inf
3.99187 inf
3.99285 inf
3.99383 inf
3.99481 inf
3.99579 inf
3.99677 inf
3.99775 inf
3.99873 inf
3.99971 inf
4.00069 inf
4.00167 inf
4.00265 inf
4.00363 inf
4.00461 inf
4.00559 inf
4.00657 inf
4.00755 inf
4.00853 inf
4.00951 inf
4.01049 inf
4.01147 inf
4.01245 inf
4.01343 inf
4.01441 inf
4.01539 inf
4.01637 inf
4.01735 inf
4.01833 inf
4.01931 inf
4.02029 inf
4.02127 inf
4.02225 inf
4.02323 inf
4.02421 inf
4.0252 inf
4.02618 inf
4.02715 inf
4.02814 inf
4.02912 inf
4.0301 inf
4.03108 inf
4.03206 inf
4.03304 inf
4.03402 inf
4.035 inf
4.03598 inf
4.03696 inf
4.03794 inf
4.03892 inf
4.0399 inf
4.04088 inf
4.04186 inf
4.04284 inf
4.04382 inf
4.0448 inf
4.04578 inf
4.04676 inf
4.04774 inf
4.04872 inf
4.0497 inf
4.05068 inf
4.05166 inf
4.05264 inf
4.05362 inf
4.0546 inf
4.05558 inf
4.05656 inf
4.05754 inf
4.05852 inf
4.0595 inf
4.06048 inf
4.06146 inf
4.06244 inf
4.06342 inf
4.0644 inf
4.06538 inf
4.06636 inf
4.06734 inf
4.06832 inf
4.0693 inf
4.07028 inf
4.07126 inf
4.07224 inf
4.07322 inf
4.07421 inf
4.07519 inf
4.07616 inf
4.07714 inf
4.07813 inf
4.07911 inf
4.08009 inf
4.08107 inf
4.08205 inf
4.08303 inf
4.08401 inf
4.08499 inf
4.08597 inf
4.08695 inf
4.08793 inf
4.08891 inf
4.08989 inf
4.09087 inf
4.09185 inf
4.09283 inf
4.09381 inf
4.09479 inf
4.09577 inf
4.09675 inf
4.09773 inf
4.09871 inf
4.09969 inf
4.10067 inf
4.10165 inf
4.10263 inf
4.10361 inf
4.10459 inf
4.10557 inf
4.10655 inf
4.10753 inf
4.10851 inf
4.10949 inf
4.11047 inf
4.11145 inf
4.11243 inf
4.11341 inf
4.11439 inf
4.11537 inf
4.11635 inf
4.11733 inf
4.11831 inf
4.11929 inf
4.12027 inf
4.12125 inf
4.12223 inf
4.12322 inf
4.1242 inf
4.12517 inf
4.12615 inf
4.12713 inf
4.12812 inf
4.1291 inf
4.13008 inf
4.13106 inf
4.13204 inf
4.13302 inf
4.134 inf
4.13498 inf
4.13596 inf
4.13694 inf
4.13792 inf
4.1389 inf
4.13988 inf
4.14086 inf
4.14184 inf
4.14282 inf
4.1438 inf
4.14478 inf
4.14576 inf
4.14674 inf
4.14772 inf
4.1487 inf
4.14968 inf
4.15066 inf
4.15164 inf
4.15262 inf
4.1536 inf
4.15458 inf
4.15556 inf
4.15654 inf
4.15752 inf
4.1585 inf
4.15948 inf
4.16046 inf
4.16144 inf
4.16242 inf
4.1634 inf
4.16438 inf
4.16536 inf
4.16634 inf
4.16732 inf
4.1683 inf
4.16928 inf
4.17026 inf
4.17124 inf
4.17222 inf
4.17321 inf
4.17418 inf
4.17516 inf
4.17614 inf
4.17713 inf
4.17811 inf
4.17909 inf
4.18007 inf
4.18105 inf
4.18203 inf
4.18301 inf
4.18399 inf
4.18497 inf
4.18595 inf
4.18693 inf
4.18791 inf
4.18889 inf
4.18987 inf
4.19085 inf
4.19183 inf
4.19281 inf
4.19379 inf
4.19477 inf
4.19575 inf
4.19673 inf
4.19771 inf
4.19869 inf
4.19967 inf
4.20065 inf
4.20163 inf
4.20261 inf
4.20359 inf
4.20457 inf
4.20555 inf
4.20653 inf
4.20751 inf
4.20849 inf
4.20947 inf
4.21045 inf
4.21143 inf
4.21241 inf
4.21339 inf
4.21437 inf
4.21535 inf
4.21633 inf
4.21731 inf
4.21829 inf
4.21927 inf
4.22025 inf
4.22123 inf
4.22221 inf
4.22319 inf
4.22417 inf
4.22515 inf
4.22614 inf
4.22712 inf
4.2281 inf
4.22908 inf
4.23006 inf
4.23104 inf
4.23202 inf
4.233 inf
4.23398 inf
4.23496 inf
4.23594 inf
4.23692 inf
4.2379 inf
4.23888 inf
4.23986 inf
4.24084 inf
4.24182 inf
4.2428 inf
4.24378 inf
4.24476 inf
4.24574 inf
4.24672 inf
4.2477 inf
4.24868 inf
4.24966 inf
4.25064 inf
4.25162 inf
4.2526 inf
4.25358 inf
4.25456 inf
4.25554 inf
4.25652 inf
4.2575 inf
4.25848 inf
4.25946 inf
4.26044 inf
4.26142 inf
4.2624 inf
4.26338 inf
4.26436 inf
4.26534 inf
4.26632 inf
4.2673 inf
4.26828 inf
4.26926 inf
4.27024 inf
4.27122 inf
4.2722 inf
4.27318 inf
4.27416 inf
4.27515 inf
4.27613 inf
4.2771 inf
4.27809 inf
4.27907 inf
4.28005 inf
4.28103 inf
4.28201 inf
4.28299 inf
4.28397 inf
4.28495 inf
4.28593 inf
4.28691 inf
4.28789 inf
4.28887 inf
4.28985 inf
4.29083 inf
4.29181 inf
4.29279 inf
4.29377 inf
4.29475 inf
4.29573 inf
4.29671 inf
4.29769 inf
4.29867 inf
4.29965 inf
4.30063 inf
4.30161 inf
4.30259 inf
4.30357 inf
4.30455 inf
4.30553 inf
4.30651 inf
4.30749 inf
4.30847 inf
4.30945 inf
4.31043 inf
4.31141 inf
4.31239 inf
4.31337 inf
4.31435 inf
4.31533 inf
4.31631 inf
4.31729 inf
4.31827 inf
4.31925 inf
4.32023 inf
4.32121 inf
4.32219 inf
4.32317 inf
4.32416 inf
4.32514 inf
4.32611 inf
4.32709 inf
4.32808 inf
4.32906 inf
4.33004 inf
4.33102 inf
4.332 inf
4.33298 inf
4.33396 inf
4.33494 inf
4.33592 inf
4.3369 inf
4.33788 inf
4.33886 inf
4.33984 inf
4.34082 inf
4.3418 inf
4.34278 inf
4.34376 inf
4.34474 inf
4.34572 inf
4.3467 inf
4.34768 inf
4.34866 inf
4.34964 inf
4.35062 inf
4.3516 inf
4.35258 inf
4.35356 inf
4.35454 inf
4.35552 inf
4.3565 inf
4.35748 inf
4.35846 inf
4.35944 inf
4.36042 inf
4.3614 inf
4.36238 inf
4.36336 inf
4.36434 inf
4.36532 inf
4.3663 inf
4.36728 inf
4.36826 inf
4.36924 inf
4.37022 inf
4.3712 inf
4.37218 inf
4.37317 inf
4.37415 inf
4.37512 inf
4.3761 inf
4.37709 inf
4.37807 inf
4.37905 inf
4.38003 inf
4.38101 inf
4.38199 inf
4.38297 inf
4.38395 inf
4.38493 inf
4.38591 inf
4.38689 inf
4.38787 inf
4.38885 inf
4.38983 inf
4.39081 inf
4.39179 inf
4.39277 inf
4.39375 inf
4.39473 inf
4.39571 inf
4.39669 inf
4.39767 inf
4.39865 inf
4.39963 inf
4.40061 inf
4.40159 inf
4.40257 inf
4.40355 inf
4.40453 inf
4.40551 inf
4.40649 inf
4.40747 inf
4.40845 inf
4.40943 inf
4.41041 inf
4.41139 inf
4.41237 inf
4.41335 inf
4.41433 inf
4.41531 inf
4.41629 inf
4.41727 inf
4.41825 inf
4.41923 inf
4.42021 inf
4.42119 inf
4.42217 inf
4.42316 inf
4.42413 inf
4.42511 inf
4.4261 inf
4.42708 inf
4.42806 inf
4.42904 inf
4.43002 inf
4.431 inf
4.43198 inf
4.43296 inf
4.43394 inf
4.43492 inf
4.4359 inf
4.43688 inf
4.43786 inf
4.43884 inf
4.43982 inf
4.4408 inf
4.44178 inf
4.44276 inf
4.44374 inf
4.44472 inf
4.4457 inf
4.44668 inf
4.44766 inf
4.44864 inf
4.44962 inf
4.4506 inf
4.45158 inf
4.45256 inf
4.45354 inf
4.45452 inf
4.4555 inf
4.45648 inf
4.45746 inf
4.45844 inf
4.45942 inf
4.4604 inf
4.46138 inf
4.46236 inf
4.46334 inf
4.46432 inf
4.4653 inf
4.46628 inf
4.46726 inf
4.46824 inf
4.46922 inf
4.4702 inf
4.47118 inf
4.47216 inf
4.47314 inf
4.47412 inf
4.47511 inf
4.47609 inf
4.47706 inf
4.47805 inf
4.47903 inf
4.48001 inf
4.48099 inf
4.48197 inf
4.48295 inf
4.48393 inf
4.48491 inf
4.48589 inf
4.48687 inf
4.48785 inf
4.48883 inf
4.48981 inf
4.49079 inf
4.49177 inf
4.49275 inf
4.49373 inf
4.49471 inf
4.49569 inf
4.49667 inf
4.49765 inf
4.49863 inf
4.49961 inf
4.50059 inf
4.50157 inf
4.50255 inf
4.50353 inf
4.50451 inf
4.50549 inf
4.50647 inf
4.50745 inf
4.50843 inf
4.50941 inf
4.51039 inf
4.51137 inf
4.51235 inf
4.51333 inf
4.51431 inf
4.51529 inf
4.51627 inf
4.51725 inf
4.51823 inf
4.51921 inf
4.52019 inf
4.52117 inf
4.52215 inf
4.52313 inf
4.52412 inf
4.5251 inf
4.52607 inf
4.52705 inf
4.52804 inf
4.52902 inf
4.53 inf
4.53098 inf
4.53196 inf
4.53294 inf
4.53392 inf
4.5349 inf
4.53588 inf
4.53686 inf
4.53784 inf
4.53882 inf
4.5398 inf
4.54078 inf
4.54176 inf
4.54274 inf
4.54372 inf
4.5447 inf
4.54568 inf
4.54666 inf
4.54764 inf
4.54862 inf
4.5496 inf
4.55058 inf
4.55156 inf
4.55254 inf
4.55352 inf
4.5545 inf
4.55548 inf
4.55646 inf
4.55744 inf
4.55842 inf
4.5594 inf
4.56038 inf
4.56136 inf
4.56234 inf
4.56332 inf
4.5643 inf
4.56528 inf
4.56626 inf
4.56724 inf
4.56822 inf
4.5692 inf
4.57018 inf
4.57116 inf
4.57214 inf
4.57313 inf
4.57411 inf
4.57508 inf
4.57606 inf
4.57705 inf
4.57803 inf
4.57901 inf
4.57999 inf
4.58097 inf
4.58195 inf
4.58293 inf
4.58391 inf
4.58489 inf
4.58587 inf
4.58685 inf
4.58783 inf
4.58881 inf
4.58979 inf
4.59077 inf
4.59175 inf
4.59273 inf
4.59371 inf
4.59469 inf
4.59567 inf
4.59665 inf
4.59763 inf
4.59861 inf
4.59959 inf
4.60057 inf
4.60155 inf
4.60253 inf
4.60351 inf
4.60449 inf
4.60547 inf
4.60645 inf
4.60743 inf
4.60841 inf
4.60939 inf
4.61037 inf
4.61135 inf
4.61233 inf
4.61331 inf
4.61429 inf
4.61527 inf
4.61625 inf
4.61723 inf
4.61821 inf
4.61919 inf
4.62017 inf
4.62115 inf
4.62213 inf
4.62312 inf
4.62409 inf
4.62507 inf
4.62606 inf
4.62704 inf
4.62802 inf
4.629 inf
4.62998 inf
4.63096 inf
4.63194 inf
4.63292 inf
4.6339 inf
4.63488 inf
4.63586 inf
4.63684 inf
4.63782 inf
4.6388 inf
4.63978 inf
4.64076 inf
4.64174 inf
4.64272 inf
4.6437 inf
4.64468 inf
4.64566 inf
4.64664 inf
4.64762 inf
4.6486 inf
4.64958 inf
4.65056 inf
4.65154 inf
4.65252 inf
4.6535 inf
4.65448 inf
4.65546 inf
4.65644 inf
4.65742 inf
4.6584 inf
4.65938 inf
4.66036 inf
4.66134 inf
4.66232 inf
4.6633 inf
4.66428 inf
4.66526 inf
4.66624 inf
4.66722 inf
4.6682 inf
4.66918 inf
4.67016 inf
4.67114 inf
4.67212 inf
4.6731 inf
4.67408 inf
4.67507 inf
4.67605 inf
4.67703 inf
4.67801 inf
4.67899 inf
4.67997 inf
4.68095 inf
4.68193 inf
4.68291 inf
4.68389 inf
4.68487 inf
4.68585 inf
4.68683 inf
4.68781 inf
4.68879 inf
4.68977 inf
4.69075 inf
4.69173 inf
4.69271 inf
4.69369 inf
4.69467 inf
4.69565 inf
4.69663 inf
4.69761 inf
4.69859 inf
4.69957 inf
4.70055 inf
4.70153 inf
4.70251 inf
4.70349 inf
4.70447 inf
4.70545 inf
4.70643 inf
4.70741 inf
4.70839 inf
4.70937 inf
4.71035 inf
4.71133 inf
4.71231 inf
4.71329 inf
4.71427 inf
4.71525 inf
4.71623 inf
4.71721 inf
4.71819 inf
4.71917 inf
4.72015 inf
4.72113 inf
4.72211 inf
4.72309 inf
4.72408 inf
4.72506 inf
4.72604 inf
4.72701 inf
4.728 inf
4.72898 inf
4.72996 inf
4.73094 inf
4.73192 inf
4.7329 inf
4.73388 inf
4.73486 inf
4.73584 inf
4.73682 inf
4.7378 inf
4.73878 inf
4.73976 inf
4.74074 inf
4.74172 inf
4.7427 inf
4.74368 inf
4.74466 inf
4.74564 inf
4.74662 inf
4.7476 inf
4.74858 inf
4.74956 inf
4.75054 inf
4.75152 inf
4.7525 inf
4.75348 inf
4.75446 inf
4.75544 inf
4.75642 inf
4.7574 inf
4.75838 inf
4.75936 inf
4.76034 inf
4.76132 inf
4.7623 inf
4.76328 inf
4.76426 inf
4.76524 inf
4.76622 inf
4.7672 inf
4.76818 inf
4.76916 inf
4.77014 inf
4.77112 inf
4.7721 inf
4.77309 inf
4.77407 inf
4.77505 inf
4.77602 inf
4.777 inf
4.77799 inf
4.77897 inf
4.77995 inf
4.78093 inf
4.78191 inf
4.78289 inf
4.78387 inf
4.78485 inf
4.78583 inf
4.78681 inf
4.78779 inf
4.78877 inf
4.78975 inf
4.79073 inf
4.79171 inf
4.79269 inf
4.79367 inf
4.79465 inf
4.79563 inf
4.79661 inf
4.79759 inf
4.79857 inf
4.79955 inf
4.80053 inf
4.80151 inf
4.80249 inf
4.80347 inf
4.80445 inf
4.80543 inf
4.80641 inf
4.80739 inf
4.80837 inf
4.80935 inf
4.81033 inf
4.81131 inf
4.81229 inf
4.81327 inf
4.81425 inf
4.81523 inf
4.81621 inf
4.81719 inf
4.81817 inf
4.81915 inf
4.82013 inf
4.82111 inf
4.82209 inf
4.82308 inf
4.82406 inf
4.82503 inf
4.82601 inf
4.827 inf
4.82798 inf
4.82896 inf
4.82994 inf
4.83092 inf
4.8319 inf
4.83288 inf
4.83386 inf
4.83484 inf
4.83582 inf
4.8368 inf
4.83778 inf
4.83876 inf
4.83974 inf
4.84072 inf
4.8417 inf
4.84268 inf
4.84366 inf
4.84464 inf
4.84562 inf
4.8466 inf
4.84758 inf
4.84856 inf
4.84954 inf
4.85052 inf
4.8515 inf
4.85248 inf
4.85346 inf
4.85444 inf
4.85542 inf
4.8564 inf
4.85738 inf
4.85836 inf
4.85934 inf
4.86032 inf
4.8613 inf
4.86228 inf
4.86326 inf
4.86424 inf
4.86522 inf
4.8662 inf
4.86718 inf
4.86816 inf
4.86914 inf
4.87012 inf
4.8711 inf
4.87208 inf
4.87307 inf
4.87404 inf
4.87502 inf
4.87601 inf
4.87699 inf
4.87797 inf
4.87895 inf
4.87993 inf
4.88091 inf
4.88189 inf
4.88287 inf
4.88385 inf
4.88483 inf
4.88581 inf
4.88679 inf
4.88777 inf
4.88875 inf
4.88973 inf
4.89071 inf
4.89169 inf
4.89267 inf
4.89365 inf
4.89463 inf
4.89561 inf
4.89659 inf
4.89757 inf
4.89855 inf
4.89953 inf
4.90051 inf
4.90149 inf
4.90247 inf
4.90345 inf
4.90443 inf
4.90541 inf
4.90639 inf
4.90737 inf
4.90835 inf
4.90933 inf
4.91031 inf
4.91129 inf
4.91227 inf
4.91325 inf
4.91423 inf
4.91521 inf
4.91619 inf
4.91717 inf
4.91815 inf
4.91913 inf
4.92011 inf
4.92109 inf
4.92207 inf
4.92305 inf
4.92403 inf
4.92502 inf
4.926 inf
4.92697 inf
4.92796 inf
4.92894 inf
4.92992 inf
4.9309 inf
4.93188 inf
4.93286 inf
4.93384 inf
4.93482 inf
4.9358 inf
4.93678 inf
4.93776 inf
4.93874 inf
4.93972 inf
4.9407 inf
4.94168 inf
4.94266 inf
4.94364 inf
4.94462 inf
4.9456 inf
4.94658 inf
4.94756 inf
4.94854 inf
4.94952 inf
4.9505 inf
4.95148 inf
4.95246 inf
4.95344 inf
4.95442 inf
4.9554 inf
4.95638 inf
4.95736 inf
4.95834 inf
4.95932 inf
4.9603 inf
4.96128 inf
4.96226 inf
4.96324 inf
4.96422 inf
4.9652 inf
4.96618 inf
4.96716 inf
4.96814 inf
4.96912 inf
4.9701 inf
4.97108 inf
4.97206 inf
4.97304 inf
4.97403 inf
4.97501 inf
4.97598 inf
4.97696 inf
4.97795 inf
4.97893 inf
4.97991 inf
4.98089 inf
4.98187 inf
4.98285 inf
4.98383 inf
4.98481 inf
4.98579 inf
4.98677 inf
4.98775 inf
4.98873 inf
4.98971 inf
4.99069 inf
4.99167 inf
4.99265 inf
4.99363 inf
4.99461 inf
4.99559 inf
4.99657 inf
4.99755 inf
4.99853 inf
4.99951 inf
