# Generated by Dust Drift Simulation (Date: Jan 23 2026 08:54:11)
# Time: 2.000912e+03 years
#--------------------------------------------------------------------------
# Radius_AU       GasSurfDensity  GasPressure     GasPressureDeriv
#--------------------------------------------------------------------------
1.000000e+00    3.3279e-06      6.638195e-08      -7.628606e-08
1.049049e+00    3.2495e-06      5.889857e-08      -1.410878e-07
1.098098e+00    3.17618e-06     5.254150e-08      -1.202488e-07
1.147147e+00    3.10743e-06     4.710238e-08      -1.031981e-07
1.196196e+00    3.04281e-06     4.241796e-08      -8.912983e-08
1.245245e+00    2.98192e-06     3.835892e-08      -7.743340e-08
1.294294e+00    2.92441e-06     3.482189e-08      -6.764054e-08
1.343343e+00    2.86995e-06     3.172351e-08      -5.938788e-08
1.392392e+00    2.81826e-06     2.899605e-08      -5.239089e-08
1.441441e+00    2.76908e-06     2.658406e-08      -4.642482e-08
1.490490e+00    2.72215e-06     2.444186e-08      -4.131120e-08
1.539540e+00    2.67727e-06     2.253151e-08      -3.690588e-08
1.588589e+00    2.63423e-06     2.082147e-08      -3.309314e-08
1.637638e+00    2.59286e-06     1.928514e-08      -2.977956e-08
1.686687e+00    2.55297e-06     1.790015e-08      -2.688759e-08
1.735736e+00    2.51441e-06     1.664752e-08      -2.435353e-08
1.784785e+00    2.47705e-06     1.551111e-08      -2.212441e-08
1.833834e+00    2.44075e-06     1.447716e-08      -2.015579e-08
1.882883e+00    2.40541e-06     1.353387e-08      -1.841009e-08
1.931932e+00    2.37094e-06     1.267116e-08      -1.685524e-08
1.980981e+00    2.33729e-06     1.188040e-08      -1.546364e-08
2.030030e+00    2.30443e-06     1.115421e-08      -1.421139e-08
2.079079e+00    2.2724e-06      1.048629e-08      -1.307771e-08
2.128128e+00    2.24125e-06     9.871310e-09      -1.204460e-08
2.177177e+00    2.21112e-06     9.304740e-09      -1.109659e-08
2.226226e+00    2.18217e-06     8.782756e-09      -1.022072e-08
2.275275e+00    2.15465e-06     8.302106e-09      -9.406594e-09
2.324324e+00    2.1288e-06      7.859987e-09      -8.646443e-09
2.373373e+00    2.10492e-06     7.453907e-09      -7.935260e-09
2.422422e+00    2.08328e-06     7.081553e-09      -7.270798e-09
2.471471e+00    2.06411e-06     6.740655e-09      -6.653409e-09
2.520521e+00    2.04755e-06     6.428866e-09      -6.085721e-09
2.569570e+00    2.03361e-06     6.143658e-09      -5.571876e-09
2.618619e+00    2.02213e-06     5.882276e-09      -5.116501e-09
2.667668e+00    2.01278e-06     5.641739e-09      -4.723511e-09
2.716717e+00    2.00503e-06     5.418908e-09      -4.394683e-09
2.765766e+00    1.99821e-06     5.210629e-09      -4.128429e-09
2.814815e+00    1.99158e-06     5.013917e-09      -3.919050e-09
2.863864e+00    1.98439e-06     4.826177e-09      -3.756792e-09
2.912913e+00    1.97604e-06     4.645383e-09      -3.628864e-09
2.961962e+00    1.9661e-06      4.470193e-09      -3.521310e-09
3.011011e+00    1.95438e-06     4.299949e-09      -3.421235e-09
3.060060e+00    1.94093e-06     4.134576e-09      -3.318730e-09
3.109109e+00    1.92603e-06     3.974388e-09      -3.207914e-09
3.158158e+00    1.91002e-06     3.819886e-09      -3.086933e-09
3.207207e+00    1.89333e-06     3.671566e-09      -2.957045e-09
3.256256e+00    1.87632e-06     3.529805e-09      -2.821375e-09
3.305305e+00    1.85933e-06     3.394794e-09      -2.683558e-09
3.354354e+00    1.84258e-06     3.266553e-09      -2.546924e-09
3.403403e+00    1.82625e-06     3.144946e-09      -2.414163e-09
3.452452e+00    1.81042e-06     3.029728e-09      -2.286987e-09
3.501502e+00    1.79515e-06     2.920597e-09      -2.166684e-09
3.550551e+00    1.78044e-06     2.817181e-09      -2.053664e-09
3.599600e+00    1.76628e-06     2.719137e-09      -1.947846e-09
3.648649e+00    1.75265e-06     2.626101e-09      -1.849144e-09
3.697698e+00    1.73952e-06     2.537739e-09      -1.757129e-09
3.746747e+00    1.72685e-06     2.453730e-09      -1.671446e-09
3.795796e+00    1.71461e-06     2.373773e-09      -1.591637e-09
3.844845e+00    1.70275e-06     2.297593e-09      -1.517115e-09
3.893894e+00    1.69125e-06     2.224947e-09      -1.447428e-09
3.942943e+00    1.68008e-06     2.155603e-09      -1.382168e-09
3.991992e+00    1.66922e-06     2.089359e-09      -1.321075e-09
4.041041e+00    1.65862e-06     2.026008e-09      -1.263692e-09
4.090090e+00    1.6483e-06      1.965393e-09      -1.209606e-09
4.139139e+00    1.63821e-06     1.907348e-09      -1.158870e-09
4.188188e+00    1.62834e-06     1.851710e-09      -1.110913e-09
4.237237e+00    1.61869e-06     1.798370e-09      -1.065513e-09
4.286286e+00    1.60924e-06     1.747186e-09      -1.022800e-09
4.335335e+00    1.59997e-06     1.698035e-09      -9.822751e-10
4.384384e+00    1.59088e-06     1.650826e-09      -9.437806e-10
4.433433e+00    1.58197e-06     1.605452e-09      -9.073813e-10
4.482482e+00    1.57321e-06     1.561814e-09      -8.727514e-10
4.531532e+00    1.56461e-06     1.519837e-09      -8.398575e-10
4.580581e+00    1.55616e-06     1.479425e-09      -8.086888e-10
4.629630e+00    1.54785e-06     1.440506e-09      -7.788711e-10
4.678679e+00    1.53968e-06     1.403020e-09      -7.504984e-10
4.727728e+00    1.53164e-06     1.366884e-09      -7.234910e-10
4.776777e+00    1.52373e-06     1.332047e-09      -6.976782e-10
4.825826e+00    1.51595e-06     1.298443e-09      -6.731665e-10
4.874875e+00    1.50829e-06     1.266010e-09      -6.497144e-10
4.923924e+00    1.50074e-06     1.234707e-09      -6.272616e-10
4.972973e+00    1.49331e-06     1.204477e-09      -6.058388e-10
5.022022e+00    1.48599e-06     1.175275e-09      -5.853102e-10
5.071071e+00    1.47879e-06     1.147059e-09      -5.657074e-10
5.120120e+00    1.47168e-06     1.119781e-09      -5.469830e-10
5.169169e+00    1.46467e-06     1.093401e-09      -5.290153e-10
5.218218e+00    1.45777e-06     1.067885e-09      -5.117671e-10
5.267267e+00    1.45097e-06     1.043198e-09      -4.952750e-10
5.316316e+00    1.44425e-06     1.019300e-09      -4.795021e-10
5.365365e+00    1.43763e-06     9.961597e-10      -4.642728e-10
5.414414e+00    1.43111e-06     9.737554e-10      -4.496978e-10
5.463463e+00    1.42467e-06     9.520452e-10      -4.358187e-10
5.512513e+00    1.41831e-06     9.310024e-10      -4.223288e-10
5.561562e+00    1.41205e-06     9.106155e-10      -4.094040e-10
5.610611e+00    1.40585e-06     8.908406e-10      -3.970300e-10
5.659660e+00    1.39975e-06     8.716676e-10      -3.851094e-10
5.708709e+00    1.39372e-06     8.530621e-10      -3.736873e-10
5.757758e+00    1.38777e-06     8.350096e-10      -3.626170e-10
5.806807e+00    1.3819e-06      8.174901e-10      -3.520039e-10
5.855856e+00    1.3761e-06      8.004787e-10      -3.418277e-10
5.904905e+00    1.37037e-06     7.839574e-10      -3.320101e-10
5.953954e+00    1.36471e-06     7.679091e-10      -3.224797e-10
6.003003e+00    1.35913e-06     7.523228e-10      -3.133354e-10
6.052052e+00    1.35361e-06     7.371715e-10      -3.045625e-10
6.101101e+00    1.34816e-06     7.224458e-10      -2.960882e-10
6.150150e+00    1.34277e-06     7.081258e-10      -2.879017e-10
6.199199e+00    1.33745e-06     6.942032e-10      -2.799898e-10
6.248248e+00    1.33219e-06     6.806594e-10      -2.723940e-10
6.297297e+00    1.32699e-06     6.674818e-10      -2.650495e-10
6.346346e+00    1.32185e-06     6.546585e-10      -2.579460e-10
6.395395e+00    1.31677e-06     6.421778e-10      -2.510741e-10
6.444444e+00    1.31175e-06     6.300286e-10      -2.444248e-10
6.493493e+00    1.30679e-06     6.182002e-10      -2.380385e-10
6.542543e+00    1.30188e-06     6.066775e-10      -2.318545e-10
6.591592e+00    1.29703e-06     5.954557e-10      -2.258636e-10
6.640641e+00    1.29223e-06     5.845207e-10      -2.201087e-10
6.689690e+00    1.28748e-06     5.738635e-10      -2.144882e-10
6.738739e+00    1.28279e-06     5.634798e-10      -2.090853e-10
6.787788e+00    1.27814e-06     5.533526e-10      -2.038495e-10
6.836837e+00    1.27355e-06     5.434826e-10      -1.987295e-10
6.885886e+00    1.26901e-06     5.338576e-10      -1.938500e-10
6.934935e+00    1.26451e-06     5.244663e-10      -1.891176e-10
6.983984e+00    1.26006e-06     5.153056e-10      -1.844847e-10
7.033033e+00    1.25566e-06     5.063687e-10      -1.799894e-10
7.082082e+00    1.25131e-06     4.976489e-10      -1.756669e-10
7.131131e+00    1.247e-06       4.891361e-10      -1.715108e-10
7.180180e+00    1.24273e-06     4.808241e-10      -1.674362e-10
7.229229e+00    1.23851e-06     4.727109e-10      -1.634787e-10
7.278278e+00    1.23433e-06     4.647871e-10      -1.596732e-10
7.327327e+00    1.23019e-06     4.570473e-10      -1.559760e-10
7.376376e+00    1.22609e-06     4.494862e-10      -1.523831e-10
7.425425e+00    1.22203e-06     4.420988e-10      -1.488549e-10
7.474474e+00    1.21802e-06     4.348838e-10      -1.454621e-10
7.523524e+00    1.21404e-06     4.278292e-10      -1.421986e-10
7.572573e+00    1.2101e-06      4.209344e-10      -1.389882e-10
7.621622e+00    1.2062e-06      4.141947e-10      -1.358670e-10
7.670671e+00    1.20234e-06     4.076061e-10      -1.328650e-10
7.719720e+00    1.19851e-06     4.011609e-10      -1.299109e-10
7.768769e+00    1.19473e-06     3.948621e-10      -1.270687e-10
7.817818e+00    1.19097e-06     3.886957e-10      -1.243364e-10
7.866867e+00    1.18725e-06     3.826649e-10      -1.216107e-10
7.915916e+00    1.18357e-06     3.767660e-10      -1.189892e-10
7.964965e+00    1.17992e-06     3.709923e-10      -1.164684e-10
8.014014e+00    1.1763e-06      3.653406e-10      -1.139819e-10
8.063063e+00    1.17272e-06     3.598109e-10      -1.115596e-10
8.112112e+00    1.16917e-06     3.543969e-10      -1.092305e-10
8.161161e+00    1.16565e-06     3.490956e-10      -1.069609e-10
8.210210e+00    1.16216e-06     3.439042e-10      -1.047192e-10
8.259259e+00    1.15871e-06     3.388228e-10      -1.025635e-10
8.308308e+00    1.15528e-06     3.338429e-10      -1.004626e-10
8.357357e+00    1.15189e-06     3.289676e-10      -9.841348e-11
8.406406e+00    1.14852e-06     3.241887e-10      -9.641597e-11
8.455455e+00    1.14519e-06     3.195094e-10      -9.446796e-11
8.504505e+00    1.14188e-06     3.149216e-10      -9.259543e-11
8.553554e+00    1.1386e-06      3.104260e-10      -9.073998e-11
8.602603e+00    1.13535e-06     3.060202e-10      -8.893043e-11
8.651652e+00    1.13213e-06     3.017021e-10      -8.719149e-11
8.700701e+00    1.12893e-06     2.974669e-10      -8.549448e-11
8.749750e+00    1.12576e-06     2.933152e-10      -8.381141e-11
8.798799e+00    1.12262e-06     2.892451e-10      -8.219435e-11
8.847848e+00    1.1195e-06      2.852521e-10      -8.061570e-11
8.896897e+00    1.11641e-06     2.813369e-10      -7.904848e-11
8.945946e+00    1.11335e-06     2.774976e-10      -7.754314e-11
8.994995e+00    1.11031e-06     2.737300e-10      -7.609784e-11
9.044044e+00    1.10729e-06     2.700325e-10      -7.466117e-11
9.093093e+00    1.1043e-06      2.664059e-10      -7.323303e-11
9.142142e+00    1.10134e-06     2.628485e-10      -7.188576e-11
9.191191e+00    1.09839e-06     2.593541e-10      -7.054576e-11
9.240240e+00    1.09548e-06     2.559281e-10      -6.923537e-11
9.289289e+00    1.09258e-06     2.525622e-10      -6.797851e-11
9.338338e+00    1.08971e-06     2.492596e-10      -6.672621e-11
9.387387e+00    1.08686e-06     2.460165e-10      -6.552488e-11
9.436436e+00    1.08403e-06     2.428317e-10      -6.435006e-11
9.485485e+00    1.08122e-06     2.397039e-10      -6.317926e-11
9.534535e+00    1.07844e-06     2.366339e-10      -6.205558e-11
9.583584e+00    1.07567e-06     2.336163e-10      -6.095630e-11
9.632633e+00    1.07293e-06     2.306542e-10      -5.985927e-11
9.681682e+00    1.07021e-06     2.277443e-10      -5.880770e-11
9.730731e+00    1.06751e-06     2.248853e-10      -5.777871e-11
9.779780e+00    1.06483e-06     2.220763e-10      -5.677170e-11
9.828829e+00    1.06217e-06     2.193161e-10      -5.578611e-11
9.877878e+00    1.05953e-06     2.166038e-10      -5.482138e-11
9.926927e+00    1.05691e-06     2.139382e-10      -5.387700e-11
9.975976e+00    1.05431e-06     2.113185e-10      -5.297472e-11
1.002503e+01    1.05172e-06     2.087415e-10      -5.206544e-11
1.007407e+01    1.04916e-06     2.062110e-10      -5.115695e-11
1.012312e+01    1.04662e-06     2.037231e-10      -5.031267e-11
1.017217e+01    1.04409e-06     2.012754e-10      -4.948168e-11
1.022122e+01    1.04158e-06     1.988691e-10      -4.864817e-11
1.027027e+01    1.03909e-06     1.965031e-10      -4.783169e-11
1.031932e+01    1.03662e-06     1.941769e-10      -4.705067e-11
1.036837e+01    1.03416e-06     1.918876e-10      -4.626683e-11
1.041742e+01    1.03173e-06     1.896382e-10      -4.549847e-11
1.046647e+01    1.02931e-06     1.874243e-10      -4.478254e-11
1.051552e+01    1.0269e-06      1.852451e-10      -4.404080e-11
1.056456e+01    1.02452e-06     1.831039e-10      -4.331702e-11
1.061361e+01    1.02215e-06     1.809958e-10      -4.264713e-11
1.066266e+01    1.01979e-06     1.789203e-10      -4.196902e-11
1.071171e+01    1.01745e-06     1.768787e-10      -4.128641e-11
1.076076e+01    1.01513e-06     1.748702e-10      -4.061718e-11
1.080981e+01    1.01283e-06     1.728942e-10      -3.997823e-11
1.085886e+01    1.01054e-06     1.709484e-10      -3.936877e-11
1.090791e+01    1.00826e-06     1.690322e-10      -3.875396e-11
1.095696e+01    1.006e-06       1.671467e-10      -3.813399e-11
1.100601e+01    1.00376e-06     1.652914e-10      -3.754250e-11
1.105506e+01    1.00153e-06     1.634639e-10      -3.696762e-11
1.110410e+01    9.99315e-07     1.616649e-10      -3.639826e-11
1.115315e+01    9.97115e-07     1.598933e-10      -3.584254e-11
1.120220e+01    9.9493e-07      1.581488e-10      -3.529586e-11
1.125125e+01    9.92759e-07     1.564308e-10      -3.476095e-11
1.130030e+01    9.90602e-07     1.547388e-10      -3.423594e-11
1.134935e+01    9.88459e-07     1.530724e-10      -3.372061e-11
1.139840e+01    9.8633e-07      1.514309e-10      -3.321474e-11
1.144745e+01    9.84215e-07     1.498140e-10      -3.271965e-11
1.149650e+01    9.82113e-07     1.482212e-10      -3.223359e-11
1.154555e+01    9.80025e-07     1.466520e-10      -3.175378e-11
1.159459e+01    9.7795e-07      1.451062e-10      -3.128668e-11
1.164364e+01    9.75888e-07     1.435828e-10      -3.083053e-11
1.169269e+01    9.73839e-07     1.420818e-10      -3.038146e-11
1.174174e+01    9.71802e-07     1.406025e-10      -2.993894e-11
1.179079e+01    9.69779e-07     1.391448e-10      -2.950426e-11
1.183984e+01    9.67768e-07     1.377082e-10      -2.907872e-11
1.188889e+01    9.6577e-07      1.362923e-10      -2.866067e-11
1.193794e+01    9.63784e-07     1.348966e-10      -2.825137e-11
1.198699e+01    9.6181e-07      1.335208e-10      -2.784921e-11
1.203604e+01    9.59848e-07     1.321646e-10      -2.745404e-11
1.208509e+01    9.57898e-07     1.308277e-10      -2.706354e-11
1.213413e+01    9.5596e-07      1.295098e-10      -2.668195e-11
1.218318e+01    9.54034e-07     1.282102e-10      -2.631045e-11
1.223223e+01    9.52119e-07     1.269288e-10      -2.594315e-11
1.228128e+01    9.50216e-07     1.256652e-10      -2.558209e-11
1.233033e+01    9.48324e-07     1.244192e-10      -2.522717e-11
1.237938e+01    9.46444e-07     1.231905e-10      -2.487957e-11
1.242843e+01    9.44574e-07     1.219786e-10      -2.453783e-11
1.247748e+01    9.42716e-07     1.207834e-10      -2.420181e-11
1.252653e+01    9.40868e-07     1.196044e-10      -2.387142e-11
1.257558e+01    9.39032e-07     1.184416e-10      -2.354462e-11
1.262462e+01    9.37206e-07     1.172947e-10      -2.322641e-11
1.267367e+01    9.35391e-07     1.161632e-10      -2.291535e-11
1.272272e+01    9.33586e-07     1.150468e-10      -2.260876e-11
1.277177e+01    9.31791e-07     1.139453e-10      -2.230596e-11
1.282082e+01    9.30007e-07     1.128586e-10      -2.200810e-11
1.286987e+01    9.28233e-07     1.117863e-10      -2.171509e-11
1.291892e+01    9.2647e-07      1.107284e-10      -2.142804e-11
1.296797e+01    9.24716e-07     1.096843e-10      -2.114683e-11
1.301702e+01    9.22972e-07     1.086539e-10      -2.086894e-11
1.306607e+01    9.21238e-07     1.076371e-10      -2.059551e-11
1.311512e+01    9.19514e-07     1.066336e-10      -2.032598e-11
1.316416e+01    9.17799e-07     1.056432e-10      -2.006238e-11
1.321321e+01    9.16094e-07     1.046655e-10      -1.980458e-11
1.326226e+01    9.14398e-07     1.037004e-10      -1.954922e-11
1.331131e+01    9.12712e-07     1.027477e-10      -1.929788e-11
1.336036e+01    9.11035e-07     1.018073e-10      -1.905161e-11
1.340941e+01    9.09367e-07     1.008788e-10      -1.880807e-11
1.345846e+01    9.07709e-07     9.996224e-11      -1.856942e-11
1.350751e+01    9.06059e-07     9.905718e-11      -1.833449e-11
1.355656e+01    9.04419e-07     9.816366e-11      -1.810317e-11
1.360561e+01    9.02787e-07     9.728129e-11      -1.787507e-11
1.365465e+01    9.01164e-07     9.641015e-11      -1.765082e-11
1.370370e+01    8.9955e-07      9.554978e-11      -1.743251e-11
1.375275e+01    8.97944e-07     9.470005e-11      -1.721609e-11
1.380180e+01    8.96347e-07     9.386091e-11      -1.700189e-11
1.385085e+01    8.94759e-07     9.303220e-11      -1.679199e-11
1.389990e+01    8.93179e-07     9.221365e-11      -1.658630e-11
1.394895e+01    8.91607e-07     9.140512e-11      -1.638266e-11
1.399800e+01    8.90044e-07     9.060654e-11      -1.618308e-11
1.404705e+01    8.88488e-07     8.981759e-11      -1.598650e-11
1.409610e+01    8.86941e-07     8.903830e-11      -1.579180e-11
1.414515e+01    8.85402e-07     8.826844e-11      -1.559975e-11
1.419419e+01    8.83871e-07     8.750799e-11      -1.541179e-11
1.424324e+01    8.82348e-07     8.675657e-11      -1.522884e-11
1.429229e+01    8.80832e-07     8.601407e-11      -1.504633e-11
1.434134e+01    8.79325e-07     8.528056e-11      -1.486648e-11
1.439039e+01    8.77825e-07     8.455570e-11      -1.469024e-11
1.443944e+01    8.76333e-07     8.383947e-11      -1.451654e-11
1.448849e+01    8.74848e-07     8.313165e-11      -1.434536e-11
1.453754e+01    8.73371e-07     8.243222e-11      -1.417664e-11
1.458659e+01    8.71901e-07     8.174095e-11      -1.401035e-11
1.463564e+01    8.70439e-07     8.105783e-11      -1.384532e-11
1.468468e+01    8.68984e-07     8.038275e-11      -1.368376e-11
1.473373e+01    8.67537e-07     7.971548e-11      -1.352654e-11
1.478278e+01    8.66096e-07     7.905583e-11      -1.337044e-11
1.483183e+01    8.64663e-07     7.840386e-11      -1.321562e-11
1.488088e+01    8.63237e-07     7.775940e-11      -1.306390e-11
1.492993e+01    8.61818e-07     7.712232e-11      -1.291521e-11
1.497898e+01    8.60405e-07     7.649244e-11      -1.276770e-11
1.502803e+01    8.59e-07        7.586983e-11      -1.262135e-11
1.507708e+01    8.57602e-07     7.525431e-11      -1.247881e-11
1.512613e+01    8.5621e-07      7.464569e-11      -1.233825e-11
1.517518e+01    8.54825e-07     7.404395e-11      -1.219776e-11
1.522422e+01    8.53447e-07     7.344911e-11      -1.206019e-11
1.527327e+01    8.52076e-07     7.286087e-11      -1.192636e-11
1.532232e+01    8.50711e-07     7.227915e-11      -1.179424e-11
1.537137e+01    8.49352e-07     7.170388e-11      -1.166221e-11
1.542042e+01    8.48001e-07     7.113511e-11      -1.153282e-11
1.546947e+01    8.46655e-07     7.057253e-11      -1.140603e-11
1.551852e+01    8.45316e-07     7.001620e-11      -1.128011e-11
1.556757e+01    8.43983e-07     6.946597e-11      -1.115588e-11
1.561662e+01    8.42657e-07     6.892183e-11      -1.103332e-11
1.566567e+01    8.41337e-07     6.838362e-11      -1.091235e-11
1.571471e+01    8.40023e-07     6.785135e-11      -1.079387e-11
1.576376e+01    8.38715e-07     6.732477e-11      -1.067784e-11
1.581281e+01    8.37413e-07     6.680388e-11      -1.056247e-11
1.586186e+01    8.36117e-07     6.628861e-11      -1.044862e-11
1.591091e+01    8.34827e-07     6.577889e-11      -1.033547e-11
1.595996e+01    8.33544e-07     6.527472e-11      -1.022460e-11
1.600901e+01    8.32266e-07     6.477587e-11      -1.011598e-11
1.605806e+01    8.30994e-07     6.428236e-11      -1.000877e-11
1.610711e+01    8.29727e-07     6.379403e-11      -9.902182e-12
1.615616e+01    8.28467e-07     6.331097e-11      -9.796965e-12
1.620521e+01    8.27212e-07     6.283297e-11      -9.693104e-12
1.625425e+01    8.25963e-07     6.236010e-11      -9.590595e-12
1.630330e+01    8.2472e-07      6.189215e-11      -9.490947e-12
1.635235e+01    8.23482e-07     6.142905e-11      -9.391798e-12
1.640140e+01    8.2225e-07      6.097083e-11      -9.293911e-12
1.645045e+01    8.21023e-07     6.051734e-11      -9.197276e-12
1.649950e+01    8.19802e-07     6.006860e-11      -9.101863e-12
1.654855e+01    8.18586e-07     5.962446e-11      -9.007664e-12
1.659760e+01    8.17376e-07     5.918496e-11      -8.915381e-12
1.664665e+01    8.1617e-07      5.874988e-11      -8.823539e-12
1.669570e+01    8.14971e-07     5.831939e-11      -8.732133e-12
1.674474e+01    8.13776e-07     5.789328e-11      -8.643307e-12
1.679379e+01    8.12587e-07     5.747150e-11      -8.555571e-12
1.684284e+01    8.11403e-07     5.705399e-11      -8.468939e-12
1.689189e+01    8.10224e-07     5.664071e-11      -8.383380e-12
1.694094e+01    8.0905e-07      5.623160e-11      -8.298177e-12
1.698999e+01    8.07882e-07     5.582667e-11      -8.214722e-12
1.703904e+01    8.06718e-07     5.542575e-11      -8.132994e-12
1.708809e+01    8.05559e-07     5.502884e-11      -8.050883e-12
1.713714e+01    8.04406e-07     5.463597e-11      -7.970460e-12
1.718619e+01    8.03257e-07     5.424696e-11      -7.891708e-12
1.723524e+01    8.02113e-07     5.386181e-11      -7.812599e-12
1.728428e+01    8.00974e-07     5.348055e-11      -7.735078e-12
1.733333e+01    7.9984e-07      5.310301e-11      -7.659127e-12
1.738238e+01    7.98711e-07     5.272921e-11      -7.584130e-12
1.743143e+01    7.97586e-07     5.235903e-11      -7.509375e-12
1.748048e+01    7.96467e-07     5.199255e-11      -7.436168e-12
1.752953e+01    7.95351e-07     5.162955e-11      -7.363847e-12
1.757858e+01    7.94241e-07     5.127017e-11      -7.291725e-12
1.762763e+01    7.93135e-07     5.091425e-11      -7.221115e-12
1.767668e+01    7.92034e-07     5.056180e-11      -7.150696e-12
1.772573e+01    7.90938e-07     5.021278e-11      -7.081181e-12
1.777477e+01    7.89846e-07     4.986715e-11      -7.013698e-12
1.782382e+01    7.88758e-07     4.952475e-11      -6.946944e-12
1.787287e+01    7.87675e-07     4.918566e-11      -6.880397e-12
1.792192e+01    7.86596e-07     4.884979e-11      -6.814633e-12
1.797097e+01    7.85522e-07     4.851716e-11      -6.749632e-12
1.802002e+01    7.84452e-07     4.818767e-11      -6.685391e-12
1.806907e+01    7.83387e-07     4.786134e-11      -6.621893e-12
1.811812e+01    7.82326e-07     4.753807e-11      -6.559748e-12
1.816717e+01    7.81269e-07     4.721784e-11      -6.497709e-12
1.821622e+01    7.80217e-07     4.690066e-11      -6.436988e-12
1.826527e+01    7.79168e-07     4.658638e-11      -6.376453e-12
1.831431e+01    7.78124e-07     4.627514e-11      -6.316517e-12
1.836336e+01    7.77084e-07     4.596674e-11      -6.257786e-12
1.841241e+01    7.76049e-07     4.566126e-11      -6.199802e-12
1.846146e+01    7.75017e-07     4.535856e-11      -6.143073e-12
1.851051e+01    7.73989e-07     4.505864e-11      -6.085805e-12
1.855956e+01    7.72966e-07     4.476155e-11      -6.029182e-12
1.860861e+01    7.71947e-07     4.446719e-11      -5.974365e-12
1.865766e+01    7.70931e-07     4.417548e-11      -5.919587e-12
1.870671e+01    7.6992e-07      4.388649e-11      -5.864841e-12
1.875576e+01    7.68913e-07     4.360015e-11      -5.811387e-12
1.880480e+01    7.67909e-07     4.331640e-11      -5.758431e-12
1.885385e+01    7.6691e-07      4.303525e-11      -5.706527e-12
1.890290e+01    7.65914e-07     4.275660e-11      -5.655299e-12
1.895195e+01    7.64922e-07     4.248048e-11      -5.604073e-12
1.900100e+01    7.63934e-07     4.220686e-11      -5.553412e-12
1.905005e+01    7.6295e-07      4.193570e-11      -5.503310e-12
1.909910e+01    7.6197e-07      4.166699e-11      -5.454311e-12
1.914815e+01    7.60993e-07     4.140064e-11      -5.405302e-12
1.919720e+01    7.60021e-07     4.113674e-11      -5.357369e-12
1.924625e+01    7.59051e-07     4.087510e-11      -5.309966e-12
1.929530e+01    7.58086e-07     4.061584e-11      -5.262102e-12
1.934434e+01    7.57124e-07     4.035889e-11      -5.215726e-12
1.939339e+01    7.56166e-07     4.010419e-11      -5.169739e-12
1.944244e+01    7.55212e-07     3.985175e-11      -5.124356e-12
1.949149e+01    7.54261e-07     3.960150e-11      -5.079465e-12
1.954054e+01    7.53314e-07     3.935347e-11      -5.035053e-12
1.958959e+01    7.5237e-07      3.910757e-11      -4.991117e-12
1.963864e+01    7.5143e-07      3.886385e-11      -4.947648e-12
1.968769e+01    7.50493e-07     3.862222e-11      -4.904644e-12
1.973674e+01    7.4956e-07      3.838271e-11      -4.861578e-12
1.978579e+01    7.48631e-07     3.814531e-11      -4.819608e-12
1.983483e+01    7.47704e-07     3.790992e-11      -4.777963e-12
1.988388e+01    7.46782e-07     3.767660e-11      -4.737140e-12
1.993293e+01    7.45862e-07     3.744521e-11      -4.696870e-12
1.998198e+01    7.44946e-07     3.721584e-11      -4.656009e-12
2.003103e+01    7.44034e-07     3.698847e-11      -4.616580e-12
2.008008e+01    7.43124e-07     3.676296e-11      -4.577567e-12
2.012913e+01    7.42218e-07     3.653942e-11      -4.537959e-12
2.017818e+01    7.41316e-07     3.631780e-11      -4.499753e-12
2.022723e+01    7.40416e-07     3.609800e-11      -4.461947e-12
2.027628e+01    7.3952e-07      3.588009e-11      -4.423545e-12
2.032533e+01    7.38628e-07     3.566406e-11      -4.386161e-12
2.037437e+01    7.37738e-07     3.544982e-11      -4.350004e-12
2.042342e+01    7.36851e-07     3.523733e-11      -4.313600e-12
2.047247e+01    7.35968e-07     3.502666e-11      -4.277211e-12
2.052152e+01    7.35088e-07     3.481774e-11      -4.241672e-12
2.057057e+01    7.34212e-07     3.461056e-11      -4.206016e-12
2.061962e+01    7.33339e-07     3.440514e-11      -4.171193e-12
2.066867e+01    7.32468e-07     3.420138e-11      -4.137193e-12
2.071772e+01    7.316e-07       3.399929e-11      -4.102589e-12
2.076677e+01    7.30736e-07     3.379892e-11      -4.068793e-12
2.081582e+01    7.29875e-07     3.360015e-11      -4.035004e-12
2.086486e+01    7.29017e-07     3.340309e-11      -4.001405e-12
2.091391e+01    7.28162e-07     3.320762e-11      -3.969383e-12
2.096296e+01    7.2731e-07      3.301370e-11      -3.936881e-12
2.101201e+01    7.26461e-07     3.282142e-11      -3.904680e-12
2.106106e+01    7.25615e-07     3.263066e-11      -3.872781e-12
2.111011e+01    7.24773e-07     3.244151e-11      -3.841167e-12
2.115916e+01    7.23933e-07     3.225385e-11      -3.809839e-12
2.120821e+01    7.23097e-07     3.206777e-11      -3.778776e-12
2.125726e+01    7.22264e-07     3.188316e-11      -3.748421e-12
2.130631e+01    7.21434e-07     3.170006e-11      -3.717867e-12
2.135536e+01    7.20607e-07     3.151844e-11      -3.687222e-12
2.140440e+01    7.19784e-07     3.133835e-11      -3.657102e-12
2.145345e+01    7.18964e-07     3.115969e-11      -3.627921e-12
2.150250e+01    7.18148e-07     3.098245e-11      -3.598148e-12
2.155155e+01    7.17336e-07     3.080672e-11      -3.568513e-12
2.160060e+01    7.16527e-07     3.063239e-11      -3.539416e-12
2.164965e+01    7.15722e-07     3.045951e-11      -3.509945e-12
2.169870e+01    7.14923e-07     3.028807e-11      -3.480913e-12
2.174775e+01    7.14127e-07     3.011804e-11      -3.451831e-12
2.179680e+01    7.13336e-07     2.994945e-11      -3.422255e-12
2.184585e+01    7.12552e-07     2.978232e-11      -3.392484e-12
2.189489e+01    7.11773e-07     2.961666e-11      -3.362355e-12
2.194394e+01    7.11002e-07     2.945248e-11      -3.332585e-12
2.199299e+01    7.10238e-07     2.928974e-11      -3.301845e-12
2.204204e+01    7.09484e-07     2.912858e-11      -3.269984e-12
2.209109e+01    7.0874e-07      2.896896e-11      -3.237583e-12
2.214014e+01    7.08009e-07     2.881097e-11      -3.203967e-12
2.218919e+01    7.07291e-07     2.865465e-11      -3.168831e-12
2.223824e+01    7.0659e-07      2.850012e-11      -3.131417e-12
2.228729e+01    7.05909e-07     2.834747e-11      -3.092073e-12
2.233634e+01    7.05251e-07     2.819679e-11      -3.050256e-12
2.238539e+01    7.0462e-07      2.804824e-11      -3.003622e-12
2.243443e+01    7.04024e-07     2.790214e-11      -2.953949e-12
2.248348e+01    7.03465e-07     2.775847e-11      -2.899417e-12
2.253253e+01    7.02955e-07     2.761772e-11      -2.837695e-12
2.258158e+01    7.02501e-07     2.748009e-11      -2.768802e-12
2.263063e+01    7.02116e-07     2.734610e-11      -2.690861e-12
2.267968e+01    7.01811e-07     2.721613e-11      -2.602426e-12
2.272873e+01    7.01604e-07     2.709081e-11      -2.500567e-12
2.277778e+01    7.01515e-07     2.697083e-11      -2.384074e-12
2.282683e+01    7.01564e-07     2.685693e-11      -2.251762e-12
2.287588e+01    7.01776e-07     2.674993e-11      -2.092909e-12
2.292492e+01    7.02197e-07     2.665162e-11      -1.914132e-12
2.297397e+01    7.02838e-07     2.656216e-11      -1.713642e-12
2.302302e+01    7.03753e-07     2.648352e-11      -1.479602e-12
2.307207e+01    7.0498e-07      2.641701e-11      -1.217760e-12
2.312112e+01    7.06561e-07     2.636406e-11      -9.284095e-13
2.317017e+01    7.08536e-07     2.632594e-11      -6.173156e-13
2.321922e+01    7.10933e-07     2.630350e-11      -2.972642e-13
2.326827e+01    7.13757e-07     2.629678e-11       8.272002e-15
2.331732e+01    7.16975e-07     2.630431e-11       2.613549e-13
2.336637e+01    7.2049e-07      2.632242e-11       4.074014e-13
2.341542e+01    7.24119e-07     2.634428e-11       3.860921e-13
2.346446e+01    7.27598e-07     2.636029e-11       1.002902e-13
2.351351e+01    7.30472e-07     2.635412e-11      -5.148681e-13
2.356256e+01    7.32288e-07     2.630978e-11      -1.464650e-12
2.361161e+01    7.32564e-07     2.621044e-11      -2.721250e-12
2.366066e+01    7.30907e-07     2.604283e-11      -4.178849e-12
2.370971e+01    7.27111e-07     2.580050e-11      -5.681144e-12
2.375876e+01    7.21209e-07     2.548552e-11      -7.055579e-12
2.380781e+01    7.13472e-07     2.510836e-11      -8.150942e-12
2.385686e+01    7.04362e-07     2.468593e-11      -8.865190e-12
2.390591e+01    6.94448e-07     2.423870e-11      -9.151399e-12
2.395495e+01    6.8434e-07      2.378820e-11      -9.036516e-12
2.400400e+01    6.74552e-07     2.335224e-11      -8.577971e-12
2.405305e+01    6.6555e-07      2.294671e-11      -7.847203e-12
2.410210e+01    6.57659e-07     2.258244e-11      -6.942035e-12
2.415115e+01    6.51077e-07     2.226571e-11      -5.950132e-12
2.420020e+01    6.45886e-07     2.199875e-11      -4.947003e-12
2.424925e+01    6.42071e-07     2.178042e-11      -3.991969e-12
2.429830e+01    6.39542e-07     2.160714e-11      -3.127246e-12
2.434735e+01    6.38159e-07     2.147365e-11      -2.379091e-12
2.439640e+01    6.37753e-07     2.137376e-11      -1.760101e-12
2.444545e+01    6.3814e-07      2.130098e-11      -1.270745e-12
2.449449e+01    6.39142e-07     2.124910e-11      -9.074575e-13
2.454354e+01    6.40583e-07     2.121196e-11      -6.583281e-13
2.459259e+01    6.42314e-07     2.118452e-11      -5.057158e-13
2.464164e+01    6.44204e-07     2.116235e-11      -4.347543e-13
2.469069e+01    6.46145e-07     2.114187e-11      -4.290483e-13
2.473974e+01    6.48052e-07     2.112026e-11      -4.731177e-13
2.478879e+01    6.4986e-07      2.109546e-11      -5.530282e-13
2.483784e+01    6.51523e-07     2.106601e-11      -6.567438e-13
2.488689e+01    6.53013e-07     2.103103e-11      -7.742604e-13
2.493594e+01    6.54312e-07     2.099006e-11      -8.972011e-13
2.498498e+01    6.55416e-07     2.094302e-11      -1.020213e-12
2.503403e+01    6.56326e-07     2.088998e-11      -1.138779e-12
2.508308e+01    6.5705e-07      2.083131e-11      -1.249049e-12
2.513213e+01    6.576e-07       2.076745e-11      -1.349527e-12
2.518118e+01    6.57991e-07     2.069892e-11      -1.439219e-12
2.523023e+01    6.58238e-07     2.062626e-11      -1.517833e-12
2.527928e+01    6.58357e-07     2.055002e-11      -1.585581e-12
2.532833e+01    6.58364e-07     2.047072e-11      -1.643021e-12
2.537738e+01    6.58273e-07     2.038885e-11      -1.690931e-12
2.542643e+01    6.58098e-07     2.030485e-11      -1.730206e-12
2.547548e+01    6.5785e-07      2.021912e-11      -1.761567e-12
2.552452e+01    6.57541e-07     2.013204e-11      -1.786390e-12
2.557357e+01    6.5718e-07      2.004388e-11      -1.805556e-12
2.562262e+01    6.56775e-07     1.995492e-11      -1.819443e-12
2.567167e+01    6.56335e-07     1.986539e-11      -1.829022e-12
2.572072e+01    6.55864e-07     1.977549e-11      -1.834953e-12
2.576977e+01    6.55368e-07     1.968539e-11      -1.837819e-12
2.581882e+01    6.54851e-07     1.959521e-11      -1.838123e-12
2.586787e+01    6.54318e-07     1.950507e-11      -1.836299e-12
2.591692e+01    6.53771e-07     1.941507e-11      -1.832714e-12
2.596597e+01    6.53213e-07     1.932528e-11      -1.827682e-12
2.601502e+01    6.52646e-07     1.923578e-11      -1.821277e-12
2.606406e+01    6.52073e-07     1.914662e-11      -1.814099e-12
2.611311e+01    6.51494e-07     1.905782e-11      -1.806330e-12
2.616216e+01    6.5091e-07      1.896942e-11      -1.797742e-12
2.621121e+01    6.50324e-07     1.888146e-11      -1.788655e-12
2.626026e+01    6.49735e-07     1.879396e-11      -1.779173e-12
2.630931e+01    6.49144e-07     1.870693e-11      -1.769382e-12
2.635836e+01    6.48553e-07     1.862039e-11      -1.759355e-12
2.640741e+01    6.47961e-07     1.853434e-11      -1.749149e-12
2.645646e+01    6.47368e-07     1.844880e-11      -1.738813e-12
2.650551e+01    6.46776e-07     1.836377e-11      -1.728212e-12
2.655455e+01    6.46184e-07     1.827926e-11      -1.717729e-12
2.660360e+01    6.45593e-07     1.819526e-11      -1.707390e-12
2.665265e+01    6.45003e-07     1.811177e-11      -1.696864e-12
2.670170e+01    6.44413e-07     1.802880e-11      -1.686345e-12
2.675075e+01    6.43825e-07     1.794634e-11      -1.675847e-12
2.679980e+01    6.43238e-07     1.786440e-11      -1.665382e-12
2.684885e+01    6.42652e-07     1.778297e-11      -1.654959e-12
2.689790e+01    6.42067e-07     1.770205e-11      -1.644586e-12
2.694695e+01    6.41484e-07     1.762164e-11      -1.634267e-12
2.699600e+01    6.40902e-07     1.754174e-11      -1.624009e-12
2.704505e+01    6.40321e-07     1.746233e-11      -1.613651e-12
2.709409e+01    6.39742e-07     1.738344e-11      -1.603524e-12
2.714314e+01    6.39164e-07     1.730503e-11      -1.593630e-12
2.719219e+01    6.38588e-07     1.722711e-11      -1.583641e-12
2.724124e+01    6.38013e-07     1.714968e-11      -1.573725e-12
2.729029e+01    6.3744e-07      1.707273e-11      -1.563881e-12
2.733934e+01    6.36868e-07     1.699626e-11      -1.554111e-12
2.738839e+01    6.36298e-07     1.692027e-11      -1.544415e-12
2.743744e+01    6.35729e-07     1.684476e-11      -1.534792e-12
2.748649e+01    6.35161e-07     1.676971e-11      -1.525242e-12
2.753554e+01    6.34596e-07     1.669513e-11      -1.515613e-12
2.758458e+01    6.34031e-07     1.662103e-11      -1.506211e-12
2.763363e+01    6.33468e-07     1.654738e-11      -1.497036e-12
2.768268e+01    6.32907e-07     1.647418e-11      -1.487779e-12
2.773173e+01    6.32347e-07     1.640143e-11      -1.478594e-12
2.778078e+01    6.31789e-07     1.632913e-11      -1.469481e-12
2.782983e+01    6.31232e-07     1.625728e-11      -1.460440e-12
2.787888e+01    6.30676e-07     1.618586e-11      -1.451469e-12
2.792793e+01    6.30122e-07     1.611489e-11      -1.442569e-12
2.797698e+01    6.2957e-07      1.604435e-11      -1.433738e-12
2.802603e+01    6.29018e-07     1.597424e-11      -1.424977e-12
2.807508e+01    6.28469e-07     1.590456e-11      -1.416141e-12
2.812412e+01    6.27921e-07     1.583532e-11      -1.407517e-12
2.817317e+01    6.27374e-07     1.576649e-11      -1.399104e-12
2.822222e+01    6.26828e-07     1.569807e-11      -1.390614e-12
2.827127e+01    6.26284e-07     1.563007e-11      -1.382189e-12
2.832032e+01    6.25742e-07     1.556248e-11      -1.373829e-12
2.836937e+01    6.25201e-07     1.549530e-11      -1.365534e-12
2.841842e+01    6.24661e-07     1.542853e-11      -1.357303e-12
2.846747e+01    6.24122e-07     1.536215e-11      -1.349136e-12
2.851652e+01    6.23585e-07     1.529618e-11      -1.341031e-12
2.856557e+01    6.2305e-07      1.523060e-11      -1.332853e-12
2.861461e+01    6.22516e-07     1.516543e-11      -1.324873e-12
2.866366e+01    6.21983e-07     1.510063e-11      -1.317090e-12
2.871271e+01    6.21451e-07     1.503622e-11      -1.309231e-12
2.876176e+01    6.20921e-07     1.497220e-11      -1.301432e-12
2.881081e+01    6.20392e-07     1.490856e-11      -1.293693e-12
2.885986e+01    6.19865e-07     1.484529e-11      -1.286012e-12
2.890891e+01    6.19339e-07     1.478240e-11      -1.278391e-12
2.895796e+01    6.18814e-07     1.471988e-11      -1.270827e-12
2.900701e+01    6.18291e-07     1.465774e-11      -1.263321e-12
2.905606e+01    6.17769e-07     1.459595e-11      -1.255872e-12
2.910511e+01    6.17248e-07     1.453454e-11      -1.248353e-12
2.915415e+01    6.16729e-07     1.447349e-11      -1.241017e-12
2.920320e+01    6.1621e-07      1.441280e-11      -1.233864e-12
2.925225e+01    6.15694e-07     1.435245e-11      -1.226638e-12
2.930130e+01    6.15178e-07     1.429246e-11      -1.219466e-12
2.935035e+01    6.14664e-07     1.423283e-11      -1.212349e-12
2.939940e+01    6.14151e-07     1.417354e-11      -1.205285e-12
2.944845e+01    6.13639e-07     1.411459e-11      -1.198274e-12
2.949750e+01    6.13129e-07     1.405599e-11      -1.191316e-12
2.954655e+01    6.1262e-07      1.399772e-11      -1.184409e-12
2.959560e+01    6.12112e-07     1.393980e-11      -1.177435e-12
2.964464e+01    6.11605e-07     1.388222e-11      -1.170631e-12
2.969369e+01    6.111e-07       1.382496e-11      -1.163998e-12
2.974274e+01    6.10596e-07     1.376803e-11      -1.157294e-12
2.979179e+01    6.10093e-07     1.371143e-11      -1.150639e-12
2.984084e+01    6.09591e-07     1.365516e-11      -1.144034e-12
2.988989e+01    6.09091e-07     1.359921e-11      -1.137477e-12
2.993894e+01    6.08592e-07     1.354357e-11      -1.130968e-12
2.998799e+01    6.08094e-07     1.348826e-11      -1.124506e-12
3.003704e+01    6.07597e-07     1.343326e-11      -1.118092e-12
3.008609e+01    6.07102e-07     1.337858e-11      -1.111724e-12
3.013514e+01    6.06607e-07     1.332420e-11      -1.105291e-12
3.018418e+01    6.06114e-07     1.327015e-11      -1.099016e-12
3.023323e+01    6.05622e-07     1.321639e-11      -1.092899e-12
3.028228e+01    6.05132e-07     1.316294e-11      -1.086715e-12
3.033133e+01    6.04642e-07     1.310979e-11      -1.080576e-12
3.038038e+01    6.04154e-07     1.305694e-11      -1.074481e-12
3.042943e+01    6.03667e-07     1.300438e-11      -1.068431e-12
3.047848e+01    6.03181e-07     1.295213e-11      -1.062424e-12
3.052753e+01    6.02696e-07     1.290016e-11      -1.056462e-12
3.057658e+01    6.02213e-07     1.284849e-11      -1.050542e-12
3.062563e+01    6.0173e-07      1.279711e-11      -1.044559e-12
3.067467e+01    6.01249e-07     1.274602e-11      -1.038725e-12
3.072372e+01    6.00769e-07     1.269521e-11      -1.033039e-12
3.077277e+01    6.0029e-07      1.264468e-11      -1.027288e-12
3.082182e+01    5.99812e-07     1.259443e-11      -1.021578e-12
3.087087e+01    5.99335e-07     1.254447e-11      -1.015909e-12
3.091992e+01    5.9886e-07      1.249478e-11      -1.010280e-12
3.096897e+01    5.98385e-07     1.244536e-11      -1.004692e-12
3.101802e+01    5.97912e-07     1.239622e-11      -9.991424e-13
3.106707e+01    5.9744e-07      1.234735e-11      -9.936323e-13
3.111612e+01    5.96969e-07     1.229874e-11      -9.881611e-13
3.116517e+01    5.96499e-07     1.225041e-11      -9.826287e-13
3.121421e+01    5.9603e-07      1.220235e-11      -9.772347e-13
3.126326e+01    5.95562e-07     1.215454e-11      -9.719782e-13
3.131231e+01    5.95096e-07     1.210700e-11      -9.666590e-13
3.136136e+01    5.9463e-07      1.205972e-11      -9.613772e-13
3.141041e+01    5.94166e-07     1.201269e-11      -9.561323e-13
3.145946e+01    5.93702e-07     1.196592e-11      -9.509243e-13
3.150851e+01    5.9324e-07      1.191941e-11      -9.457527e-13
3.155756e+01    5.92779e-07     1.187315e-11      -9.406173e-13
3.160661e+01    5.92319e-07     1.182713e-11      -9.355178e-13
3.165566e+01    5.91859e-07     1.178137e-11      -9.303595e-13
3.170470e+01    5.91402e-07     1.173587e-11      -9.253315e-13
3.175375e+01    5.90945e-07     1.169060e-11      -9.204327e-13
3.180280e+01    5.90489e-07     1.164558e-11      -9.154737e-13
3.185185e+01    5.90034e-07     1.160079e-11      -9.105490e-13
3.190090e+01    5.8958e-07      1.155625e-11      -9.056584e-13
3.194995e+01    5.89127e-07     1.151195e-11      -9.008014e-13
3.199900e+01    5.88676e-07     1.146789e-11      -8.959780e-13
3.204805e+01    5.88225e-07     1.142406e-11      -8.911876e-13
3.209710e+01    5.87775e-07     1.138046e-11      -8.864301e-13
3.214615e+01    5.87327e-07     1.133710e-11      -8.817053e-13
3.219520e+01    5.86879e-07     1.129397e-11      -8.769238e-13
3.224424e+01    5.86433e-07     1.125107e-11      -8.722639e-13
3.229329e+01    5.85987e-07     1.120840e-11      -8.677247e-13
3.234234e+01    5.85543e-07     1.116595e-11      -8.631277e-13
3.239139e+01    5.85099e-07     1.112373e-11      -8.585621e-13
3.244044e+01    5.84657e-07     1.108173e-11      -8.540274e-13
3.248949e+01    5.84215e-07     1.103995e-11      -8.495235e-13
3.253854e+01    5.83775e-07     1.099839e-11      -8.450502e-13
3.258759e+01    5.83335e-07     1.095705e-11      -8.406070e-13
3.263664e+01    5.82897e-07     1.091593e-11      -8.361938e-13
3.268569e+01    5.82459e-07     1.087502e-11      -8.317260e-13
3.273473e+01    5.82023e-07     1.083434e-11      -8.273724e-13
3.278378e+01    5.81587e-07     1.079386e-11      -8.231323e-13
3.283283e+01    5.81153e-07     1.075359e-11      -8.188364e-13
3.288188e+01    5.80719e-07     1.071353e-11      -8.145693e-13
3.293093e+01    5.80286e-07     1.067368e-11      -8.103307e-13
3.297998e+01    5.79855e-07     1.063404e-11      -8.061204e-13
3.302903e+01    5.79424e-07     1.059461e-11      -8.019382e-13
3.307808e+01    5.78994e-07     1.055537e-11      -7.977839e-13
3.312713e+01    5.78565e-07     1.051634e-11      -7.936571e-13
3.317618e+01    5.78137e-07     1.047752e-11      -7.895577e-13
3.322523e+01    5.7771e-07      1.043889e-11      -7.854059e-13
3.327427e+01    5.77285e-07     1.040047e-11      -7.813610e-13
3.332332e+01    5.7686e-07      1.036224e-11      -7.774224e-13
3.337237e+01    5.76436e-07     1.032421e-11      -7.734303e-13
3.342142e+01    5.76012e-07     1.028637e-11      -7.694644e-13
3.347047e+01    5.7559e-07      1.024872e-11      -7.655246e-13
3.351952e+01    5.75169e-07     1.021127e-11      -7.616106e-13
3.356857e+01    5.74748e-07     1.017401e-11      -7.577224e-13
3.361762e+01    5.74329e-07     1.013694e-11      -7.538596e-13
3.366667e+01    5.7391e-07      1.010006e-11      -7.500222e-13
3.371572e+01    5.73493e-07     1.006336e-11      -7.461342e-13
3.376476e+01    5.73076e-07     1.002686e-11      -7.423472e-13
3.381381e+01    5.7266e-07      9.990542e-12      -7.386606e-13
3.386286e+01    5.72246e-07     9.954403e-12      -7.349225e-13
3.391191e+01    5.71832e-07     9.918448e-12      -7.312088e-13
3.396096e+01    5.71418e-07     9.882673e-12      -7.275193e-13
3.401001e+01    5.71006e-07     9.847079e-12      -7.238537e-13
3.405906e+01    5.70595e-07     9.811665e-12      -7.202120e-13
3.410811e+01    5.70185e-07     9.776428e-12      -7.165937e-13
3.415716e+01    5.69775e-07     9.741368e-12      -7.129989e-13
3.420621e+01    5.69366e-07     9.706484e-12      -7.094272e-13
3.425526e+01    5.68959e-07     9.671775e-12      -7.058068e-13
3.430430e+01    5.68552e-07     9.637246e-12      -7.022812e-13
3.435335e+01    5.68146e-07     9.602882e-12      -6.988497e-13
3.440240e+01    5.67741e-07     9.568690e-12      -6.953686e-13
3.445145e+01    5.67336e-07     9.534668e-12      -6.919097e-13
3.450050e+01    5.66933e-07     9.500815e-12      -6.884728e-13
3.454955e+01    5.6653e-07      9.467130e-12      -6.850578e-13
3.459860e+01    5.66128e-07     9.433612e-12      -6.816644e-13
3.464765e+01    5.65728e-07     9.400260e-12      -6.782927e-13
3.469670e+01    5.65328e-07     9.367073e-12      -6.749423e-13
3.474575e+01    5.64928e-07     9.334049e-12      -6.715450e-13
3.479479e+01    5.6453e-07      9.301196e-12      -6.682373e-13
3.484384e+01    5.64133e-07     9.268497e-12      -6.650187e-13
3.489289e+01    5.63736e-07     9.235958e-12      -6.617524e-13
3.494194e+01    5.6334e-07      9.203580e-12      -6.585067e-13
3.499099e+01    5.62945e-07     9.171360e-12      -6.552816e-13
3.504004e+01    5.62551e-07     9.139298e-12      -6.520767e-13
3.508909e+01    5.62158e-07     9.107393e-12      -6.488920e-13
3.513814e+01    5.61765e-07     9.075643e-12      -6.457273e-13
3.518719e+01    5.61374e-07     9.044048e-12      -6.425825e-13
3.523624e+01    5.60983e-07     9.012607e-12      -6.394573e-13
3.528529e+01    5.60593e-07     8.981319e-12      -6.362871e-13
3.533433e+01    5.60204e-07     8.950188e-12      -6.332011e-13
3.538338e+01    5.59815e-07     8.919203e-12      -6.301988e-13
3.543243e+01    5.59427e-07     8.888367e-12      -6.271508e-13
3.548148e+01    5.59041e-07     8.857680e-12      -6.241217e-13
3.553053e+01    5.58655e-07     8.827142e-12      -6.211114e-13
3.557958e+01    5.58269e-07     8.796751e-12      -6.181198e-13
3.562863e+01    5.57885e-07     8.766506e-12      -6.151467e-13
3.567768e+01    5.57501e-07     8.736406e-12      -6.121920e-13
3.572673e+01    5.57119e-07     8.706451e-12      -6.092555e-13
3.577578e+01    5.56736e-07     8.676639e-12      -6.062756e-13
3.582482e+01    5.56355e-07     8.646976e-12      -6.033755e-13
3.587387e+01    5.55975e-07     8.617449e-12      -6.005547e-13
3.592292e+01    5.55595e-07     8.588063e-12      -5.976896e-13
3.597197e+01    5.55216e-07     8.558817e-12      -5.948421e-13
3.602102e+01    5.54838e-07     8.529710e-12      -5.920118e-13
3.607007e+01    5.54461e-07     8.500742e-12      -5.891988e-13
3.611912e+01    5.54084e-07     8.471911e-12      -5.864027e-13
3.616817e+01    5.53708e-07     8.443217e-12      -5.836236e-13
3.621722e+01    5.53333e-07     8.414658e-12      -5.808614e-13
3.626627e+01    5.52959e-07     8.386235e-12      -5.781158e-13
3.631532e+01    5.52585e-07     8.357946e-12      -5.753284e-13
3.636436e+01    5.52212e-07     8.329797e-12      -5.726162e-13
3.641341e+01    5.5184e-07      8.301774e-12      -5.699789e-13
3.646246e+01    5.51469e-07     8.273883e-12      -5.672992e-13
3.651151e+01    5.51099e-07     8.246123e-12      -5.646357e-13
3.656056e+01    5.50729e-07     8.218493e-12      -5.619884e-13
3.660961e+01    5.5036e-07      8.190993e-12      -5.593572e-13
3.665866e+01    5.49991e-07     8.163621e-12      -5.567419e-13
3.670771e+01    5.49624e-07     8.136377e-12      -5.541424e-13
3.675676e+01    5.49257e-07     8.109261e-12      -5.515586e-13
3.680581e+01    5.48891e-07     8.082271e-12      -5.489347e-13
3.685485e+01    5.48526e-07     8.055411e-12      -5.463823e-13
3.690390e+01    5.48161e-07     8.028672e-12      -5.439008e-13
3.695295e+01    5.47797e-07     8.002056e-12      -5.413787e-13
3.700200e+01    5.47434e-07     7.975563e-12      -5.388715e-13
3.705105e+01    5.47071e-07     7.949193e-12      -5.363794e-13
3.710010e+01    5.4671e-07      7.922946e-12      -5.339021e-13
3.714915e+01    5.46349e-07     7.896819e-12      -5.314395e-13
3.719820e+01    5.45988e-07     7.870812e-12      -5.289914e-13
3.724725e+01    5.45629e-07     7.844926e-12      -5.265578e-13
3.729630e+01    5.4527e-07      7.819158e-12      -5.241385e-13
3.734535e+01    5.44912e-07     7.793509e-12      -5.216805e-13
3.739439e+01    5.44554e-07     7.767982e-12      -5.192897e-13
3.744344e+01    5.44197e-07     7.742567e-12      -5.169658e-13
3.749249e+01    5.43841e-07     7.717269e-12      -5.146026e-13
3.754154e+01    5.43486e-07     7.692086e-12      -5.122532e-13
3.759059e+01    5.43131e-07     7.667018e-12      -5.099175e-13
3.763964e+01    5.42777e-07     7.642064e-12      -5.075953e-13
3.768869e+01    5.42424e-07     7.617224e-12      -5.052867e-13
3.773774e+01    5.42071e-07     7.592496e-12      -5.029915e-13
3.778679e+01    5.41719e-07     7.567881e-12      -5.007097e-13
3.783584e+01    5.41368e-07     7.543378e-12      -4.983906e-13
3.788488e+01    5.41017e-07     7.518990e-12      -4.961356e-13
3.793393e+01    5.40668e-07     7.494708e-12      -4.939444e-13
3.798298e+01    5.40318e-07     7.470535e-12      -4.917154e-13
3.803203e+01    5.3997e-07      7.446471e-12      -4.894994e-13
3.808108e+01    5.39622e-07     7.422516e-12      -4.872963e-13
3.813013e+01    5.39275e-07     7.398668e-12      -4.851061e-13
3.817918e+01    5.38928e-07     7.374928e-12      -4.829285e-13
3.822823e+01    5.38582e-07     7.351294e-12      -4.807635e-13
3.827728e+01    5.38237e-07     7.327766e-12      -4.786110e-13
3.832633e+01    5.37893e-07     7.304343e-12      -4.764709e-13
3.837538e+01    5.37549e-07     7.281025e-12      -4.742949e-13
3.842442e+01    5.37206e-07     7.257816e-12      -4.721793e-13
3.847347e+01    5.36863e-07     7.234705e-12      -4.701239e-13
3.852252e+01    5.36521e-07     7.211697e-12      -4.680321e-13
3.857157e+01    5.3618e-07      7.188792e-12      -4.659520e-13
3.862062e+01    5.35839e-07     7.165988e-12      -4.638837e-13
3.866967e+01    5.35499e-07     7.143286e-12      -4.618271e-13
3.871872e+01    5.3516e-07      7.120684e-12      -4.597820e-13
3.876777e+01    5.34821e-07     7.098182e-12      -4.577485e-13
3.881682e+01    5.34483e-07     7.075780e-12      -4.557265e-13
3.886587e+01    5.34146e-07     7.053476e-12      -4.536699e-13
3.891491e+01    5.33809e-07     7.031276e-12      -4.516710e-13
3.896396e+01    5.33473e-07     7.009168e-12      -4.497295e-13
3.901301e+01    5.33138e-07     6.987158e-12      -4.477530e-13
3.906206e+01    5.32803e-07     6.965245e-12      -4.457878e-13
3.911111e+01    5.32469e-07     6.943427e-12      -4.438337e-13
3.916016e+01    5.32135e-07     6.921705e-12      -4.418908e-13
3.920921e+01    5.31802e-07     6.900079e-12      -4.399589e-13
3.925826e+01    5.3147e-07      6.878546e-12      -4.380379e-13
3.930731e+01    5.31138e-07     6.857108e-12      -4.361278e-13
3.935636e+01    5.30807e-07     6.835763e-12      -4.342285e-13
3.940541e+01    5.30477e-07     6.814511e-12      -4.322961e-13
3.945445e+01    5.30147e-07     6.793355e-12      -4.304183e-13
3.950350e+01    5.29818e-07     6.772288e-12      -4.285949e-13
3.955255e+01    5.29489e-07     6.751311e-12      -4.267378e-13
3.960160e+01    5.29161e-07     6.730425e-12      -4.248912e-13
3.965065e+01    5.28834e-07     6.709630e-12      -4.230547e-13
3.969970e+01    5.28507e-07     6.688925e-12      -4.212285e-13
3.974875e+01    5.28181e-07     6.668308e-12      -4.194123e-13
3.979780e+01    5.27855e-07     6.647781e-12      -4.176062e-13
3.984685e+01    5.2753e-07      6.627342e-12      -4.158100e-13
3.989590e+01    5.27206e-07     6.606991e-12      -4.139816e-13
3.994494e+01    5.26882e-07     6.586731e-12      -4.122053e-13
3.999399e+01    5.26559e-07     6.566554e-12      -4.104808e-13
4.004304e+01    5.26236e-07     6.546464e-12      -4.087238e-13
4.009209e+01    5.25914e-07     6.526459e-12      -4.069765e-13
4.014114e+01    5.25593e-07     6.506540e-12      -4.052388e-13
4.019019e+01    5.25272e-07     6.486706e-12      -4.035107e-13
4.023924e+01    5.24952e-07     6.466957e-12      -4.017921e-13
4.028829e+01    5.24632e-07     6.447291e-12      -4.000829e-13
4.033734e+01    5.24313e-07     6.427709e-12      -3.983831e-13
4.038639e+01    5.23995e-07     6.408210e-12      -3.966926e-13
4.043544e+01    5.23677e-07     6.388794e-12      -3.949712e-13
4.048448e+01    5.23359e-07     6.369465e-12      -3.932992e-13
4.053353e+01    5.23043e-07     6.350213e-12      -3.916763e-13
4.058258e+01    5.22726e-07     6.331042e-12      -3.900220e-13
4.063163e+01    5.22411e-07     6.311952e-12      -3.883767e-13
4.068068e+01    5.22096e-07     6.292943e-12      -3.867402e-13
4.072973e+01    5.21781e-07     6.274014e-12      -3.851124e-13
4.077878e+01    5.21467e-07     6.255164e-12      -3.834934e-13
4.082783e+01    5.21154e-07     6.236394e-12      -3.818830e-13
4.087688e+01    5.20841e-07     6.217702e-12      -3.802812e-13
4.092593e+01    5.20529e-07     6.199089e-12      -3.786495e-13
4.097497e+01    5.20217e-07     6.180557e-12      -3.770650e-13
4.102402e+01    5.19906e-07     6.162099e-12      -3.755274e-13
4.107307e+01    5.19596e-07     6.143719e-12      -3.739596e-13
4.112212e+01    5.19286e-07     6.125415e-12      -3.724003e-13
4.117117e+01    5.18976e-07     6.107187e-12      -3.708493e-13
4.122022e+01    5.18667e-07     6.089035e-12      -3.693066e-13
4.126927e+01    5.18359e-07     6.070959e-12      -3.677722e-13
4.131832e+01    5.18051e-07     6.052957e-12      -3.662460e-13
4.136737e+01    5.17744e-07     6.035031e-12      -3.647279e-13
4.141642e+01    5.17438e-07     6.017178e-12      -3.632180e-13
4.146547e+01    5.17131e-07     5.999400e-12      -3.616794e-13
4.151451e+01    5.16826e-07     5.981698e-12      -3.601857e-13
4.156356e+01    5.16521e-07     5.964066e-12      -3.587368e-13
4.161261e+01    5.16216e-07     5.946507e-12      -3.572589e-13
4.166166e+01    5.15912e-07     5.929020e-12      -3.557890e-13
4.171071e+01    5.15609e-07     5.911605e-12      -3.543269e-13
4.175976e+01    5.15306e-07     5.894261e-12      -3.528727e-13
4.180881e+01    5.15004e-07     5.876988e-12      -3.514262e-13
4.185786e+01    5.14702e-07     5.859787e-12      -3.499875e-13
4.190691e+01    5.14401e-07     5.842655e-12      -3.485563e-13
4.195596e+01    5.141e-07       5.825594e-12      -3.471327e-13
4.200501e+01    5.138e-07       5.808602e-12      -3.456815e-13
4.205405e+01    5.135e-07       5.791683e-12      -3.442728e-13
4.210310e+01    5.13201e-07     5.774830e-12      -3.429066e-13
4.215215e+01    5.12902e-07     5.758045e-12      -3.415123e-13
4.220120e+01    5.12604e-07     5.741328e-12      -3.401253e-13
4.225025e+01    5.12306e-07     5.724679e-12      -3.387453e-13
4.229930e+01    5.12009e-07     5.708098e-12      -3.373725e-13
4.234835e+01    5.11713e-07     5.691584e-12      -3.360067e-13
4.239740e+01    5.11416e-07     5.675136e-12      -3.346480e-13
4.244645e+01    5.11121e-07     5.658755e-12      -3.332964e-13
4.249550e+01    5.10826e-07     5.642440e-12      -3.319180e-13
4.254454e+01    5.10531e-07     5.626195e-12      -3.305805e-13
4.259359e+01    5.10237e-07     5.610011e-12      -3.292837e-13
4.264264e+01    5.09944e-07     5.593893e-12      -3.279599e-13
4.269169e+01    5.09651e-07     5.577839e-12      -3.266431e-13
4.274074e+01    5.09358e-07     5.561849e-12      -3.253330e-13
4.278979e+01    5.09066e-07     5.545924e-12      -3.240298e-13
4.283884e+01    5.08775e-07     5.530063e-12      -3.227333e-13
4.288789e+01    5.08484e-07     5.514265e-12      -3.214434e-13
4.293694e+01    5.08193e-07     5.498530e-12      -3.201602e-13
4.298599e+01    5.07903e-07     5.482858e-12      -3.188835e-13
4.303504e+01    5.07613e-07     5.467248e-12      -3.175811e-13
4.308408e+01    5.07324e-07     5.451704e-12      -3.163175e-13
4.313313e+01    5.07036e-07     5.436218e-12      -3.150926e-13
4.318218e+01    5.06748e-07     5.420794e-12      -3.138417e-13
4.323123e+01    5.0646e-07      5.405430e-12      -3.125972e-13
4.328028e+01    5.06173e-07     5.390128e-12      -3.113590e-13
4.332933e+01    5.05887e-07     5.374887e-12      -3.101270e-13
4.337838e+01    5.05601e-07     5.359705e-12      -3.089013e-13
4.342743e+01    5.05315e-07     5.344584e-12      -3.076817e-13
4.347648e+01    5.0503e-07      5.329522e-12      -3.064683e-13
4.352553e+01    5.04745e-07     5.314520e-12      -3.052299e-13
4.357457e+01    5.04461e-07     5.299580e-12      -3.040287e-13
4.362362e+01    5.04177e-07     5.284696e-12      -3.028646e-13
4.367267e+01    5.03894e-07     5.269870e-12      -3.016752e-13
4.372172e+01    5.03611e-07     5.255102e-12      -3.004919e-13
4.377077e+01    5.03329e-07     5.240392e-12      -2.993145e-13
4.381982e+01    5.03047e-07     5.225740e-12      -2.981431e-13
4.386887e+01    5.02766e-07     5.211145e-12      -2.969776e-13
4.391792e+01    5.02485e-07     5.196607e-12      -2.958180e-13
4.396697e+01    5.02205e-07     5.182125e-12      -2.946644e-13
4.401602e+01    5.01925e-07     5.167701e-12      -2.935166e-13
4.406507e+01    5.01646e-07     5.153332e-12      -2.923450e-13
4.411411e+01    5.01367e-07     5.139022e-12      -2.912090e-13
4.416316e+01    5.01088e-07     5.124765e-12      -2.901085e-13
4.421221e+01    5.0081e-07      5.110563e-12      -2.889839e-13
4.426126e+01    5.00533e-07     5.096416e-12      -2.878650e-13
4.431031e+01    5.00255e-07     5.082324e-12      -2.867518e-13
4.435936e+01    4.99979e-07     5.068286e-12      -2.856441e-13
4.440841e+01    4.99703e-07     5.054303e-12      -2.845419e-13
4.445746e+01    4.99427e-07     5.040373e-12      -2.834451e-13
4.450651e+01    4.99152e-07     5.026497e-12      -2.823538e-13
4.455556e+01    4.98877e-07     5.012675e-12      -2.812392e-13
4.460460e+01    4.98602e-07     4.998908e-12      -2.801586e-13
4.465365e+01    4.98329e-07     4.985192e-12      -2.791119e-13
4.470270e+01    4.98055e-07     4.971528e-12      -2.780417e-13
4.475175e+01    4.97782e-07     4.957917e-12      -2.769767e-13
4.480080e+01    4.97509e-07     4.944357e-12      -2.759168e-13
4.484985e+01    4.97237e-07     4.930850e-12      -2.748621e-13
4.489890e+01    4.96966e-07     4.917394e-12      -2.738125e-13
4.494795e+01    4.96694e-07     4.903989e-12      -2.727680e-13
4.499700e+01    4.96424e-07     4.890636e-12      -2.717286e-13
4.504605e+01    4.96153e-07     4.877333e-12      -2.706942e-13
4.509510e+01    4.95883e-07     4.864081e-12      -2.696374e-13
4.514414e+01    4.95614e-07     4.850882e-12      -2.686131e-13
4.519319e+01    4.95345e-07     4.837731e-12      -2.676212e-13
4.524224e+01    4.95076e-07     4.824629e-12      -2.666068e-13
4.529129e+01    4.94808e-07     4.811577e-12      -2.655973e-13
4.534034e+01    4.9454e-07      4.798575e-12      -2.645927e-13
4.538939e+01    4.94273e-07     4.785621e-12      -2.635930e-13
4.543844e+01    4.94006e-07     4.772717e-12      -2.625981e-13
4.548749e+01    4.9374e-07      4.759861e-12      -2.616081e-13
4.553654e+01    4.93474e-07     4.747053e-12      -2.606228e-13
4.558559e+01    4.93208e-07     4.734294e-12      -2.596159e-13
4.563463e+01    4.92943e-07     4.721585e-12      -2.586403e-13
4.568368e+01    4.92678e-07     4.708922e-12      -2.576957e-13
4.573273e+01    4.92414e-07     4.696306e-12      -2.567293e-13
4.578178e+01    4.9215e-07      4.683737e-12      -2.557676e-13
4.583083e+01    4.91887e-07     4.671216e-12      -2.548105e-13
4.587988e+01    4.91624e-07     4.658741e-12      -2.538581e-13
4.592893e+01    4.91361e-07     4.646313e-12      -2.529102e-13
4.597798e+01    4.91099e-07     4.633931e-12      -2.519669e-13
4.602703e+01    4.90838e-07     4.621595e-12      -2.510282e-13
4.607608e+01    4.90576e-07     4.609305e-12      -2.500940e-13
4.612513e+01    4.90315e-07     4.597061e-12      -2.491390e-13
4.617417e+01    4.90055e-07     4.584865e-12      -2.482139e-13
4.622322e+01    4.89795e-07     4.572712e-12      -2.473186e-13
4.627227e+01    4.89535e-07     4.560604e-12      -2.464024e-13
4.632132e+01    4.89276e-07     4.548541e-12      -2.454906e-13
4.637037e+01    4.89017e-07     4.536522e-12      -2.445832e-13
4.641942e+01    4.88759e-07     4.524547e-12      -2.436802e-13
4.646847e+01    4.88501e-07     4.512617e-12      -2.427814e-13
4.651752e+01    4.88243e-07     4.500731e-12      -2.418870e-13
4.656657e+01    4.87986e-07     4.488889e-12      -2.409968e-13
4.661562e+01    4.87729e-07     4.477090e-12      -2.400864e-13
4.666466e+01    4.87473e-07     4.465337e-12      -2.392047e-13
4.671371e+01    4.87217e-07     4.453624e-12      -2.383516e-13
4.676276e+01    4.86961e-07     4.441955e-12      -2.374780e-13
4.681181e+01    4.86706e-07     4.430328e-12      -2.366085e-13
4.686086e+01    4.86451e-07     4.418744e-12      -2.357431e-13
4.690991e+01    4.86197e-07     4.407202e-12      -2.348817e-13
4.695896e+01    4.85943e-07     4.395702e-12      -2.340243e-13
4.700801e+01    4.85689e-07     4.384245e-12      -2.331710e-13
4.705706e+01    4.85436e-07     4.372829e-12      -2.323215e-13
4.710611e+01    4.85183e-07     4.361454e-12      -2.314761e-13
4.715516e+01    4.84931e-07     4.350121e-12      -2.306111e-13
4.720420e+01    4.84679e-07     4.338832e-12      -2.297736e-13
4.725325e+01    4.84427e-07     4.327581e-12      -2.289633e-13
4.730230e+01    4.84176e-07     4.316371e-12      -2.281334e-13
4.735135e+01    4.83925e-07     4.305202e-12      -2.273074e-13
4.740040e+01    4.83675e-07     4.294073e-12      -2.264852e-13
4.744945e+01    4.83425e-07     4.282984e-12      -2.256668e-13
4.749850e+01    4.83175e-07     4.271935e-12      -2.248522e-13
4.754755e+01    4.82926e-07     4.260926e-12      -2.240413e-13
4.759660e+01    4.82677e-07     4.249957e-12      -2.232341e-13
4.764565e+01    4.82428e-07     4.239027e-12      -2.224081e-13
4.769469e+01    4.8218e-07      4.228139e-12      -2.216084e-13
4.774374e+01    4.81932e-07     4.217288e-12      -2.208351e-13
4.779279e+01    4.81685e-07     4.206476e-12      -2.200427e-13
4.784184e+01    4.81438e-07     4.195702e-12      -2.192541e-13
4.789089e+01    4.81191e-07     4.184967e-12      -2.184690e-13
4.793994e+01    4.80945e-07     4.174271e-12      -2.176877e-13
4.798899e+01    4.80699e-07     4.163613e-12      -2.169099e-13
4.803804e+01    4.80454e-07     4.152992e-12      -2.161358e-13
4.808709e+01    4.80209e-07     4.142410e-12      -2.153653e-13
4.813614e+01    4.79964e-07     4.131866e-12      -2.145983e-13
4.818519e+01    4.7972e-07      4.121358e-12      -2.138131e-13
4.823423e+01    4.79476e-07     4.110891e-12      -2.130532e-13
4.828328e+01    4.79232e-07     4.100458e-12      -2.123184e-13
4.833233e+01    4.78989e-07     4.090063e-12      -2.115653e-13
4.838138e+01    4.78746e-07     4.079704e-12      -2.108155e-13
4.843043e+01    4.78503e-07     4.069382e-12      -2.100691e-13
4.847948e+01    4.78261e-07     4.059097e-12      -2.093260e-13
4.852853e+01    4.7802e-07      4.048848e-12      -2.085862e-13
4.857758e+01    4.77778e-07     4.038635e-12      -2.078497e-13
4.862663e+01    4.77537e-07     4.028458e-12      -2.071165e-13
4.867568e+01    4.77296e-07     4.018317e-12      -2.063657e-13
4.872472e+01    4.77056e-07     4.008214e-12      -2.056391e-13
4.877377e+01    4.76816e-07     3.998144e-12      -2.049369e-13
4.882282e+01    4.76577e-07     3.988110e-12      -2.042169e-13
4.887187e+01    4.76337e-07     3.978111e-12      -2.035002e-13
4.892092e+01    4.76099e-07     3.968147e-12      -2.027868e-13
4.896997e+01    4.7586e-07      3.958218e-12      -2.020767e-13
4.901902e+01    4.75622e-07     3.948324e-12      -2.013699e-13
4.906807e+01    4.75384e-07     3.938464e-12      -2.006663e-13
4.911712e+01    4.75147e-07     3.928639e-12      -1.999660e-13
4.916617e+01    4.7491e-07      3.918848e-12      -1.992688e-13
4.921522e+01    4.74673e-07     3.909091e-12      -1.985547e-13
4.926426e+01    4.74437e-07     3.899370e-12      -1.978639e-13
4.931331e+01    4.74201e-07     3.889681e-12      -1.971964e-13
4.936236e+01    4.73965e-07     3.880025e-12      -1.965117e-13
4.941141e+01    4.7373e-07      3.870403e-12      -1.958301e-13
4.946046e+01    4.73495e-07     3.860815e-12      -1.951514e-13
4.950951e+01    4.7326e-07      3.851259e-12      -1.944757e-13
4.955856e+01    4.73026e-07     3.841737e-12      -1.938030e-13
4.960761e+01    4.72792e-07     3.832248e-12      -1.931332e-13
4.965666e+01    4.72558e-07     3.822791e-12      -1.924663e-13
4.970571e+01    4.72325e-07     3.813367e-12      -1.917829e-13
4.975475e+01    4.72092e-07     3.803978e-12      -1.911219e-13
4.980380e+01    4.7186e-07      3.794618e-12      -1.904833e-13
4.985285e+01    4.71628e-07     3.785291e-12      -1.898280e-13
4.990190e+01    4.71396e-07     3.775997e-12      -1.891756e-13
4.995095e+01    4.71164e-07     3.766734e-12      -1.885260e-13
5.000000e+01    4.70933e-07     3.757503e-12      -9.410099e-14
