# Generated by Dust Drift Simulation (Date: Jan 23 2026 08:54:11)
# Time: 5.005891e+03 years
#--------------------------------------------------------------------------
# Radius_AU       GasSurfDensity  GasPressure     GasPressureDeriv
#--------------------------------------------------------------------------
1.000000e+00    3.3248e-06      6.632015e-08      -7.623518e-08
1.049049e+00    3.24636e-06     5.884179e-08      -1.410114e-07
1.098098e+00    3.17289e-06     5.248720e-08      -1.202206e-07
1.147147e+00    3.10386e-06     4.704838e-08      -1.032119e-07
1.196196e+00    3.03881e-06     4.236230e-08      -8.918067e-08
1.245245e+00    2.97733e-06     3.829992e-08      -7.751670e-08
1.294294e+00    2.91905e-06     3.475806e-08      -6.775229e-08
1.343343e+00    2.86363e-06     3.165355e-08      -5.952502e-08
1.392392e+00    2.81075e-06     2.891877e-08      -5.255137e-08
1.441441e+00    2.76015e-06     2.649836e-08      -4.660743e-08
1.490490e+00    2.71155e-06     2.434667e-08      -4.151520e-08
1.539540e+00    2.66471e-06     2.242580e-08      -3.713067e-08
1.588589e+00    2.6194e-06      2.070422e-08      -3.333787e-08
1.637638e+00    2.57542e-06     1.915542e-08      -3.004283e-08
1.686687e+00    2.53256e-06     1.775708e-08      -2.716718e-08
1.735736e+00    2.49068e-06     1.649037e-08      -2.464622e-08
1.784785e+00    2.44962e-06     1.533933e-08      -2.242575e-08
1.833834e+00    2.40927e-06     1.429044e-08      -2.046008e-08
1.882883e+00    2.36957e-06     1.333224e-08      -1.871031e-08
1.931932e+00    2.33049e-06     1.245500e-08      -1.714315e-08
1.980981e+00    2.29206e-06     1.165053e-08      -1.572998e-08
2.030030e+00    2.25437e-06     1.091192e-08      -1.444616e-08
2.079079e+00    2.21759e-06     1.023339e-08      -1.327057e-08
2.128128e+00    2.18194e-06     9.610100e-09      -1.218528e-08
2.177177e+00    2.14774e-06     9.038033e-09      -1.117541e-08
2.226226e+00    2.11535e-06     8.513814e-09      -1.022900e-08
2.275275e+00    2.08522e-06     8.034587e-09      -9.337066e-09
2.324324e+00    2.05781e-06     7.597866e-09      -8.493555e-09
2.373373e+00    2.03361e-06     7.201386e-09      -7.695412e-09
2.422422e+00    2.01309e-06     6.842961e-09      -6.942532e-09
2.471471e+00    1.99665e-06     6.520337e-09      -6.237626e-09
2.520521e+00    1.98455e-06     6.231061e-09      -5.586013e-09
2.569570e+00    1.97691e-06     5.972359e-09      -4.995055e-09
2.618619e+00    1.97359e-06     5.741056e-09      -4.473357e-09
2.667668e+00    1.97418e-06     5.533532e-09      -4.029713e-09
2.716717e+00    1.97796e-06     5.345749e-09      -3.671580e-09
2.765766e+00    1.98392e-06     5.173357e-09      -3.403321e-09
2.814815e+00    1.99077e-06     5.011889e-09      -3.224378e-09
2.863864e+00    1.99709e-06     4.857051e-09      -3.127734e-09
2.912913e+00    2.00143e-06     4.705065e-09      -3.099231e-09
2.961962e+00    2.00253e-06     4.553023e-09      -3.118239e-09
3.011011e+00    1.99947e-06     4.399171e-09      -3.160020e-09
3.060060e+00    1.99185e-06     4.243031e-09      -3.199549e-09
3.109109e+00    1.97978e-06     4.085301e-09      -3.215896e-09
3.158158e+00    1.96386e-06     3.927557e-09      -3.195773e-09
3.207207e+00    1.94501e-06     3.771802e-09      -3.134978e-09
3.256256e+00    1.92428e-06     3.620022e-09      -3.037329e-09
3.305305e+00    1.90263e-06     3.473846e-09      -2.911753e-09
3.354354e+00    1.88085e-06     3.334385e-09      -2.768917e-09
3.403403e+00    1.85951e-06     3.202221e-09      -2.618617e-09
3.452452e+00    1.83897e-06     3.077503e-09      -2.468319e-09
3.501502e+00    1.81942e-06     2.960083e-09      -2.323270e-09
3.550551e+00    1.80092e-06     2.849595e-09      -2.186359e-09
3.599600e+00    1.78347e-06     2.745606e-09      -2.058768e-09
3.648649e+00    1.76702e-06     2.647634e-09      -1.940927e-09
3.697698e+00    1.75149e-06     2.555204e-09      -1.832543e-09
3.746747e+00    1.7368e-06      2.467865e-09      -1.733063e-09
3.795796e+00    1.72286e-06     2.385194e-09      -1.641763e-09
3.844845e+00    1.70958e-06     2.306811e-09      -1.557780e-09
3.893894e+00    1.6969e-06      2.232379e-09      -1.480346e-09
3.942943e+00    1.68475e-06     2.161592e-09      -1.408772e-09
3.991992e+00    1.67307e-06     2.094181e-09      -1.342539e-09
4.041041e+00    1.6618e-06      2.029891e-09      -1.280990e-09
4.090090e+00    1.65092e-06     1.968518e-09      -1.223555e-09
4.139139e+00    1.64037e-06     1.909863e-09      -1.170091e-09
4.188188e+00    1.63012e-06     1.853735e-09      -1.119943e-09
4.237237e+00    1.62016e-06     1.799999e-09      -1.072789e-09
4.286286e+00    1.61045e-06     1.748496e-09      -1.028646e-09
4.335335e+00    1.60096e-06     1.699090e-09      -9.869790e-10
4.384384e+00    1.5917e-06      1.651675e-09      -9.475684e-10
4.433433e+00    1.58264e-06     1.606136e-09      -9.104267e-10
4.482482e+00    1.57376e-06     1.562364e-09      -8.752014e-10
4.531532e+00    1.56507e-06     1.520280e-09      -8.418299e-10
4.580581e+00    1.55653e-06     1.479782e-09      -8.102748e-10
4.629630e+00    1.54815e-06     1.440794e-09      -7.801484e-10
4.678679e+00    1.53993e-06     1.403251e-09      -7.515269e-10
4.727728e+00    1.53185e-06     1.367070e-09      -7.243184e-10
4.776777e+00    1.52391e-06     1.332197e-09      -6.983452e-10
4.825826e+00    1.5161e-06      1.298564e-09      -6.737030e-10
4.874875e+00    1.5084e-06      1.266108e-09      -6.501465e-10
4.923924e+00    1.50084e-06     1.234786e-09      -6.276101e-10
4.972973e+00    1.49339e-06     1.204541e-09      -6.061193e-10
5.022022e+00    1.48606e-06     1.175327e-09      -5.855365e-10
5.071071e+00    1.47884e-06     1.147101e-09      -5.658898e-10
5.120120e+00    1.47172e-06     1.119814e-09      -5.471299e-10
5.169169e+00    1.46471e-06     1.093428e-09      -5.291338e-10
5.218218e+00    1.4578e-06      1.067907e-09      -5.118627e-10
5.267267e+00    1.45099e-06     1.043215e-09      -4.953521e-10
5.316316e+00    1.44427e-06     1.019314e-09      -4.795641e-10
5.365365e+00    1.43765e-06     9.961711e-10      -4.643231e-10
5.414414e+00    1.43112e-06     9.737646e-10      -4.497385e-10
5.463463e+00    1.42468e-06     9.520526e-10      -4.358512e-10
5.512513e+00    1.41832e-06     9.310084e-10      -4.223552e-10
5.561562e+00    1.41205e-06     9.106204e-10      -4.094254e-10
5.610611e+00    1.40586e-06     8.908446e-10      -3.970472e-10
5.659660e+00    1.39976e-06     8.716708e-10      -3.851234e-10
5.708709e+00    1.39373e-06     8.530647e-10      -3.736984e-10
5.757758e+00    1.38778e-06     8.350117e-10      -3.626262e-10
5.806807e+00    1.3819e-06      8.174918e-10      -3.520112e-10
5.855856e+00    1.3761e-06      8.004800e-10      -3.418336e-10
5.904905e+00    1.37037e-06     7.839585e-10      -3.320148e-10
5.953954e+00    1.36471e-06     7.679100e-10      -3.224836e-10
6.003003e+00    1.35913e-06     7.523235e-10      -3.133386e-10
6.052052e+00    1.35361e-06     7.371721e-10      -3.045650e-10
6.101101e+00    1.34816e-06     7.224463e-10      -2.960902e-10
6.150150e+00    1.34277e-06     7.081262e-10      -2.879034e-10
6.199199e+00    1.33745e-06     6.942035e-10      -2.799912e-10
6.248248e+00    1.33219e-06     6.806596e-10      -2.723951e-10
6.297297e+00    1.32699e-06     6.674820e-10      -2.650503e-10
6.346346e+00    1.32185e-06     6.546587e-10      -2.579467e-10
6.395395e+00    1.31677e-06     6.421780e-10      -2.510747e-10
6.444444e+00    1.31175e-06     6.300287e-10      -2.444253e-10
6.493493e+00    1.30679e-06     6.182003e-10      -2.380389e-10
6.542543e+00    1.30188e-06     6.066776e-10      -2.318548e-10
6.591592e+00    1.29703e-06     5.954558e-10      -2.258639e-10
6.640641e+00    1.29223e-06     5.845208e-10      -2.201088e-10
6.689690e+00    1.28748e-06     5.738635e-10      -2.144884e-10
6.738739e+00    1.28279e-06     5.634799e-10      -2.090854e-10
6.787788e+00    1.27814e-06     5.533527e-10      -2.038495e-10
6.836837e+00    1.27355e-06     5.434826e-10      -1.987297e-10
6.885886e+00    1.26901e-06     5.338577e-10      -1.938501e-10
6.934935e+00    1.26451e-06     5.244663e-10      -1.891176e-10
6.983984e+00    1.26006e-06     5.153056e-10      -1.844847e-10
7.033033e+00    1.25566e-06     5.063687e-10      -1.799895e-10
7.082082e+00    1.25131e-06     4.976489e-10      -1.756670e-10
7.131131e+00    1.247e-06       4.891361e-10      -1.715107e-10
7.180180e+00    1.24273e-06     4.808241e-10      -1.674362e-10
7.229229e+00    1.23851e-06     4.727109e-10      -1.634788e-10
7.278278e+00    1.23433e-06     4.647871e-10      -1.596732e-10
7.327327e+00    1.23019e-06     4.570473e-10      -1.559760e-10
7.376376e+00    1.22609e-06     4.494862e-10      -1.523830e-10
7.425425e+00    1.22203e-06     4.420988e-10      -1.488549e-10
7.474474e+00    1.21802e-06     4.348838e-10      -1.454621e-10
7.523524e+00    1.21404e-06     4.278292e-10      -1.421985e-10
7.572573e+00    1.2101e-06      4.209344e-10      -1.389882e-10
7.621622e+00    1.2062e-06      4.141947e-10      -1.358671e-10
7.670671e+00    1.20234e-06     4.076061e-10      -1.328649e-10
7.719720e+00    1.19851e-06     4.011609e-10      -1.299109e-10
7.768769e+00    1.19473e-06     3.948621e-10      -1.270688e-10
7.817818e+00    1.19097e-06     3.886957e-10      -1.243363e-10
7.866867e+00    1.18725e-06     3.826649e-10      -1.216107e-10
7.915916e+00    1.18357e-06     3.767660e-10      -1.189892e-10
7.964965e+00    1.17992e-06     3.709923e-10      -1.164684e-10
8.014014e+00    1.1763e-06      3.653406e-10      -1.139819e-10
8.063063e+00    1.17272e-06     3.598109e-10      -1.115596e-10
8.112112e+00    1.16917e-06     3.543969e-10      -1.092305e-10
8.161161e+00    1.16565e-06     3.490956e-10      -1.069609e-10
8.210210e+00    1.16216e-06     3.439042e-10      -1.047193e-10
8.259259e+00    1.15871e-06     3.388228e-10      -1.025635e-10
8.308308e+00    1.15528e-06     3.338429e-10      -1.004626e-10
8.357357e+00    1.15189e-06     3.289676e-10      -9.841348e-11
8.406406e+00    1.14852e-06     3.241887e-10      -9.641596e-11
8.455455e+00    1.14519e-06     3.195094e-10      -9.446800e-11
8.504505e+00    1.14188e-06     3.149216e-10      -9.259538e-11
8.553554e+00    1.1386e-06      3.104260e-10      -9.073998e-11
8.602603e+00    1.13535e-06     3.060202e-10      -8.893048e-11
8.651652e+00    1.13213e-06     3.017021e-10      -8.719149e-11
8.700701e+00    1.12893e-06     2.974669e-10      -8.549443e-11
8.749750e+00    1.12576e-06     2.933152e-10      -8.381145e-11
8.798799e+00    1.12262e-06     2.892451e-10      -8.219435e-11
8.847848e+00    1.1195e-06      2.852521e-10      -8.061565e-11
8.896897e+00    1.11641e-06     2.813369e-10      -7.904852e-11
8.945946e+00    1.11335e-06     2.774976e-10      -7.754319e-11
8.994995e+00    1.11031e-06     2.737300e-10      -7.609779e-11
9.044044e+00    1.10729e-06     2.700326e-10      -7.466112e-11
9.093093e+00    1.1043e-06      2.664059e-10      -7.323311e-11
9.142142e+00    1.10134e-06     2.628485e-10      -7.188571e-11
9.191191e+00    1.09839e-06     2.593541e-10      -7.054575e-11
9.240240e+00    1.09548e-06     2.559281e-10      -6.923541e-11
9.289289e+00    1.09258e-06     2.525622e-10      -6.797847e-11
9.338338e+00    1.08971e-06     2.492596e-10      -6.672625e-11
9.387387e+00    1.08686e-06     2.460165e-10      -6.552487e-11
9.436436e+00    1.08403e-06     2.428317e-10      -6.435001e-11
9.485485e+00    1.08122e-06     2.397039e-10      -6.317930e-11
9.534535e+00    1.07844e-06     2.366339e-10      -6.205558e-11
9.583584e+00    1.07567e-06     2.336163e-10      -6.095626e-11
9.632633e+00    1.07293e-06     2.306542e-10      -5.985931e-11
9.681682e+00    1.07021e-06     2.277443e-10      -5.880769e-11
9.730731e+00    1.06751e-06     2.248853e-10      -5.777871e-11
9.779780e+00    1.06483e-06     2.220763e-10      -5.677170e-11
9.828829e+00    1.06217e-06     2.193161e-10      -5.578611e-11
9.877878e+00    1.05953e-06     2.166038e-10      -5.482138e-11
9.926927e+00    1.05691e-06     2.139382e-10      -5.387704e-11
9.975976e+00    1.05431e-06     2.113185e-10      -5.297468e-11
1.002503e+01    1.05172e-06     2.087415e-10      -5.206540e-11
1.007407e+01    1.04916e-06     2.062110e-10      -5.115702e-11
1.012312e+01    1.04662e-06     2.037231e-10      -5.031267e-11
1.017217e+01    1.04409e-06     2.012754e-10      -4.948164e-11
1.022122e+01    1.04158e-06     1.988691e-10      -4.864816e-11
1.027027e+01    1.03909e-06     1.965031e-10      -4.783172e-11
1.031932e+01    1.03662e-06     1.941769e-10      -4.705063e-11
1.036837e+01    1.03416e-06     1.918876e-10      -4.626682e-11
1.041742e+01    1.03173e-06     1.896382e-10      -4.549854e-11
1.046647e+01    1.02931e-06     1.874243e-10      -4.478247e-11
1.051552e+01    1.0269e-06      1.852451e-10      -4.404080e-11
1.056456e+01    1.02452e-06     1.831039e-10      -4.331709e-11
1.061361e+01    1.02215e-06     1.809958e-10      -4.264710e-11
1.066266e+01    1.01979e-06     1.789203e-10      -4.196898e-11
1.071171e+01    1.01745e-06     1.768787e-10      -4.128641e-11
1.076076e+01    1.01513e-06     1.748702e-10      -4.061721e-11
1.080981e+01    1.01283e-06     1.728942e-10      -3.997826e-11
1.085886e+01    1.01054e-06     1.709484e-10      -3.936874e-11
1.090791e+01    1.00826e-06     1.690322e-10      -3.875393e-11
1.095696e+01    1.006e-06       1.671467e-10      -3.813402e-11
1.100601e+01    1.00376e-06     1.652914e-10      -3.754252e-11
1.105506e+01    1.00153e-06     1.634639e-10      -3.696760e-11
1.110410e+01    9.99315e-07     1.616649e-10      -3.639826e-11
1.115315e+01    9.97115e-07     1.598933e-10      -3.584255e-11
1.120220e+01    9.9493e-07      1.581488e-10      -3.529586e-11
1.125125e+01    9.92759e-07     1.564308e-10      -3.476095e-11
1.130030e+01    9.90602e-07     1.547388e-10      -3.423594e-11
1.134935e+01    9.88459e-07     1.530724e-10      -3.372061e-11
1.139840e+01    9.8633e-07      1.514309e-10      -3.321474e-11
1.144745e+01    9.84215e-07     1.498140e-10      -3.271965e-11
1.149650e+01    9.82113e-07     1.482212e-10      -3.223359e-11
1.154555e+01    9.80025e-07     1.466520e-10      -3.175378e-11
1.159459e+01    9.7795e-07      1.451062e-10      -3.128668e-11
1.164364e+01    9.75888e-07     1.435828e-10      -3.083053e-11
1.169269e+01    9.73839e-07     1.420818e-10      -3.038145e-11
1.174174e+01    9.71802e-07     1.406025e-10      -2.993894e-11
1.179079e+01    9.69779e-07     1.391448e-10      -2.950426e-11
1.183984e+01    9.67768e-07     1.377082e-10      -2.907872e-11
1.188889e+01    9.6577e-07      1.362923e-10      -2.866067e-11
1.193794e+01    9.63784e-07     1.348966e-10      -2.825137e-11
1.198699e+01    9.6181e-07      1.335208e-10      -2.784921e-11
1.203604e+01    9.59848e-07     1.321646e-10      -2.745405e-11
1.208509e+01    9.57898e-07     1.308277e-10      -2.706354e-11
1.213413e+01    9.5596e-07      1.295098e-10      -2.668195e-11
1.218318e+01    9.54034e-07     1.282102e-10      -2.631045e-11
1.223223e+01    9.52119e-07     1.269288e-10      -2.594314e-11
1.228128e+01    9.50216e-07     1.256652e-10      -2.558209e-11
1.233033e+01    9.48324e-07     1.244192e-10      -2.522718e-11
1.237938e+01    9.46444e-07     1.231905e-10      -2.487957e-11
1.242843e+01    9.44574e-07     1.219786e-10      -2.453783e-11
1.247748e+01    9.42716e-07     1.207834e-10      -2.420181e-11
1.252653e+01    9.40868e-07     1.196044e-10      -2.387142e-11
1.257558e+01    9.39032e-07     1.184416e-10      -2.354462e-11
1.262462e+01    9.37206e-07     1.172947e-10      -2.322641e-11
1.267367e+01    9.35391e-07     1.161632e-10      -2.291535e-11
1.272272e+01    9.33586e-07     1.150468e-10      -2.260876e-11
1.277177e+01    9.31791e-07     1.139453e-10      -2.230596e-11
1.282082e+01    9.30007e-07     1.128586e-10      -2.200809e-11
1.286987e+01    9.28233e-07     1.117863e-10      -2.171509e-11
1.291892e+01    9.2647e-07      1.107284e-10      -2.142804e-11
1.296797e+01    9.24716e-07     1.096843e-10      -2.114683e-11
1.301702e+01    9.22972e-07     1.086539e-10      -2.086894e-11
1.306607e+01    9.21238e-07     1.076371e-10      -2.059552e-11
1.311512e+01    9.19514e-07     1.066336e-10      -2.032598e-11
1.316416e+01    9.17799e-07     1.056432e-10      -2.006238e-11
1.321321e+01    9.16094e-07     1.046655e-10      -1.980458e-11
1.326226e+01    9.14398e-07     1.037004e-10      -1.954922e-11
1.331131e+01    9.12712e-07     1.027477e-10      -1.929788e-11
1.336036e+01    9.11035e-07     1.018073e-10      -1.905161e-11
1.340941e+01    9.09367e-07     1.008788e-10      -1.880807e-11
1.345846e+01    9.07709e-07     9.996224e-11      -1.856942e-11
1.350751e+01    9.06059e-07     9.905718e-11      -1.833449e-11
1.355656e+01    9.04419e-07     9.816366e-11      -1.810317e-11
1.360561e+01    9.02787e-07     9.728129e-11      -1.787507e-11
1.365465e+01    9.01164e-07     9.641015e-11      -1.765082e-11
1.370370e+01    8.9955e-07      9.554978e-11      -1.743251e-11
1.375275e+01    8.97944e-07     9.470005e-11      -1.721609e-11
1.380180e+01    8.96347e-07     9.386091e-11      -1.700190e-11
1.385085e+01    8.94759e-07     9.303220e-11      -1.679199e-11
1.389990e+01    8.93179e-07     9.221365e-11      -1.658630e-11
1.394895e+01    8.91607e-07     9.140512e-11      -1.638266e-11
1.399800e+01    8.90044e-07     9.060654e-11      -1.618308e-11
1.404705e+01    8.88488e-07     8.981759e-11      -1.598649e-11
1.409610e+01    8.86941e-07     8.903830e-11      -1.579181e-11
1.414515e+01    8.85402e-07     8.826844e-11      -1.559975e-11
1.419419e+01    8.83871e-07     8.750799e-11      -1.541179e-11
1.424324e+01    8.82348e-07     8.675657e-11      -1.522884e-11
1.429229e+01    8.80832e-07     8.601407e-11      -1.504633e-11
1.434134e+01    8.79325e-07     8.528056e-11      -1.486649e-11
1.439039e+01    8.77825e-07     8.455570e-11      -1.469024e-11
1.443944e+01    8.76333e-07     8.383947e-11      -1.451654e-11
1.448849e+01    8.74848e-07     8.313165e-11      -1.434536e-11
1.453754e+01    8.73371e-07     8.243222e-11      -1.417664e-11
1.458659e+01    8.71901e-07     8.174095e-11      -1.401035e-11
1.463564e+01    8.70439e-07     8.105783e-11      -1.384532e-11
1.468468e+01    8.68984e-07     8.038275e-11      -1.368376e-11
1.473373e+01    8.67537e-07     7.971548e-11      -1.352654e-11
1.478278e+01    8.66096e-07     7.905583e-11      -1.337044e-11
1.483183e+01    8.64663e-07     7.840386e-11      -1.321563e-11
1.488088e+01    8.63237e-07     7.775940e-11      -1.306390e-11
1.492993e+01    8.61818e-07     7.712232e-11      -1.291521e-11
1.497898e+01    8.60405e-07     7.649244e-11      -1.276770e-11
1.502803e+01    8.59e-07        7.586983e-11      -1.262135e-11
1.507708e+01    8.57602e-07     7.525431e-11      -1.247881e-11
1.512613e+01    8.5621e-07      7.464569e-11      -1.233825e-11
1.517518e+01    8.54825e-07     7.404395e-11      -1.219776e-11
1.522422e+01    8.53447e-07     7.344911e-11      -1.206020e-11
1.527327e+01    8.52076e-07     7.286087e-11      -1.192637e-11
1.532232e+01    8.50711e-07     7.227915e-11      -1.179424e-11
1.537137e+01    8.49352e-07     7.170388e-11      -1.166221e-11
1.542042e+01    8.48001e-07     7.113511e-11      -1.153282e-11
1.546947e+01    8.46655e-07     7.057253e-11      -1.140603e-11
1.551852e+01    8.45316e-07     7.001620e-11      -1.128011e-11
1.556757e+01    8.43983e-07     6.946597e-11      -1.115588e-11
1.561662e+01    8.42657e-07     6.892183e-11      -1.103333e-11
1.566567e+01    8.41337e-07     6.838362e-11      -1.091235e-11
1.571471e+01    8.40023e-07     6.785135e-11      -1.079387e-11
1.576376e+01    8.38715e-07     6.732477e-11      -1.067784e-11
1.581281e+01    8.37413e-07     6.680388e-11      -1.056247e-11
1.586186e+01    8.36117e-07     6.628861e-11      -1.044862e-11
1.591091e+01    8.34827e-07     6.577889e-11      -1.033548e-11
1.595996e+01    8.33544e-07     6.527472e-11      -1.022461e-11
1.600901e+01    8.32266e-07     6.477587e-11      -1.011598e-11
1.605806e+01    8.30994e-07     6.428236e-11      -1.000877e-11
1.610711e+01    8.29727e-07     6.379403e-11      -9.902182e-12
1.615616e+01    8.28467e-07     6.331097e-11      -9.796968e-12
1.620521e+01    8.27212e-07     6.283297e-11      -9.693101e-12
1.625425e+01    8.25963e-07     6.236010e-11      -9.590596e-12
1.630330e+01    8.2472e-07      6.189215e-11      -9.490947e-12
1.635235e+01    8.23482e-07     6.142905e-11      -9.391798e-12
1.640140e+01    8.2225e-07      6.097083e-11      -9.293911e-12
1.645045e+01    8.21023e-07     6.051734e-11      -9.197276e-12
1.649950e+01    8.19802e-07     6.006860e-11      -9.101863e-12
1.654855e+01    8.18586e-07     5.962446e-11      -9.007666e-12
1.659760e+01    8.17376e-07     5.918496e-11      -8.915379e-12
1.664665e+01    8.1617e-07      5.874988e-11      -8.823540e-12
1.669570e+01    8.14971e-07     5.831939e-11      -8.732135e-12
1.674474e+01    8.13776e-07     5.789328e-11      -8.643304e-12
1.679379e+01    8.12587e-07     5.747150e-11      -8.555573e-12
1.684284e+01    8.11403e-07     5.705399e-11      -8.468939e-12
1.689189e+01    8.10224e-07     5.664071e-11      -8.383378e-12
1.694094e+01    8.0905e-07      5.623160e-11      -8.298179e-12
1.698999e+01    8.07882e-07     5.582667e-11      -8.214724e-12
1.703904e+01    8.06718e-07     5.542575e-11      -8.132991e-12
1.708809e+01    8.05559e-07     5.502884e-11      -8.050884e-12
1.713714e+01    8.04406e-07     5.463597e-11      -7.970462e-12
1.718619e+01    8.03257e-07     5.424696e-11      -7.891707e-12
1.723524e+01    8.02113e-07     5.386181e-11      -7.812598e-12
1.728428e+01    8.00974e-07     5.348055e-11      -7.735077e-12
1.733333e+01    7.9984e-07      5.310301e-11      -7.659129e-12
1.738238e+01    7.98711e-07     5.272921e-11      -7.584128e-12
1.743143e+01    7.97586e-07     5.235903e-11      -7.509376e-12
1.748048e+01    7.96467e-07     5.199255e-11      -7.436168e-12
1.752953e+01    7.95351e-07     5.162955e-11      -7.363845e-12
1.757858e+01    7.94241e-07     5.127017e-11      -7.291726e-12
1.762763e+01    7.93135e-07     5.091425e-11      -7.221114e-12
1.767668e+01    7.92034e-07     5.056180e-11      -7.150698e-12
1.772573e+01    7.90938e-07     5.021278e-11      -7.081182e-12
1.777477e+01    7.89846e-07     4.986715e-11      -7.013696e-12
1.782382e+01    7.88758e-07     4.952475e-11      -6.946945e-12
1.787287e+01    7.87675e-07     4.918566e-11      -6.880397e-12
1.792192e+01    7.86596e-07     4.884979e-11      -6.814633e-12
1.797097e+01    7.85522e-07     4.851716e-11      -6.749632e-12
1.802002e+01    7.84452e-07     4.818767e-11      -6.685391e-12
1.806907e+01    7.83387e-07     4.786134e-11      -6.621895e-12
1.811812e+01    7.82326e-07     4.753807e-11      -6.559746e-12
1.816717e+01    7.81269e-07     4.721784e-11      -6.497710e-12
1.821622e+01    7.80217e-07     4.690066e-11      -6.436988e-12
1.826527e+01    7.79168e-07     4.658638e-11      -6.376451e-12
1.831431e+01    7.78124e-07     4.627514e-11      -6.316517e-12
1.836336e+01    7.77084e-07     4.596674e-11      -6.257787e-12
1.841241e+01    7.76049e-07     4.566126e-11      -6.199804e-12
1.846146e+01    7.75017e-07     4.535856e-11      -6.143070e-12
1.851051e+01    7.73989e-07     4.505864e-11      -6.085804e-12
1.855956e+01    7.72966e-07     4.476155e-11      -6.029185e-12
1.860861e+01    7.71947e-07     4.446719e-11      -5.974364e-12
1.865766e+01    7.70931e-07     4.417548e-11      -5.919585e-12
1.870671e+01    7.6992e-07      4.388649e-11      -5.864845e-12
1.875576e+01    7.68913e-07     4.360015e-11      -5.811385e-12
1.880480e+01    7.67909e-07     4.331640e-11      -5.758430e-12
1.885385e+01    7.6691e-07      4.303525e-11      -5.706529e-12
1.890290e+01    7.65914e-07     4.275660e-11      -5.655298e-12
1.895195e+01    7.64922e-07     4.248048e-11      -5.604073e-12
1.900100e+01    7.63934e-07     4.220686e-11      -5.553412e-12
1.905005e+01    7.6295e-07      4.193570e-11      -5.503311e-12
1.909910e+01    7.6197e-07      4.166699e-11      -5.454309e-12
1.914815e+01    7.60993e-07     4.140064e-11      -5.405303e-12
1.919720e+01    7.60021e-07     4.113674e-11      -5.357368e-12
1.924625e+01    7.59051e-07     4.087510e-11      -5.309964e-12
1.929530e+01    7.58086e-07     4.061584e-11      -5.262102e-12
1.934434e+01    7.57124e-07     4.035889e-11      -5.215723e-12
1.939339e+01    7.56166e-07     4.010419e-11      -5.169739e-12
1.944244e+01    7.55212e-07     3.985175e-11      -5.124354e-12
1.949149e+01    7.54261e-07     3.960150e-11      -5.079463e-12
1.954054e+01    7.53314e-07     3.935347e-11      -5.035050e-12
1.958959e+01    7.5237e-07      3.910757e-11      -4.991114e-12
1.963864e+01    7.5143e-07      3.886385e-11      -4.947644e-12
1.968769e+01    7.50493e-07     3.862222e-11      -4.904637e-12
1.973674e+01    7.4956e-07      3.838271e-11      -4.861574e-12
1.978579e+01    7.48631e-07     3.814531e-11      -4.819599e-12
1.983483e+01    7.47704e-07     3.790992e-11      -4.777954e-12
1.988388e+01    7.46782e-07     3.767660e-11      -4.737131e-12
1.993293e+01    7.45862e-07     3.744522e-11      -4.696855e-12
1.998198e+01    7.44946e-07     3.721585e-11      -4.655996e-12
2.003103e+01    7.44034e-07     3.698847e-11      -4.616561e-12
2.008008e+01    7.43124e-07     3.676297e-11      -4.577541e-12
2.012913e+01    7.42218e-07     3.653942e-11      -4.537933e-12
2.017818e+01    7.41316e-07     3.631781e-11      -4.499719e-12
2.022723e+01    7.40416e-07     3.609801e-11      -4.461903e-12
2.027628e+01    7.3952e-07      3.588010e-11      -4.423498e-12
2.032533e+01    7.38629e-07     3.566407e-11      -4.386101e-12
2.037437e+01    7.37739e-07     3.544984e-11      -4.349928e-12
2.042342e+01    7.36852e-07     3.523735e-11      -4.313512e-12
2.047247e+01    7.35969e-07     3.502669e-11      -4.277105e-12
2.052152e+01    7.35089e-07     3.481778e-11      -4.241541e-12
2.057057e+01    7.34212e-07     3.461060e-11      -4.205860e-12
2.061962e+01    7.3334e-07      3.440519e-11      -4.171004e-12
2.066867e+01    7.32469e-07     3.420143e-11      -4.136960e-12
2.071772e+01    7.31602e-07     3.399936e-11      -4.102310e-12
2.076677e+01    7.30738e-07     3.379900e-11      -4.068456e-12
2.081582e+01    7.29877e-07     3.360025e-11      -4.034591e-12
2.086486e+01    7.2902e-07      3.340322e-11      -4.000910e-12
2.091391e+01    7.28166e-07     3.320777e-11      -3.968782e-12
2.096296e+01    7.27314e-07     3.301389e-11      -3.936153e-12
2.101201e+01    7.26466e-07     3.282164e-11      -3.903798e-12
2.106106e+01    7.25621e-07     3.263093e-11      -3.871713e-12
2.111011e+01    7.2478e-07      3.244184e-11      -3.839874e-12
2.115916e+01    7.23942e-07     3.225425e-11      -3.808273e-12
2.120821e+01    7.23108e-07     3.206825e-11      -3.776881e-12
2.125726e+01    7.22277e-07     3.188374e-11      -3.746123e-12
2.130631e+01    7.2145e-07      3.170076e-11      -3.715095e-12
2.135536e+01    7.20627e-07     3.151930e-11      -3.683843e-12
2.140440e+01    7.19808e-07     3.133939e-11      -3.653011e-12
2.145345e+01    7.18993e-07     3.116095e-11      -3.622984e-12
2.150250e+01    7.18183e-07     3.098398e-11      -3.592159e-12
2.155155e+01    7.17379e-07     3.080856e-11      -3.561261e-12
2.160060e+01    7.16579e-07     3.063463e-11      -3.530626e-12
2.164965e+01    7.15786e-07     3.046222e-11      -3.499303e-12
2.169870e+01    7.15e-07        3.029135e-11      -3.468019e-12
2.174775e+01    7.14221e-07     3.012201e-11      -3.436210e-12
2.179680e+01    7.13451e-07     2.995426e-11      -3.403409e-12
2.184585e+01    7.12691e-07     2.978814e-11      -3.369502e-12
2.189489e+01    7.11943e-07     2.962372e-11      -3.334522e-12
2.194394e+01    7.11209e-07     2.946103e-11      -3.299003e-12
2.199299e+01    7.10489e-07     2.930010e-11      -3.261087e-12
2.204204e+01    7.0979e-07      2.914113e-11      -3.220609e-12
2.209109e+01    7.09112e-07     2.898416e-11      -3.177756e-12
2.214014e+01    7.08461e-07     2.882939e-11      -3.131473e-12
2.218919e+01    7.07842e-07     2.867697e-11      -3.080976e-12
2.223824e+01    7.0726e-07      2.852716e-11      -3.024972e-12
2.228729e+01    7.06725e-07     2.838023e-11      -2.963081e-12
2.233634e+01    7.06244e-07     2.823648e-11      -2.894401e-12
2.238539e+01    7.05827e-07     2.809629e-11      -2.813656e-12
2.243443e+01    7.05496e-07     2.796047e-11      -2.723562e-12
2.248348e+01    7.05255e-07     2.782911e-11      -2.621179e-12
2.253253e+01    7.05134e-07     2.770334e-11      -2.499749e-12
2.258158e+01    7.05154e-07     2.758389e-11      -2.358853e-12
2.263063e+01    7.05346e-07     2.747194e-11      -2.193477e-12
2.267968e+01    7.05746e-07     2.736872e-11      -1.998720e-12
2.272873e+01    7.06397e-07     2.727587e-11      -1.767972e-12
2.277778e+01    7.07353e-07     2.719528e-11      -1.495158e-12
2.282683e+01    7.08677e-07     2.712919e-11      -1.173043e-12
2.287588e+01    7.1044e-07      2.708021e-11      -7.798512e-13
2.292492e+01    7.12765e-07     2.705269e-11      -3.206788e-13
2.297397e+01    7.15714e-07     2.704875e-11       2.143985e-13
2.302302e+01    7.19437e-07     2.707372e-11       8.520712e-13
2.307207e+01    7.2407e-07      2.713234e-11       1.587924e-12
2.312112e+01    7.29755e-07     2.722950e-11       2.416318e-12
2.317017e+01    7.3662e-07      2.736937e-11       3.305196e-12
2.321922e+01    7.44724e-07     2.755373e-11       4.177178e-12
2.326827e+01    7.53993e-07     2.777915e-11       4.890941e-12
2.331732e+01    7.64108e-07     2.803352e-11       5.239144e-12
2.336637e+01    7.74431e-07     2.829310e-11       4.981998e-12
2.341542e+01    7.83985e-07     2.852225e-11       3.930722e-12
2.346446e+01    7.9159e-07      2.867869e-11       1.989824e-12
2.351351e+01    7.95977e-07     2.871744e-11      -7.361324e-13
2.356256e+01    7.96213e-07     2.860648e-11      -3.953095e-12
2.361161e+01    7.91794e-07     2.832965e-11      -7.299953e-12
2.366066e+01    7.82759e-07     2.789037e-11      -1.039831e-11
2.370971e+01    7.6964e-07      2.730960e-11      -1.294253e-11
2.375876e+01    7.53334e-07     2.662073e-11      -1.474338e-11
2.380781e+01    7.34925e-07     2.586330e-11      -1.573420e-11
2.385686e+01    7.15527e-07     2.507724e-11      -1.595079e-11
2.390591e+01    6.96163e-07     2.429856e-11      -1.549361e-11
2.395495e+01    6.77699e-07     2.355734e-11      -1.451744e-11
2.400400e+01    6.6075e-07      2.287443e-11      -1.317494e-11
2.405305e+01    6.45775e-07     2.226491e-11      -1.159918e-11
2.410210e+01    6.33025e-07     2.173657e-11      -9.921294e-12
2.415115e+01    6.22594e-07     2.129165e-11      -8.241839e-12
2.420020e+01    6.1445e-07      2.092806e-11      -6.636395e-12
2.424925e+01    6.0847e-07      2.064063e-11      -5.157589e-12
2.429830e+01    6.04467e-07     2.042211e-11      -3.838412e-12
2.434735e+01    6.02213e-07     2.026409e-11      -2.695941e-12
2.439640e+01    6.01466e-07     2.015764e-11      -1.734963e-12
2.444545e+01    6.01977e-07     2.009389e-11      -9.500060e-13
2.449449e+01    6.03509e-07     2.006445e-11      -3.330592e-13
2.454354e+01    6.05831e-07     2.006122e-11       1.307197e-13
2.459259e+01    6.08742e-07     2.007727e-11       4.608779e-13
2.464164e+01    6.1206e-07      2.010643e-11       6.739927e-13
2.469069e+01    6.15629e-07     2.014339e-11       7.880255e-13
2.473974e+01    6.19315e-07     2.018373e-11       8.202270e-13
2.478879e+01    6.23009e-07     2.022385e-11       7.866600e-13
2.483784e+01    6.26623e-07     2.026090e-11       7.019022e-13
2.488689e+01    6.30088e-07     2.029271e-11       5.788863e-13
2.493594e+01    6.33353e-07     2.031769e-11       4.292103e-13
2.498498e+01    6.36382e-07     2.033481e-11       2.616695e-13
2.503403e+01    6.39152e-07     2.034336e-11       8.425083e-14
2.508308e+01    6.4165e-07      2.034308e-11      -9.581805e-14
2.513213e+01    6.43873e-07     2.033396e-11      -2.738136e-13
2.518118e+01    6.45825e-07     2.031622e-11      -4.458083e-13
2.523023e+01    6.47514e-07     2.029023e-11      -6.089140e-13
2.527928e+01    6.48953e-07     2.025648e-11      -7.611292e-13
2.532833e+01    6.50158e-07     2.021556e-11      -9.011931e-13
2.537738e+01    6.51145e-07     2.016808e-11      -1.028450e-12
2.542643e+01    6.51934e-07     2.011467e-11      -1.142726e-12
2.547548e+01    6.52542e-07     2.005598e-11      -1.244004e-12
2.552452e+01    6.52988e-07     1.999264e-11      -1.333202e-12
2.557357e+01    6.53289e-07     1.992520e-11      -1.410994e-12
2.562262e+01    6.53461e-07     1.985422e-11      -1.477747e-12
2.567167e+01    6.53521e-07     1.978023e-11      -1.534569e-12
2.572072e+01    6.53482e-07     1.970368e-11      -1.582377e-12
2.576977e+01    6.53357e-07     1.962500e-11      -1.622086e-12
2.581882e+01    6.53159e-07     1.954456e-11      -1.654586e-12
2.586787e+01    6.52896e-07     1.946269e-11      -1.680721e-12
2.591692e+01    6.5258e-07      1.937969e-11      -1.701281e-12
2.596597e+01    6.52217e-07     1.929580e-11      -1.716989e-12
2.601502e+01    6.51814e-07     1.921125e-11      -1.728317e-12
2.606406e+01    6.51379e-07     1.912625e-11      -1.736233e-12
2.611311e+01    6.50917e-07     1.904093e-11      -1.741261e-12
2.616216e+01    6.50431e-07     1.895544e-11      -1.743486e-12
2.621121e+01    6.49926e-07     1.886990e-11      -1.743504e-12
2.626026e+01    6.49405e-07     1.878441e-11      -1.741665e-12
2.630931e+01    6.48871e-07     1.869904e-11      -1.738273e-12
2.635836e+01    6.48326e-07     1.861388e-11      -1.733590e-12
2.640741e+01    6.47773e-07     1.852898e-11      -1.727839e-12
2.645646e+01    6.47214e-07     1.844439e-11      -1.721207e-12
2.650551e+01    6.46648e-07     1.836014e-11      -1.713681e-12
2.655455e+01    6.46079e-07     1.827628e-11      -1.705747e-12
2.660360e+01    6.45506e-07     1.819280e-11      -1.697517e-12
2.665265e+01    6.44931e-07     1.810975e-11      -1.688735e-12
2.670170e+01    6.44354e-07     1.802714e-11      -1.679656e-12
2.675075e+01    6.43776e-07     1.794498e-11      -1.670346e-12
2.679980e+01    6.43198e-07     1.786329e-11      -1.660860e-12
2.684885e+01    6.42619e-07     1.778206e-11      -1.651243e-12
2.689790e+01    6.4204e-07      1.770130e-11      -1.641533e-12
2.694695e+01    6.41461e-07     1.762102e-11      -1.631760e-12
2.699600e+01    6.40883e-07     1.754123e-11      -1.621950e-12
2.704505e+01    6.40306e-07     1.746191e-11      -1.611961e-12
2.709409e+01    6.39729e-07     1.738310e-11      -1.602137e-12
2.714314e+01    6.39154e-07     1.730475e-11      -1.592492e-12
2.719219e+01    6.38579e-07     1.722688e-11      -1.582707e-12
2.724124e+01    6.38006e-07     1.714949e-11      -1.572958e-12
2.729029e+01    6.37434e-07     1.707257e-11      -1.563252e-12
2.733934e+01    6.36863e-07     1.699614e-11      -1.553594e-12
2.738839e+01    6.36294e-07     1.692017e-11      -1.543990e-12
2.743744e+01    6.35726e-07     1.684467e-11      -1.534443e-12
2.748649e+01    6.35159e-07     1.676964e-11      -1.524956e-12
2.753554e+01    6.34593e-07     1.669508e-11      -1.515378e-12
2.758458e+01    6.3403e-07      1.662099e-11      -1.506018e-12
2.763363e+01    6.33467e-07     1.654734e-11      -1.496878e-12
2.768268e+01    6.32906e-07     1.647415e-11      -1.487650e-12
2.773173e+01    6.32346e-07     1.640140e-11      -1.478489e-12
2.778078e+01    6.31788e-07     1.632911e-11      -1.469395e-12
2.782983e+01    6.31231e-07     1.625726e-11      -1.460370e-12
2.787888e+01    6.30676e-07     1.618585e-11      -1.451412e-12
2.792793e+01    6.30122e-07     1.611488e-11      -1.442523e-12
2.797698e+01    6.29569e-07     1.604434e-11      -1.433701e-12
2.802603e+01    6.29018e-07     1.597424e-11      -1.424946e-12
2.807508e+01    6.28468e-07     1.590456e-11      -1.416115e-12
2.812412e+01    6.2792e-07      1.583532e-11      -1.407496e-12
2.817317e+01    6.27374e-07     1.576648e-11      -1.399086e-12
2.822222e+01    6.26828e-07     1.569807e-11      -1.390598e-12
2.827127e+01    6.26284e-07     1.563007e-11      -1.382175e-12
2.832032e+01    6.25742e-07     1.556248e-11      -1.373817e-12
2.836937e+01    6.252e-07       1.549530e-11      -1.365523e-12
2.841842e+01    6.24661e-07     1.542853e-11      -1.357294e-12
2.846747e+01    6.24122e-07     1.536215e-11      -1.349127e-12
2.851652e+01    6.23585e-07     1.529618e-11      -1.341024e-12
2.856557e+01    6.2305e-07      1.523060e-11      -1.332847e-12
2.861461e+01    6.22516e-07     1.516543e-11      -1.324868e-12
2.866366e+01    6.21983e-07     1.510063e-11      -1.317086e-12
2.871271e+01    6.21451e-07     1.503623e-11      -1.309228e-12
2.876176e+01    6.20921e-07     1.497220e-11      -1.301430e-12
2.881081e+01    6.20392e-07     1.490856e-11      -1.293692e-12
2.885986e+01    6.19865e-07     1.484529e-11      -1.286012e-12
2.890891e+01    6.19339e-07     1.478240e-11      -1.278392e-12
2.895796e+01    6.18814e-07     1.471988e-11      -1.270829e-12
2.900701e+01    6.18291e-07     1.465774e-11      -1.263323e-12
2.905606e+01    6.17769e-07     1.459595e-11      -1.255875e-12
2.910511e+01    6.17248e-07     1.453454e-11      -1.248356e-12
2.915415e+01    6.16729e-07     1.447349e-11      -1.241021e-12
2.920320e+01    6.1621e-07      1.441280e-11      -1.233867e-12
2.925225e+01    6.15694e-07     1.435245e-11      -1.226641e-12
2.930130e+01    6.15178e-07     1.429246e-11      -1.219469e-12
2.935035e+01    6.14664e-07     1.423283e-11      -1.212352e-12
2.939940e+01    6.14151e-07     1.417354e-11      -1.205287e-12
2.944845e+01    6.13639e-07     1.411459e-11      -1.198276e-12
2.949750e+01    6.13129e-07     1.405599e-11      -1.191317e-12
2.954655e+01    6.1262e-07      1.399772e-11      -1.184409e-12
2.959560e+01    6.12112e-07     1.393980e-11      -1.177434e-12
2.964464e+01    6.11605e-07     1.388222e-11      -1.170630e-12
2.969369e+01    6.111e-07       1.382496e-11      -1.163995e-12
2.974274e+01    6.10596e-07     1.376803e-11      -1.157291e-12
2.979179e+01    6.10093e-07     1.371143e-11      -1.150636e-12
2.984084e+01    6.09591e-07     1.365516e-11      -1.144030e-12
2.988989e+01    6.09091e-07     1.359921e-11      -1.137473e-12
2.993894e+01    6.08592e-07     1.354357e-11      -1.130964e-12
2.998799e+01    6.08094e-07     1.348826e-11      -1.124502e-12
3.003704e+01    6.07597e-07     1.343326e-11      -1.118089e-12
3.008609e+01    6.07102e-07     1.337858e-11      -1.111722e-12
3.013514e+01    6.06607e-07     1.332421e-11      -1.105289e-12
3.018418e+01    6.06114e-07     1.327015e-11      -1.099015e-12
3.023323e+01    6.05623e-07     1.321639e-11      -1.092899e-12
3.028228e+01    6.05132e-07     1.316294e-11      -1.086716e-12
3.033133e+01    6.04642e-07     1.310979e-11      -1.080577e-12
3.038038e+01    6.04154e-07     1.305694e-11      -1.074483e-12
3.042943e+01    6.03667e-07     1.300438e-11      -1.068433e-12
3.047848e+01    6.03181e-07     1.295213e-11      -1.062427e-12
3.052753e+01    6.02696e-07     1.290016e-11      -1.056464e-12
3.057658e+01    6.02213e-07     1.284849e-11      -1.050545e-12
3.062563e+01    6.0173e-07      1.279711e-11      -1.044562e-12
3.067467e+01    6.01249e-07     1.274602e-11      -1.038727e-12
3.072372e+01    6.00769e-07     1.269521e-11      -1.033041e-12
3.077277e+01    6.0029e-07      1.264468e-11      -1.027289e-12
3.082182e+01    5.99812e-07     1.259443e-11      -1.021578e-12
3.087087e+01    5.99335e-07     1.254447e-11      -1.015909e-12
3.091992e+01    5.9886e-07      1.249477e-11      -1.010279e-12
3.096897e+01    5.98385e-07     1.244536e-11      -1.004690e-12
3.101802e+01    5.97912e-07     1.239622e-11      -9.991404e-13
3.106707e+01    5.9744e-07      1.234735e-11      -9.936301e-13
3.111612e+01    5.96969e-07     1.229874e-11      -9.881588e-13
3.116517e+01    5.96499e-07     1.225041e-11      -9.826265e-13
3.121421e+01    5.9603e-07      1.220235e-11      -9.772327e-13
3.126326e+01    5.95562e-07     1.215454e-11      -9.719765e-13
3.131231e+01    5.95096e-07     1.210700e-11      -9.666578e-13
3.136136e+01    5.9463e-07      1.205972e-11      -9.613765e-13
3.141041e+01    5.94166e-07     1.201269e-11      -9.561321e-13
3.145946e+01    5.93702e-07     1.196592e-11      -9.509245e-13
3.150851e+01    5.9324e-07      1.191941e-11      -9.457533e-13
3.155756e+01    5.92779e-07     1.187315e-11      -9.406182e-13
3.160661e+01    5.92319e-07     1.182713e-11      -9.355189e-13
3.165566e+01    5.91859e-07     1.178137e-11      -9.303608e-13
3.170470e+01    5.91402e-07     1.173587e-11      -9.253327e-13
3.175375e+01    5.90945e-07     1.169060e-11      -9.204338e-13
3.180280e+01    5.90489e-07     1.164558e-11      -9.154747e-13
3.185185e+01    5.90034e-07     1.160079e-11      -9.105499e-13
3.190090e+01    5.8958e-07      1.155625e-11      -9.056592e-13
3.194995e+01    5.89127e-07     1.151195e-11      -9.008022e-13
3.199900e+01    5.88676e-07     1.146789e-11      -8.959786e-13
3.204805e+01    5.88225e-07     1.142406e-11      -8.911882e-13
3.209710e+01    5.87775e-07     1.138046e-11      -8.864308e-13
3.214615e+01    5.87327e-07     1.133710e-11      -8.817059e-13
3.219520e+01    5.86879e-07     1.129397e-11      -8.769245e-13
3.224424e+01    5.86433e-07     1.125107e-11      -8.722645e-13
3.229329e+01    5.85987e-07     1.120840e-11      -8.677253e-13
3.234234e+01    5.85543e-07     1.116595e-11      -8.631282e-13
3.239139e+01    5.85099e-07     1.112373e-11      -8.585624e-13
3.244044e+01    5.84657e-07     1.108173e-11      -8.540275e-13
3.248949e+01    5.84215e-07     1.103995e-11      -8.495235e-13
3.253854e+01    5.83775e-07     1.099839e-11      -8.450499e-13
3.258759e+01    5.83335e-07     1.095705e-11      -8.406066e-13
3.263664e+01    5.82897e-07     1.091593e-11      -8.361932e-13
3.268569e+01    5.82459e-07     1.087502e-11      -8.317253e-13
3.273473e+01    5.82023e-07     1.083434e-11      -8.273716e-13
3.278378e+01    5.81587e-07     1.079386e-11      -8.231315e-13
3.283283e+01    5.81153e-07     1.075359e-11      -8.188356e-13
3.288188e+01    5.80719e-07     1.071353e-11      -8.145685e-13
3.293093e+01    5.80286e-07     1.067368e-11      -8.103299e-13
3.297998e+01    5.79855e-07     1.063404e-11      -8.061197e-13
3.302903e+01    5.79424e-07     1.059461e-11      -8.019374e-13
3.307808e+01    5.78994e-07     1.055537e-11      -7.977831e-13
3.312713e+01    5.78565e-07     1.051634e-11      -7.936563e-13
3.317618e+01    5.78137e-07     1.047752e-11      -7.895569e-13
3.322523e+01    5.77711e-07     1.043889e-11      -7.854050e-13
3.327427e+01    5.77285e-07     1.040047e-11      -7.813602e-13
3.332332e+01    5.7686e-07      1.036224e-11      -7.774217e-13
3.337237e+01    5.76436e-07     1.032421e-11      -7.734297e-13
3.342142e+01    5.76012e-07     1.028637e-11      -7.694640e-13
3.347047e+01    5.7559e-07      1.024872e-11      -7.655245e-13
3.351952e+01    5.75169e-07     1.021127e-11      -7.616108e-13
3.356857e+01    5.74748e-07     1.017401e-11      -7.577228e-13
3.361762e+01    5.74329e-07     1.013694e-11      -7.538602e-13
3.366667e+01    5.73911e-07     1.010006e-11      -7.500230e-13
3.371572e+01    5.73493e-07     1.006337e-11      -7.461352e-13
3.376476e+01    5.73076e-07     1.002686e-11      -7.423483e-13
3.381381e+01    5.7266e-07      9.990542e-12      -7.386618e-13
3.386286e+01    5.72246e-07     9.954403e-12      -7.349238e-13
3.391191e+01    5.71832e-07     9.918448e-12      -7.312100e-13
3.396096e+01    5.71418e-07     9.882673e-12      -7.275203e-13
3.401001e+01    5.71006e-07     9.847079e-12      -7.238546e-13
3.405906e+01    5.70595e-07     9.811664e-12      -7.202126e-13
3.410811e+01    5.70185e-07     9.776428e-12      -7.165941e-13
3.415716e+01    5.69775e-07     9.741368e-12      -7.129989e-13
3.420621e+01    5.69366e-07     9.706484e-12      -7.094270e-13
3.425526e+01    5.68959e-07     9.671774e-12      -7.058064e-13
3.430430e+01    5.68552e-07     9.637246e-12      -7.022805e-13
3.435335e+01    5.68146e-07     9.602882e-12      -6.988489e-13
3.440240e+01    5.67741e-07     9.568690e-12      -6.953677e-13
3.445145e+01    5.67336e-07     9.534668e-12      -6.919088e-13
3.450050e+01    5.66933e-07     9.500815e-12      -6.884720e-13
3.454955e+01    5.6653e-07      9.467130e-12      -6.850571e-13
3.459860e+01    5.66128e-07     9.433612e-12      -6.816639e-13
3.464765e+01    5.65728e-07     9.400260e-12      -6.782923e-13
3.469670e+01    5.65328e-07     9.367073e-12      -6.749422e-13
3.474575e+01    5.64928e-07     9.334050e-12      -6.715451e-13
3.479479e+01    5.6453e-07      9.301196e-12      -6.682376e-13
3.484384e+01    5.64133e-07     9.268497e-12      -6.650191e-13
3.489289e+01    5.63736e-07     9.235959e-12      -6.617529e-13
3.494194e+01    5.6334e-07      9.203580e-12      -6.585073e-13
3.499099e+01    5.62945e-07     9.171360e-12      -6.552822e-13
3.504004e+01    5.62551e-07     9.139298e-12      -6.520773e-13
3.508909e+01    5.62158e-07     9.107393e-12      -6.488926e-13
3.513814e+01    5.61765e-07     9.075643e-12      -6.457278e-13
3.518719e+01    5.61374e-07     9.044048e-12      -6.425829e-13
3.523624e+01    5.60983e-07     9.012607e-12      -6.394576e-13
3.528529e+01    5.60593e-07     8.981318e-12      -6.362874e-13
3.533433e+01    5.60204e-07     8.950188e-12      -6.332013e-13
3.538338e+01    5.59815e-07     8.919203e-12      -6.301990e-13
3.543243e+01    5.59427e-07     8.888367e-12      -6.271510e-13
3.548148e+01    5.59041e-07     8.857680e-12      -6.241218e-13
3.553053e+01    5.58655e-07     8.827142e-12      -6.211114e-13
3.557958e+01    5.58269e-07     8.796750e-12      -6.181197e-13
3.562863e+01    5.57885e-07     8.766505e-12      -6.151465e-13
3.567768e+01    5.57501e-07     8.736406e-12      -6.121916e-13
3.572673e+01    5.57119e-07     8.706451e-12      -6.092549e-13
3.577578e+01    5.56736e-07     8.676639e-12      -6.062748e-13
3.582482e+01    5.56355e-07     8.646976e-12      -6.033744e-13
3.587387e+01    5.55975e-07     8.617449e-12      -6.005533e-13
3.592292e+01    5.55595e-07     8.588063e-12      -5.976881e-13
3.597197e+01    5.55216e-07     8.558817e-12      -5.948404e-13
3.602102e+01    5.54838e-07     8.529710e-12      -5.920101e-13
3.607007e+01    5.54461e-07     8.500742e-12      -5.891971e-13
3.611912e+01    5.54084e-07     8.471911e-12      -5.864012e-13
3.616817e+01    5.53708e-07     8.443217e-12      -5.836224e-13
3.621722e+01    5.53333e-07     8.414659e-12      -5.808604e-13
3.626627e+01    5.52959e-07     8.386236e-12      -5.781152e-13
3.631532e+01    5.52585e-07     8.357947e-12      -5.753283e-13
3.636436e+01    5.52213e-07     8.329797e-12      -5.726166e-13
3.641341e+01    5.5184e-07      8.301774e-12      -5.699797e-13
3.646246e+01    5.51469e-07     8.273883e-12      -5.673005e-13
3.651151e+01    5.51099e-07     8.246123e-12      -5.646374e-13
3.656056e+01    5.50729e-07     8.218493e-12      -5.619904e-13
3.660961e+01    5.5036e-07      8.190993e-12      -5.593594e-13
3.665866e+01    5.49991e-07     8.163621e-12      -5.567442e-13
3.670771e+01    5.49624e-07     8.136377e-12      -5.541448e-13
3.675676e+01    5.49257e-07     8.109261e-12      -5.515610e-13
3.680581e+01    5.48891e-07     8.082270e-12      -5.489369e-13
3.685485e+01    5.48526e-07     8.055411e-12      -5.463842e-13
3.690390e+01    5.48161e-07     8.028671e-12      -5.439025e-13
3.695295e+01    5.47797e-07     8.002055e-12      -5.413800e-13
3.700200e+01    5.47434e-07     7.975563e-12      -5.388725e-13
3.705105e+01    5.47071e-07     7.949193e-12      -5.363800e-13
3.710010e+01    5.4671e-07      7.922945e-12      -5.339023e-13
3.714915e+01    5.46349e-07     7.896818e-12      -5.314392e-13
3.719820e+01    5.45988e-07     7.870812e-12      -5.289908e-13
3.724725e+01    5.45629e-07     7.844925e-12      -5.265568e-13
3.729630e+01    5.4527e-07      7.819158e-12      -5.241373e-13
3.734535e+01    5.44912e-07     7.793508e-12      -5.216790e-13
3.739439e+01    5.44554e-07     7.767982e-12      -5.192881e-13
3.744344e+01    5.44197e-07     7.742567e-12      -5.169642e-13
3.749249e+01    5.43841e-07     7.717269e-12      -5.146010e-13
3.754154e+01    5.43486e-07     7.692086e-12      -5.122517e-13
3.759059e+01    5.43131e-07     7.667018e-12      -5.099162e-13
3.763964e+01    5.42777e-07     7.642064e-12      -5.075943e-13
3.768869e+01    5.42424e-07     7.617224e-12      -5.052860e-13
3.773774e+01    5.42071e-07     7.592496e-12      -5.029912e-13
3.778679e+01    5.41719e-07     7.567881e-12      -5.007097e-13
3.783584e+01    5.41368e-07     7.543378e-12      -4.983909e-13
3.788488e+01    5.41017e-07     7.518990e-12      -4.961361e-13
3.793393e+01    5.40668e-07     7.494708e-12      -4.939450e-13
3.798298e+01    5.40318e-07     7.470535e-12      -4.917161e-13
3.803203e+01    5.3997e-07      7.446471e-12      -4.895000e-13
3.808108e+01    5.39622e-07     7.422516e-12      -4.872968e-13
3.813013e+01    5.39275e-07     7.398668e-12      -4.851063e-13
3.817918e+01    5.38928e-07     7.374928e-12      -4.829285e-13
3.822823e+01    5.38582e-07     7.351294e-12      -4.807632e-13
3.827728e+01    5.38237e-07     7.327766e-12      -4.786103e-13
3.832633e+01    5.37893e-07     7.304343e-12      -4.764698e-13
3.837538e+01    5.37549e-07     7.281025e-12      -4.742934e-13
3.842442e+01    5.37206e-07     7.257816e-12      -4.721776e-13
3.847347e+01    5.36863e-07     7.234705e-12      -4.701220e-13
3.852252e+01    5.36521e-07     7.211698e-12      -4.680301e-13
3.857157e+01    5.3618e-07      7.188793e-12      -4.659501e-13
3.862062e+01    5.35839e-07     7.165989e-12      -4.638819e-13
3.866967e+01    5.35499e-07     7.143287e-12      -4.618256e-13
3.871872e+01    5.3516e-07      7.120685e-12      -4.597809e-13
3.876777e+01    5.34821e-07     7.098183e-12      -4.577478e-13
3.881682e+01    5.34483e-07     7.075781e-12      -4.557263e-13
3.886587e+01    5.34146e-07     7.053477e-12      -4.536702e-13
3.891491e+01    5.33809e-07     7.031276e-12      -4.516717e-13
3.896396e+01    5.33473e-07     7.009169e-12      -4.497306e-13
3.901301e+01    5.33138e-07     6.987159e-12      -4.477545e-13
3.906206e+01    5.32803e-07     6.965245e-12      -4.457896e-13
3.911111e+01    5.32469e-07     6.943428e-12      -4.438357e-13
3.916016e+01    5.32135e-07     6.921706e-12      -4.418929e-13
3.920921e+01    5.31802e-07     6.900079e-12      -4.399610e-13
3.925826e+01    5.3147e-07      6.878546e-12      -4.380400e-13
3.930731e+01    5.31138e-07     6.857108e-12      -4.361298e-13
3.935636e+01    5.30807e-07     6.835763e-12      -4.342304e-13
3.940541e+01    5.30477e-07     6.814511e-12      -4.322977e-13
3.945445e+01    5.30147e-07     6.793355e-12      -4.304196e-13
3.950350e+01    5.29818e-07     6.772287e-12      -4.285960e-13
3.955255e+01    5.29489e-07     6.751311e-12      -4.267387e-13
3.960160e+01    5.29161e-07     6.730425e-12      -4.248917e-13
3.965065e+01    5.28834e-07     6.709630e-12      -4.230551e-13
3.969970e+01    5.28507e-07     6.688924e-12      -4.212286e-13
3.974875e+01    5.28181e-07     6.668308e-12      -4.194123e-13
3.979780e+01    5.27855e-07     6.647781e-12      -4.176061e-13
3.984685e+01    5.2753e-07      6.627342e-12      -4.158098e-13
3.989590e+01    5.27206e-07     6.606990e-12      -4.139815e-13
3.994494e+01    5.26882e-07     6.586731e-12      -4.122052e-13
3.999399e+01    5.26559e-07     6.566554e-12      -4.104808e-13
4.004304e+01    5.26236e-07     6.546463e-12      -4.087238e-13
4.009209e+01    5.25914e-07     6.526459e-12      -4.069766e-13
4.014114e+01    5.25593e-07     6.506540e-12      -4.052388e-13
4.019019e+01    5.25272e-07     6.486706e-12      -4.035107e-13
4.023924e+01    5.24952e-07     6.466956e-12      -4.017919e-13
4.028829e+01    5.24632e-07     6.447291e-12      -4.000826e-13
4.033734e+01    5.24313e-07     6.427709e-12      -3.983825e-13
4.038639e+01    5.23995e-07     6.408210e-12      -3.966918e-13
4.043544e+01    5.23677e-07     6.388794e-12      -3.949701e-13
4.048448e+01    5.23359e-07     6.369464e-12      -3.932978e-13
4.053353e+01    5.23043e-07     6.350212e-12      -3.916747e-13
4.058258e+01    5.22726e-07     6.331042e-12      -3.900203e-13
4.063163e+01    5.22411e-07     6.311952e-12      -3.883749e-13
4.068068e+01    5.22096e-07     6.292943e-12      -3.867383e-13
4.072973e+01    5.21781e-07     6.274014e-12      -3.851106e-13
4.077878e+01    5.21467e-07     6.255164e-12      -3.834917e-13
4.082783e+01    5.21154e-07     6.236394e-12      -3.818814e-13
4.087688e+01    5.20841e-07     6.217702e-12      -3.802798e-13
4.092593e+01    5.20529e-07     6.199089e-12      -3.786484e-13
4.097497e+01    5.20217e-07     6.180558e-12      -3.770642e-13
4.102402e+01    5.19906e-07     6.162100e-12      -3.755269e-13
4.107307e+01    5.19596e-07     6.143719e-12      -3.739594e-13
4.112212e+01    5.19286e-07     6.125415e-12      -3.724004e-13
4.117117e+01    5.18976e-07     6.107188e-12      -3.708496e-13
4.122022e+01    5.18668e-07     6.089036e-12      -3.693072e-13
4.126927e+01    5.18359e-07     6.070959e-12      -3.677731e-13
4.131832e+01    5.18051e-07     6.052958e-12      -3.662471e-13
4.136737e+01    5.17744e-07     6.035031e-12      -3.647293e-13
4.141642e+01    5.17438e-07     6.017179e-12      -3.632195e-13
4.146547e+01    5.17131e-07     5.999400e-12      -3.616811e-13
4.151451e+01    5.16826e-07     5.981698e-12      -3.601876e-13
4.156356e+01    5.16521e-07     5.964066e-12      -3.587388e-13
4.161261e+01    5.16216e-07     5.946507e-12      -3.572609e-13
4.166166e+01    5.15912e-07     5.929020e-12      -3.557909e-13
4.171071e+01    5.15609e-07     5.911604e-12      -3.543287e-13
4.175976e+01    5.15306e-07     5.894261e-12      -3.528743e-13
4.180881e+01    5.15004e-07     5.876988e-12      -3.514275e-13
4.185786e+01    5.14702e-07     5.859786e-12      -3.499884e-13
4.190691e+01    5.14401e-07     5.842655e-12      -3.485568e-13
4.195596e+01    5.141e-07       5.825593e-12      -3.471328e-13
4.200501e+01    5.138e-07       5.808602e-12      -3.456812e-13
4.205405e+01    5.135e-07       5.791683e-12      -3.442722e-13
4.210310e+01    5.13201e-07     5.774829e-12      -3.429057e-13
4.215215e+01    5.12902e-07     5.758044e-12      -3.415113e-13
4.220120e+01    5.12604e-07     5.741328e-12      -3.401242e-13
4.225025e+01    5.12306e-07     5.724679e-12      -3.387443e-13
4.229930e+01    5.12009e-07     5.708098e-12      -3.373716e-13
4.234835e+01    5.11712e-07     5.691583e-12      -3.360060e-13
4.239740e+01    5.11416e-07     5.675136e-12      -3.346475e-13
4.244645e+01    5.11121e-07     5.658755e-12      -3.332961e-13
4.249550e+01    5.10826e-07     5.642440e-12      -3.319179e-13
4.254454e+01    5.10531e-07     5.626195e-12      -3.305806e-13
4.259359e+01    5.10237e-07     5.610011e-12      -3.292839e-13
4.264264e+01    5.09944e-07     5.593892e-12      -3.279602e-13
4.269169e+01    5.09651e-07     5.577839e-12      -3.266433e-13
4.274074e+01    5.09358e-07     5.561849e-12      -3.253332e-13
4.278979e+01    5.09066e-07     5.545924e-12      -3.240299e-13
4.283884e+01    5.08775e-07     5.530063e-12      -3.227332e-13
4.288789e+01    5.08484e-07     5.514265e-12      -3.214432e-13
4.293694e+01    5.08193e-07     5.498530e-12      -3.201598e-13
4.298599e+01    5.07903e-07     5.482858e-12      -3.188830e-13
4.303504e+01    5.07613e-07     5.467248e-12      -3.175805e-13
4.308408e+01    5.07324e-07     5.451704e-12      -3.163168e-13
4.313313e+01    5.07036e-07     5.436218e-12      -3.150918e-13
4.318218e+01    5.06748e-07     5.420794e-12      -3.138408e-13
4.323123e+01    5.0646e-07      5.405431e-12      -3.125963e-13
4.328028e+01    5.06173e-07     5.390129e-12      -3.113580e-13
4.332933e+01    5.05887e-07     5.374887e-12      -3.101260e-13
4.337838e+01    5.05601e-07     5.359706e-12      -3.089003e-13
4.342743e+01    5.05315e-07     5.344584e-12      -3.076808e-13
4.347648e+01    5.0503e-07      5.329523e-12      -3.064674e-13
4.352553e+01    5.04745e-07     5.314521e-12      -3.052292e-13
4.357457e+01    5.04461e-07     5.299580e-12      -3.040283e-13
4.362362e+01    5.04177e-07     5.284696e-12      -3.028644e-13
4.367267e+01    5.03894e-07     5.269870e-12      -3.016754e-13
4.372172e+01    5.03611e-07     5.255102e-12      -3.004924e-13
4.377077e+01    5.03329e-07     5.240392e-12      -2.993154e-13
4.381982e+01    5.03047e-07     5.225740e-12      -2.981443e-13
4.386887e+01    5.02766e-07     5.211145e-12      -2.969791e-13
4.391792e+01    5.02485e-07     5.196607e-12      -2.958198e-13
4.396697e+01    5.02205e-07     5.182126e-12      -2.946663e-13
4.401602e+01    5.01925e-07     5.167701e-12      -2.935187e-13
4.406507e+01    5.01646e-07     5.153332e-12      -2.923471e-13
4.411411e+01    5.01367e-07     5.139022e-12      -2.912110e-13
4.416316e+01    5.01088e-07     5.124765e-12      -2.901103e-13
4.421221e+01    5.0081e-07      5.110563e-12      -2.889855e-13
4.426126e+01    5.00533e-07     5.096416e-12      -2.878662e-13
4.431031e+01    5.00255e-07     5.082324e-12      -2.867526e-13
4.435936e+01    4.99979e-07     5.068286e-12      -2.856445e-13
4.440841e+01    4.99703e-07     5.054302e-12      -2.845419e-13
4.445746e+01    4.99427e-07     5.040373e-12      -2.834448e-13
4.450651e+01    4.99152e-07     5.026497e-12      -2.823531e-13
4.455556e+01    4.98877e-07     5.012675e-12      -2.812382e-13
4.460460e+01    4.98602e-07     4.998908e-12      -2.801574e-13
4.465365e+01    4.98328e-07     4.985192e-12      -2.791104e-13
4.470270e+01    4.98055e-07     4.971528e-12      -2.780401e-13
4.475175e+01    4.97782e-07     4.957916e-12      -2.769750e-13
4.480080e+01    4.97509e-07     4.944357e-12      -2.759151e-13
4.484985e+01    4.97237e-07     4.930850e-12      -2.748605e-13
4.489890e+01    4.96966e-07     4.917394e-12      -2.738109e-13
4.494795e+01    4.96694e-07     4.903989e-12      -2.727665e-13
4.499700e+01    4.96424e-07     4.890636e-12      -2.717272e-13
4.504605e+01    4.96153e-07     4.877333e-12      -2.706930e-13
4.509510e+01    4.95883e-07     4.864081e-12      -2.696363e-13
4.514414e+01    4.95614e-07     4.850883e-12      -2.686122e-13
4.519319e+01    4.95345e-07     4.837731e-12      -2.676205e-13
4.524224e+01    4.95076e-07     4.824630e-12      -2.666062e-13
4.529129e+01    4.94808e-07     4.811578e-12      -2.655968e-13
4.534034e+01    4.9454e-07      4.798575e-12      -2.645923e-13
4.538939e+01    4.94273e-07     4.785622e-12      -2.635927e-13
4.543844e+01    4.94006e-07     4.772717e-12      -2.625980e-13
4.548749e+01    4.9374e-07      4.759861e-12      -2.616080e-13
4.553654e+01    4.93474e-07     4.747054e-12      -2.606229e-13
4.558559e+01    4.93208e-07     4.734295e-12      -2.596161e-13
4.563463e+01    4.92943e-07     4.721586e-12      -2.586406e-13
4.568368e+01    4.92679e-07     4.708922e-12      -2.576961e-13
4.573273e+01    4.92414e-07     4.696306e-12      -2.567299e-13
4.578178e+01    4.9215e-07      4.683738e-12      -2.557683e-13
4.583083e+01    4.91887e-07     4.671216e-12      -2.548114e-13
4.587988e+01    4.91624e-07     4.658741e-12      -2.538591e-13
4.592893e+01    4.91361e-07     4.646313e-12      -2.529113e-13
4.597798e+01    4.91099e-07     4.633931e-12      -2.519682e-13
4.602703e+01    4.90838e-07     4.621595e-12      -2.510296e-13
4.607608e+01    4.90576e-07     4.609306e-12      -2.500955e-13
4.612513e+01    4.90315e-07     4.597061e-12      -2.491406e-13
4.617417e+01    4.90055e-07     4.584865e-12      -2.482155e-13
4.622322e+01    4.89795e-07     4.572712e-12      -2.473202e-13
4.627227e+01    4.89535e-07     4.560604e-12      -2.464039e-13
4.632132e+01    4.89276e-07     4.548540e-12      -2.454920e-13
4.637037e+01    4.89017e-07     4.536521e-12      -2.445844e-13
4.641942e+01    4.88759e-07     4.524547e-12      -2.436812e-13
4.646847e+01    4.88501e-07     4.512617e-12      -2.427822e-13
4.651752e+01    4.88243e-07     4.500731e-12      -2.418876e-13
4.656657e+01    4.87986e-07     4.488888e-12      -2.409971e-13
4.661562e+01    4.87729e-07     4.477089e-12      -2.400865e-13
4.666466e+01    4.87473e-07     4.465336e-12      -2.392046e-13
4.671371e+01    4.87217e-07     4.453624e-12      -2.383513e-13
4.676276e+01    4.86961e-07     4.441954e-12      -2.374775e-13
4.681181e+01    4.86706e-07     4.430328e-12      -2.366079e-13
4.686086e+01    4.86451e-07     4.418743e-12      -2.357424e-13
4.690991e+01    4.86197e-07     4.407202e-12      -2.348810e-13
4.695896e+01    4.85943e-07     4.395702e-12      -2.340236e-13
4.700801e+01    4.85689e-07     4.384244e-12      -2.331701e-13
4.705706e+01    4.85436e-07     4.372829e-12      -2.323207e-13
4.710611e+01    4.85183e-07     4.361454e-12      -2.314753e-13
4.715516e+01    4.84931e-07     4.350121e-12      -2.306103e-13
4.720420e+01    4.84679e-07     4.338832e-12      -2.297728e-13
4.725325e+01    4.84427e-07     4.327581e-12      -2.289626e-13
4.730230e+01    4.84176e-07     4.316371e-12      -2.281328e-13
4.735135e+01    4.83925e-07     4.305202e-12      -2.273068e-13
4.740040e+01    4.83675e-07     4.294073e-12      -2.264846e-13
4.744945e+01    4.83425e-07     4.282984e-12      -2.256663e-13
4.749850e+01    4.83175e-07     4.271935e-12      -2.248517e-13
4.754755e+01    4.82926e-07     4.260926e-12      -2.240409e-13
4.759660e+01    4.82677e-07     4.249957e-12      -2.232339e-13
4.764565e+01    4.82428e-07     4.239028e-12      -2.224080e-13
4.769469e+01    4.8218e-07      4.228139e-12      -2.216084e-13
4.774374e+01    4.81932e-07     4.217288e-12      -2.208352e-13
4.779279e+01    4.81685e-07     4.206476e-12      -2.200429e-13
4.784184e+01    4.81438e-07     4.195702e-12      -2.192543e-13
4.789089e+01    4.81191e-07     4.184967e-12      -2.184694e-13
4.793994e+01    4.80945e-07     4.174271e-12      -2.176880e-13
4.798899e+01    4.80699e-07     4.163613e-12      -2.169102e-13
4.803804e+01    4.80454e-07     4.152992e-12      -2.161360e-13
4.808709e+01    4.80209e-07     4.142410e-12      -2.153653e-13
4.813614e+01    4.79964e-07     4.131866e-12      -2.145981e-13
4.818519e+01    4.7972e-07      4.121358e-12      -2.138128e-13
4.823423e+01    4.79476e-07     4.110891e-12      -2.130527e-13
4.828328e+01    4.79232e-07     4.100458e-12      -2.123178e-13
4.833233e+01    4.78989e-07     4.090063e-12      -2.115645e-13
4.838138e+01    4.78746e-07     4.079704e-12      -2.108147e-13
4.843043e+01    4.78503e-07     4.069382e-12      -2.100683e-13
4.847948e+01    4.78261e-07     4.059097e-12      -2.093253e-13
4.852853e+01    4.7802e-07      4.048848e-12      -2.085856e-13
4.857758e+01    4.77778e-07     4.038635e-12      -2.078493e-13
4.862663e+01    4.77537e-07     4.028458e-12      -2.071164e-13
4.867568e+01    4.77296e-07     4.018317e-12      -2.063658e-13
4.872472e+01    4.77056e-07     4.008214e-12      -2.056395e-13
4.877377e+01    4.76816e-07     3.998145e-12      -2.049375e-13
4.882282e+01    4.76577e-07     3.988110e-12      -2.042178e-13
4.887187e+01    4.76337e-07     3.978111e-12      -2.035013e-13
4.892092e+01    4.76099e-07     3.968147e-12      -2.027880e-13
4.896997e+01    4.7586e-07      3.958218e-12      -2.020780e-13
4.901902e+01    4.75622e-07     3.948324e-12      -2.013711e-13
4.906807e+01    4.75384e-07     3.938464e-12      -2.006675e-13
4.911712e+01    4.75147e-07     3.928639e-12      -1.999670e-13
4.916617e+01    4.7491e-07      3.918848e-12      -1.992696e-13
4.921522e+01    4.74673e-07     3.909091e-12      -1.985552e-13
4.926426e+01    4.74437e-07     3.899370e-12      -1.978642e-13
4.931331e+01    4.74201e-07     3.889681e-12      -1.971964e-13
4.936236e+01    4.73965e-07     3.880025e-12      -1.965115e-13
4.941141e+01    4.7373e-07      3.870403e-12      -1.958296e-13
4.946046e+01    4.73495e-07     3.860815e-12      -1.951508e-13
4.950951e+01    4.7326e-07      3.851259e-12      -1.944750e-13
4.955856e+01    4.73026e-07     3.841737e-12      -1.938021e-13
4.960761e+01    4.72792e-07     3.832248e-12      -1.931323e-13
4.965666e+01    4.72558e-07     3.822791e-12      -1.924654e-13
4.970571e+01    4.72325e-07     3.813367e-12      -1.917820e-13
4.975475e+01    4.72092e-07     3.803978e-12      -1.911211e-13
4.980380e+01    4.7186e-07      3.794619e-12      -1.904826e-13
4.985285e+01    4.71628e-07     3.785292e-12      -1.898275e-13
4.990190e+01    4.71396e-07     3.775997e-12      -1.891752e-13
4.995095e+01    4.71164e-07     3.766734e-12      -1.885258e-13
5.000000e+01    4.70933e-07     3.757503e-12      -9.410091e-14
