# Generated by Dust Drift Simulation (Date: Jan 23 2026 08:54:11)
# Time: 1.450480e+04 years
#--------------------------------------------------------------------------
# Radius_AU       GasSurfDensity  GasPressure     GasPressureDeriv
#--------------------------------------------------------------------------
1.000000e+00    3.30663e-06     6.595767e-08      -7.597267e-08
1.049049e+00    3.2278e-06      5.850531e-08      -1.406392e-07
1.098098e+00    3.15319e-06     5.216123e-08      -1.201183e-07
1.147147e+00    3.08233e-06     4.672194e-08      -1.033032e-07
1.196196e+00    3.01479e-06     4.202738e-08      -8.941493e-08
1.245245e+00    2.95017e-06     3.795050e-08      -7.785904e-08
1.294294e+00    2.8881e-06      3.438956e-08      -6.817757e-08
1.343343e+00    2.82824e-06     3.126242e-08      -6.001405e-08
1.392392e+00    2.77027e-06     2.850229e-08      -5.308844e-08
1.441441e+00    2.71392e-06     2.605454e-08      -4.717881e-08
1.490490e+00    2.65892e-06     2.387414e-08      -4.210812e-08
1.539540e+00    2.60506e-06     2.192381e-08      -3.773270e-08
1.588589e+00    2.55215e-06     2.017264e-08      -3.393659e-08
1.637638e+00    2.50003e-06     1.859470e-08      -3.062566e-08
1.686687e+00    2.44859e-06     1.716832e-08      -2.772140e-08
1.735736e+00    2.39778e-06     1.587528e-08      -2.515910e-08
1.784785e+00    2.34756e-06     1.470026e-08      -2.288485e-08
1.833834e+00    2.29798e-06     1.363032e-08      -2.085350e-08
1.882883e+00    2.24913e-06     1.265457e-08      -1.902709e-08
1.931932e+00    2.20116e-06     1.176380e-08      -1.737362e-08
1.980981e+00    2.15429e-06     1.095025e-08      -1.586611e-08
2.030030e+00    2.10882e-06     1.020737e-08      -1.448179e-08
2.079079e+00    2.06508e-06     9.529614e-09      -1.320159e-08
2.128128e+00    2.02351e-06     8.912315e-09      -1.200960e-08
2.177177e+00    1.98459e-06     8.351495e-09      -1.089282e-08
2.226226e+00    1.94887e-06     7.843751e-09      -9.840834e-09
2.275275e+00    1.91692e-06     7.386128e-09      -8.845710e-09
2.324324e+00    1.88938e-06     6.976003e-09      -7.901867e-09
2.373373e+00    1.86688e-06     6.610970e-09      -7.006051e-09
2.422422e+00    1.85004e-06     6.288723e-09      -6.157340e-09
2.471471e+00    1.83944e-06     6.006946e-09      -5.357167e-09
2.520521e+00    1.83554e-06     5.763195e-09      -4.609427e-09
2.569570e+00    1.83868e-06     5.554770e-09      -3.920414e-09
2.618619e+00    1.84899e-06     5.378610e-09      -3.298710e-09
2.667668e+00    1.8663e-06      5.231173e-09      -2.754985e-09
2.716717e+00    1.89012e-06     5.108351e-09      -2.301387e-09
2.765766e+00    1.91951e-06     5.005412e-09      -1.950578e-09
2.814815e+00    1.95308e-06     4.917003e-09      -1.714234e-09
2.863864e+00    1.98895e-06     4.837248e-09      -1.600943e-09
2.912913e+00    2.02478e-06     4.759954e-09      -1.613571e-09
2.961962e+00    2.05792e-06     4.678960e-09      -1.746377e-09
3.011011e+00    2.08559e-06     4.588637e-09      -1.982484e-09
3.060060e+00    2.10519e-06     4.484482e-09      -2.292643e-09
3.109109e+00    2.11471e-06     4.363734e-09      -2.636409e-09
3.158158e+00    2.11301e-06     4.225856e-09      -2.966627e-09
3.207207e+00    2.10019e-06     4.072713e-09      -3.237148e-09
3.256256e+00    2.07752e-06     3.908297e-09      -3.412210e-09
3.305305e+00    2.04729e-06     3.737982e-09      -3.474365e-09
3.354354e+00    2.01232e-06     3.567469e-09      -3.427504e-09
3.403403e+00    1.97537e-06     3.401750e-09      -3.293277e-09
3.452452e+00    1.9387e-06      3.244405e-09      -3.102357e-09
3.501502e+00    1.90383e-06     3.097415e-09      -2.885248e-09
3.550551e+00    1.87156e-06     2.961367e-09      -2.665281e-09
3.599600e+00    1.84216e-06     2.835956e-09      -2.456657e-09
3.648649e+00    1.81557e-06     2.720374e-09      -2.266325e-09
3.697698e+00    1.79154e-06     2.613634e-09      -2.096185e-09
3.746747e+00    1.76979e-06     2.514742e-09      -1.945503e-09
3.795796e+00    1.75001e-06     2.422784e-09      -1.812398e-09
3.844845e+00    1.73192e-06     2.336949e-09      -1.694625e-09
3.893894e+00    1.71527e-06     2.256544e-09      -1.590017e-09
3.942943e+00    1.69985e-06     2.180972e-09      -1.496651e-09
3.991992e+00    1.68549e-06     2.109725e-09      -1.412928e-09
4.041041e+00    1.67201e-06     2.042366e-09      -1.337378e-09
4.090090e+00    1.65931e-06     1.978531e-09      -1.268780e-09
4.139139e+00    1.64728e-06     1.917901e-09      -1.206324e-09
4.188188e+00    1.6358e-06      1.860193e-09      -1.149000e-09
4.237237e+00    1.62483e-06     1.805187e-09      -1.096125e-09
4.286286e+00    1.61429e-06     1.752665e-09      -1.047356e-09
4.335335e+00    1.60412e-06     1.702443e-09      -1.002000e-09
4.384384e+00    1.5943e-06      1.654371e-09      -9.596421e-10
4.433433e+00    1.58478e-06     1.608304e-09      -9.201209e-10
4.482482e+00    1.57552e-06     1.564109e-09      -8.829913e-10
4.531532e+00    1.56651e-06     1.521684e-09      -8.480949e-10
4.580581e+00    1.55772e-06     1.480913e-09      -8.153085e-10
4.629630e+00    1.54913e-06     1.441704e-09      -7.841995e-10
4.678679e+00    1.54074e-06     1.403984e-09      -7.547867e-10
4.727728e+00    1.53251e-06     1.367661e-09      -7.269398e-10
4.776777e+00    1.52445e-06     1.332673e-09      -7.004576e-10
4.825826e+00    1.51654e-06     1.298947e-09      -6.754017e-10
4.874875e+00    1.50877e-06     1.266417e-09      -6.515144e-10
4.923924e+00    1.50114e-06     1.235035e-09      -6.287128e-10
4.972973e+00    1.49364e-06     1.204741e-09      -6.070070e-10
5.022022e+00    1.48626e-06     1.175489e-09      -5.862524e-10
5.071071e+00    1.47901e-06     1.147231e-09      -5.664668e-10
5.120120e+00    1.47186e-06     1.119919e-09      -5.475945e-10
5.169169e+00    1.46482e-06     1.093513e-09      -5.295084e-10
5.218218e+00    1.45789e-06     1.067976e-09      -5.121652e-10
5.267267e+00    1.45107e-06     1.043271e-09      -4.955962e-10
5.316316e+00    1.44434e-06     1.019359e-09      -4.797602e-10
5.365365e+00    1.4377e-06      9.962073e-10      -4.644819e-10
5.414414e+00    1.43117e-06     9.737937e-10      -4.498672e-10
5.463463e+00    1.42471e-06     9.520761e-10      -4.359537e-10
5.512513e+00    1.41834e-06     9.310275e-10      -4.224388e-10
5.561562e+00    1.41208e-06     9.106357e-10      -4.094930e-10
5.610611e+00    1.40588e-06     8.908570e-10      -3.971015e-10
5.659660e+00    1.39977e-06     8.716808e-10      -3.851675e-10
5.708709e+00    1.39374e-06     8.530728e-10      -3.737335e-10
5.757758e+00    1.38779e-06     8.350183e-10      -3.626550e-10
5.806807e+00    1.38191e-06     8.174971e-10      -3.520346e-10
5.855856e+00    1.37611e-06     8.004843e-10      -3.418522e-10
5.904905e+00    1.37038e-06     7.839620e-10      -3.320296e-10
5.953954e+00    1.36472e-06     7.679129e-10      -3.224960e-10
6.003003e+00    1.35914e-06     7.523258e-10      -3.133487e-10
6.052052e+00    1.35362e-06     7.371740e-10      -3.045730e-10
6.101101e+00    1.34816e-06     7.224477e-10      -2.960966e-10
6.150150e+00    1.34277e-06     7.081274e-10      -2.879085e-10
6.199199e+00    1.33745e-06     6.942044e-10      -2.799956e-10
6.248248e+00    1.33219e-06     6.806604e-10      -2.723985e-10
6.297297e+00    1.32699e-06     6.674827e-10      -2.650530e-10
6.346346e+00    1.32185e-06     6.546592e-10      -2.579489e-10
6.395395e+00    1.31677e-06     6.421784e-10      -2.510764e-10
6.444444e+00    1.31175e-06     6.300291e-10      -2.444269e-10
6.493493e+00    1.30679e-06     6.182006e-10      -2.380400e-10
6.542543e+00    1.30188e-06     6.066778e-10      -2.318557e-10
6.591592e+00    1.29703e-06     5.954560e-10      -2.258648e-10
6.640641e+00    1.29223e-06     5.845209e-10      -2.201092e-10
6.689690e+00    1.28748e-06     5.738637e-10      -2.144891e-10
6.738739e+00    1.28279e-06     5.634799e-10      -2.090858e-10
6.787788e+00    1.27814e-06     5.533528e-10      -2.038496e-10
6.836837e+00    1.27355e-06     5.434827e-10      -1.987303e-10
6.885886e+00    1.26901e-06     5.338577e-10      -1.938503e-10
6.934935e+00    1.26451e-06     5.244663e-10      -1.891175e-10
6.983984e+00    1.26006e-06     5.153056e-10      -1.844848e-10
7.033033e+00    1.25566e-06     5.063687e-10      -1.799898e-10
7.082082e+00    1.25131e-06     4.976490e-10      -1.756673e-10
7.131131e+00    1.247e-06       4.891361e-10      -1.715106e-10
7.180180e+00    1.24273e-06     4.808241e-10      -1.674362e-10
7.229229e+00    1.23851e-06     4.727109e-10      -1.634790e-10
7.278278e+00    1.23433e-06     4.647871e-10      -1.596733e-10
7.327327e+00    1.23019e-06     4.570473e-10      -1.559760e-10
7.376376e+00    1.22609e-06     4.494862e-10      -1.523829e-10
7.425425e+00    1.22203e-06     4.420988e-10      -1.488551e-10
7.474474e+00    1.21802e-06     4.348838e-10      -1.454623e-10
7.523524e+00    1.21404e-06     4.278292e-10      -1.421983e-10
7.572573e+00    1.2101e-06      4.209344e-10      -1.389882e-10
7.621622e+00    1.2062e-06      4.141948e-10      -1.358673e-10
7.670671e+00    1.20234e-06     4.076061e-10      -1.328648e-10
7.719720e+00    1.19851e-06     4.011610e-10      -1.299111e-10
7.768769e+00    1.19473e-06     3.948620e-10      -1.270689e-10
7.817818e+00    1.19097e-06     3.886958e-10      -1.243359e-10
7.866867e+00    1.18725e-06     3.826649e-10      -1.216109e-10
7.915916e+00    1.18357e-06     3.767660e-10      -1.189894e-10
7.964965e+00    1.17992e-06     3.709923e-10      -1.164682e-10
8.014014e+00    1.1763e-06      3.653406e-10      -1.139819e-10
8.063063e+00    1.17272e-06     3.598109e-10      -1.115598e-10
8.112112e+00    1.16917e-06     3.543968e-10      -1.092305e-10
8.161161e+00    1.16565e-06     3.490956e-10      -1.069607e-10
8.210210e+00    1.16216e-06     3.439042e-10      -1.047194e-10
8.259259e+00    1.15871e-06     3.388228e-10      -1.025635e-10
8.308308e+00    1.15528e-06     3.338429e-10      -1.004626e-10
8.357357e+00    1.15189e-06     3.289676e-10      -9.841347e-11
8.406406e+00    1.14852e-06     3.241888e-10      -9.641595e-11
8.455455e+00    1.14519e-06     3.195094e-10      -9.446814e-11
8.504505e+00    1.14188e-06     3.149216e-10      -9.259522e-11
8.553554e+00    1.1386e-06      3.104260e-10      -9.073996e-11
8.602603e+00    1.13535e-06     3.060202e-10      -8.893061e-11
8.651652e+00    1.13213e-06     3.017021e-10      -8.719148e-11
8.700701e+00    1.12893e-06     2.974669e-10      -8.549427e-11
8.749750e+00    1.12576e-06     2.933152e-10      -8.381158e-11
8.798799e+00    1.12262e-06     2.892451e-10      -8.219434e-11
8.847848e+00    1.1195e-06      2.852521e-10      -8.061550e-11
8.896897e+00    1.11641e-06     2.813369e-10      -7.904865e-11
8.945946e+00    1.11335e-06     2.774976e-10      -7.754332e-11
8.994995e+00    1.11031e-06     2.737300e-10      -7.609765e-11
9.044044e+00    1.10729e-06     2.700326e-10      -7.466098e-11
9.093093e+00    1.1043e-06      2.664059e-10      -7.323337e-11
9.142142e+00    1.10134e-06     2.628485e-10      -7.188557e-11
9.191191e+00    1.09839e-06     2.593541e-10      -7.054574e-11
9.240240e+00    1.09548e-06     2.559281e-10      -6.923553e-11
9.289289e+00    1.09258e-06     2.525622e-10      -6.797833e-11
9.338338e+00    1.08971e-06     2.492596e-10      -6.672637e-11
9.387387e+00    1.08686e-06     2.460165e-10      -6.552487e-11
9.436436e+00    1.08403e-06     2.428317e-10      -6.434988e-11
9.485485e+00    1.08122e-06     2.397039e-10      -6.317942e-11
9.534535e+00    1.07844e-06     2.366339e-10      -6.205558e-11
9.583584e+00    1.07567e-06     2.336164e-10      -6.095612e-11
9.632633e+00    1.07293e-06     2.306542e-10      -5.985943e-11
9.681682e+00    1.07021e-06     2.277443e-10      -5.880769e-11
9.730731e+00    1.06751e-06     2.248853e-10      -5.777870e-11
9.779780e+00    1.06483e-06     2.220763e-10      -5.677170e-11
9.828829e+00    1.06217e-06     2.193161e-10      -5.578610e-11
9.877878e+00    1.05953e-06     2.166038e-10      -5.482137e-11
9.926927e+00    1.05691e-06     2.139382e-10      -5.387715e-11
9.975976e+00    1.05431e-06     2.113185e-10      -5.297457e-11
1.002503e+01    1.05172e-06     2.087415e-10      -5.206527e-11
1.007407e+01    1.04916e-06     2.062110e-10      -5.115724e-11
1.012312e+01    1.04662e-06     2.037231e-10      -5.031267e-11
1.017217e+01    1.04409e-06     2.012754e-10      -4.948152e-11
1.022122e+01    1.04158e-06     1.988691e-10      -4.864816e-11
1.027027e+01    1.03909e-06     1.965032e-10      -4.783183e-11
1.031932e+01    1.03662e-06     1.941769e-10      -4.705051e-11
1.036837e+01    1.03416e-06     1.918876e-10      -4.626682e-11
1.041742e+01    1.03173e-06     1.896382e-10      -4.549876e-11
1.046647e+01    1.02931e-06     1.874242e-10      -4.478225e-11
1.051552e+01    1.0269e-06      1.852451e-10      -4.404079e-11
1.056456e+01    1.02452e-06     1.831039e-10      -4.331730e-11
1.061361e+01    1.02215e-06     1.809958e-10      -4.264699e-11
1.066266e+01    1.01979e-06     1.789203e-10      -4.196887e-11
1.071171e+01    1.01745e-06     1.768787e-10      -4.128640e-11
1.076076e+01    1.01513e-06     1.748702e-10      -4.061731e-11
1.080981e+01    1.01283e-06     1.728942e-10      -3.997837e-11
1.085886e+01    1.01054e-06     1.709484e-10      -3.936863e-11
1.090791e+01    1.00826e-06     1.690322e-10      -3.875382e-11
1.095696e+01    1.006e-06       1.671467e-10      -3.813412e-11
1.100601e+01    1.00376e-06     1.652914e-10      -3.754257e-11
1.105506e+01    1.00153e-06     1.634639e-10      -3.696755e-11
1.110410e+01    9.99315e-07     1.616649e-10      -3.639825e-11
1.115315e+01    9.97115e-07     1.598933e-10      -3.584256e-11
1.120220e+01    9.9493e-07      1.581488e-10      -3.529587e-11
1.125125e+01    9.92759e-07     1.564308e-10      -3.476095e-11
1.130030e+01    9.90602e-07     1.547388e-10      -3.423594e-11
1.134935e+01    9.88459e-07     1.530724e-10      -3.372060e-11
1.139840e+01    9.8633e-07      1.514309e-10      -3.321475e-11
1.144745e+01    9.84215e-07     1.498140e-10      -3.271965e-11
1.149650e+01    9.82113e-07     1.482212e-10      -3.223360e-11
1.154555e+01    9.80025e-07     1.466520e-10      -3.175378e-11
1.159459e+01    9.7795e-07      1.451062e-10      -3.128667e-11
1.164364e+01    9.75888e-07     1.435828e-10      -3.083054e-11
1.169269e+01    9.73839e-07     1.420818e-10      -3.038144e-11
1.174174e+01    9.71802e-07     1.406025e-10      -2.993894e-11
1.179079e+01    9.69779e-07     1.391448e-10      -2.950427e-11
1.183984e+01    9.67768e-07     1.377082e-10      -2.907872e-11
1.188889e+01    9.6577e-07      1.362923e-10      -2.866068e-11
1.193794e+01    9.63784e-07     1.348966e-10      -2.825137e-11
1.198699e+01    9.6181e-07      1.335208e-10      -2.784921e-11
1.203604e+01    9.59848e-07     1.321646e-10      -2.745405e-11
1.208509e+01    9.57898e-07     1.308277e-10      -2.706354e-11
1.213413e+01    9.5596e-07      1.295098e-10      -2.668195e-11
1.218318e+01    9.54034e-07     1.282102e-10      -2.631045e-11
1.223223e+01    9.52119e-07     1.269288e-10      -2.594314e-11
1.228128e+01    9.50216e-07     1.256652e-10      -2.558209e-11
1.233033e+01    9.48324e-07     1.244192e-10      -2.522718e-11
1.237938e+01    9.46444e-07     1.231905e-10      -2.487956e-11
1.242843e+01    9.44574e-07     1.219786e-10      -2.453783e-11
1.247748e+01    9.42716e-07     1.207834e-10      -2.420181e-11
1.252653e+01    9.40868e-07     1.196044e-10      -2.387142e-11
1.257558e+01    9.39032e-07     1.184416e-10      -2.354462e-11
1.262462e+01    9.37206e-07     1.172947e-10      -2.322641e-11
1.267367e+01    9.35391e-07     1.161632e-10      -2.291536e-11
1.272272e+01    9.33586e-07     1.150468e-10      -2.260875e-11
1.277177e+01    9.31791e-07     1.139453e-10      -2.230596e-11
1.282082e+01    9.30007e-07     1.128586e-10      -2.200809e-11
1.286987e+01    9.28233e-07     1.117863e-10      -2.171510e-11
1.291892e+01    9.2647e-07      1.107284e-10      -2.142804e-11
1.296797e+01    9.24716e-07     1.096843e-10      -2.114682e-11
1.301702e+01    9.22972e-07     1.086539e-10      -2.086894e-11
1.306607e+01    9.21238e-07     1.076371e-10      -2.059553e-11
1.311512e+01    9.19514e-07     1.066336e-10      -2.032598e-11
1.316416e+01    9.17799e-07     1.056432e-10      -2.006237e-11
1.321321e+01    9.16094e-07     1.046655e-10      -1.980458e-11
1.326226e+01    9.14398e-07     1.037004e-10      -1.954922e-11
1.331131e+01    9.12712e-07     1.027477e-10      -1.929789e-11
1.336036e+01    9.11035e-07     1.018073e-10      -1.905160e-11
1.340941e+01    9.09367e-07     1.008788e-10      -1.880807e-11
1.345846e+01    9.07709e-07     9.996224e-11      -1.856942e-11
1.350751e+01    9.06059e-07     9.905718e-11      -1.833448e-11
1.355656e+01    9.04419e-07     9.816366e-11      -1.810318e-11
1.360561e+01    9.02787e-07     9.728129e-11      -1.787506e-11
1.365465e+01    9.01164e-07     9.641015e-11      -1.765083e-11
1.370370e+01    8.9955e-07      9.554978e-11      -1.743251e-11
1.375275e+01    8.97944e-07     9.470005e-11      -1.721608e-11
1.380180e+01    8.96347e-07     9.386091e-11      -1.700190e-11
1.385085e+01    8.94759e-07     9.303220e-11      -1.679200e-11
1.389990e+01    8.93179e-07     9.221365e-11      -1.658629e-11
1.394895e+01    8.91607e-07     9.140512e-11      -1.638266e-11
1.399800e+01    8.90044e-07     9.060654e-11      -1.618308e-11
1.404705e+01    8.88488e-07     8.981759e-11      -1.598649e-11
1.409610e+01    8.86941e-07     8.903830e-11      -1.579181e-11
1.414515e+01    8.85402e-07     8.826844e-11      -1.559975e-11
1.419419e+01    8.83871e-07     8.750799e-11      -1.541179e-11
1.424324e+01    8.82348e-07     8.675657e-11      -1.522883e-11
1.429229e+01    8.80832e-07     8.601407e-11      -1.504633e-11
1.434134e+01    8.79325e-07     8.528056e-11      -1.486649e-11
1.439039e+01    8.77825e-07     8.455570e-11      -1.469024e-11
1.443944e+01    8.76333e-07     8.383947e-11      -1.451654e-11
1.448849e+01    8.74848e-07     8.313165e-11      -1.434536e-11
1.453754e+01    8.73371e-07     8.243222e-11      -1.417664e-11
1.458659e+01    8.71901e-07     8.174095e-11      -1.401035e-11
1.463564e+01    8.70439e-07     8.105783e-11      -1.384531e-11
1.468468e+01    8.68984e-07     8.038275e-11      -1.368377e-11
1.473373e+01    8.67537e-07     7.971548e-11      -1.352654e-11
1.478278e+01    8.66096e-07     7.905583e-11      -1.337043e-11
1.483183e+01    8.64663e-07     7.840386e-11      -1.321563e-11
1.488088e+01    8.63237e-07     7.775940e-11      -1.306391e-11
1.492993e+01    8.61818e-07     7.712232e-11      -1.291520e-11
1.497898e+01    8.60405e-07     7.649244e-11      -1.276769e-11
1.502803e+01    8.59e-07        7.586983e-11      -1.262137e-11
1.507708e+01    8.57602e-07     7.525431e-11      -1.247881e-11
1.512613e+01    8.5621e-07      7.464569e-11      -1.233824e-11
1.517518e+01    8.54825e-07     7.404395e-11      -1.219776e-11
1.522422e+01    8.53447e-07     7.344911e-11      -1.206020e-11
1.527327e+01    8.52076e-07     7.286087e-11      -1.192637e-11
1.532232e+01    8.50711e-07     7.227915e-11      -1.179422e-11
1.537137e+01    8.49352e-07     7.170388e-11      -1.166222e-11
1.542042e+01    8.48001e-07     7.113511e-11      -1.153282e-11
1.546947e+01    8.46655e-07     7.057253e-11      -1.140602e-11
1.551852e+01    8.45316e-07     7.001620e-11      -1.128011e-11
1.556757e+01    8.43983e-07     6.946597e-11      -1.115588e-11
1.561662e+01    8.42657e-07     6.892183e-11      -1.103333e-11
1.566567e+01    8.41337e-07     6.838362e-11      -1.091235e-11
1.571471e+01    8.40023e-07     6.785135e-11      -1.079386e-11
1.576376e+01    8.38715e-07     6.732477e-11      -1.067784e-11
1.581281e+01    8.37413e-07     6.680388e-11      -1.056247e-11
1.586186e+01    8.36117e-07     6.628861e-11      -1.044861e-11
1.591091e+01    8.34827e-07     6.577889e-11      -1.033548e-11
1.595996e+01    8.33544e-07     6.527472e-11      -1.022461e-11
1.600901e+01    8.32266e-07     6.477587e-11      -1.011598e-11
1.605806e+01    8.30994e-07     6.428236e-11      -1.000876e-11
1.610711e+01    8.29727e-07     6.379403e-11      -9.902181e-12
1.615616e+01    8.28467e-07     6.331097e-11      -9.796974e-12
1.620521e+01    8.27212e-07     6.283297e-11      -9.693094e-12
1.625425e+01    8.25963e-07     6.236010e-11      -9.590600e-12
1.630330e+01    8.2472e-07      6.189215e-11      -9.490948e-12
1.635235e+01    8.23482e-07     6.142906e-11      -9.391797e-12
1.640140e+01    8.2225e-07      6.097083e-11      -9.293911e-12
1.645045e+01    8.21023e-07     6.051734e-11      -9.197275e-12
1.649950e+01    8.19802e-07     6.006859e-11      -9.101862e-12
1.654855e+01    8.18586e-07     5.962446e-11      -9.007671e-12
1.659760e+01    8.17376e-07     5.918496e-11      -8.915373e-12
1.664665e+01    8.1617e-07      5.874988e-11      -8.823541e-12
1.669570e+01    8.14971e-07     5.831939e-11      -8.732138e-12
1.674474e+01    8.13776e-07     5.789328e-11      -8.643297e-12
1.679379e+01    8.12587e-07     5.747150e-11      -8.555580e-12
1.684284e+01    8.11403e-07     5.705399e-11      -8.468938e-12
1.689189e+01    8.10224e-07     5.664071e-11      -8.383372e-12
1.694094e+01    8.0905e-07      5.623160e-11      -8.298184e-12
1.698999e+01    8.07882e-07     5.582667e-11      -8.214729e-12
1.703904e+01    8.06718e-07     5.542575e-11      -8.132980e-12
1.708809e+01    8.05559e-07     5.502884e-11      -8.050889e-12
1.713714e+01    8.04406e-07     5.463597e-11      -7.970466e-12
1.718619e+01    8.03257e-07     5.424696e-11      -7.891703e-12
1.723524e+01    8.02113e-07     5.386181e-11      -7.812597e-12
1.728428e+01    8.00974e-07     5.348055e-11      -7.735076e-12
1.733333e+01    7.9984e-07      5.310302e-11      -7.659135e-12
1.738238e+01    7.98711e-07     5.272921e-11      -7.584123e-12
1.743143e+01    7.97586e-07     5.235903e-11      -7.509381e-12
1.748048e+01    7.96467e-07     5.199255e-11      -7.436168e-12
1.752953e+01    7.95351e-07     5.162955e-11      -7.363840e-12
1.757858e+01    7.94241e-07     5.127017e-11      -7.291731e-12
1.762763e+01    7.93135e-07     5.091425e-11      -7.221108e-12
1.767668e+01    7.92034e-07     5.056180e-11      -7.150704e-12
1.772573e+01    7.90938e-07     5.021278e-11      -7.081186e-12
1.777477e+01    7.89846e-07     4.986715e-11      -7.013690e-12
1.782382e+01    7.88758e-07     4.952475e-11      -6.946945e-12
1.787287e+01    7.87675e-07     4.918566e-11      -6.880397e-12
1.792192e+01    7.86596e-07     4.884979e-11      -6.814632e-12
1.797097e+01    7.85522e-07     4.851716e-11      -6.749631e-12
1.802002e+01    7.84452e-07     4.818767e-11      -6.685390e-12
1.806907e+01    7.83387e-07     4.786134e-11      -6.621899e-12
1.811812e+01    7.82326e-07     4.753807e-11      -6.559741e-12
1.816717e+01    7.81269e-07     4.721784e-11      -6.497715e-12
1.821622e+01    7.80217e-07     4.690066e-11      -6.436989e-12
1.826527e+01    7.79168e-07     4.658638e-11      -6.376445e-12
1.831431e+01    7.78124e-07     4.627514e-11      -6.316516e-12
1.836336e+01    7.77084e-07     4.596674e-11      -6.257793e-12
1.841241e+01    7.76049e-07     4.566126e-11      -6.199808e-12
1.846146e+01    7.75017e-07     4.535856e-11      -6.143060e-12
1.851051e+01    7.73989e-07     4.505864e-11      -6.085804e-12
1.855956e+01    7.72966e-07     4.476155e-11      -6.029193e-12
1.860861e+01    7.71947e-07     4.446719e-11      -5.974359e-12
1.865766e+01    7.70931e-07     4.417548e-11      -5.919580e-12
1.870671e+01    7.6992e-07      4.388649e-11      -5.864854e-12
1.875576e+01    7.68913e-07     4.360015e-11      -5.811379e-12
1.880480e+01    7.67909e-07     4.331640e-11      -5.758428e-12
1.885385e+01    7.6691e-07      4.303525e-11      -5.706533e-12
1.890290e+01    7.65914e-07     4.275660e-11      -5.655292e-12
1.895195e+01    7.64922e-07     4.248048e-11      -5.604072e-12
1.900100e+01    7.63934e-07     4.220686e-11      -5.553411e-12
1.905005e+01    7.6295e-07      4.193570e-11      -5.503314e-12
1.909910e+01    7.6197e-07      4.166699e-11      -5.454303e-12
1.914815e+01    7.60993e-07     4.140064e-11      -5.405305e-12
1.919720e+01    7.60021e-07     4.113674e-11      -5.357366e-12
1.924625e+01    7.59051e-07     4.087510e-11      -5.309957e-12
1.929530e+01    7.58086e-07     4.061584e-11      -5.262102e-12
1.934434e+01    7.57124e-07     4.035890e-11      -5.215713e-12
1.939339e+01    7.56166e-07     4.010419e-11      -5.169738e-12
1.944244e+01    7.55212e-07     3.985175e-11      -5.124348e-12
1.949149e+01    7.54261e-07     3.960150e-11      -5.079455e-12
1.954054e+01    7.53314e-07     3.935347e-11      -5.035041e-12
1.958959e+01    7.5237e-07      3.910758e-11      -4.991103e-12
1.963864e+01    7.5143e-07      3.886385e-11      -4.947631e-12
1.968769e+01    7.50493e-07     3.862222e-11      -4.904617e-12
1.973674e+01    7.4956e-07      3.838272e-11      -4.861564e-12
1.978579e+01    7.48631e-07     3.814531e-11      -4.819570e-12
1.983483e+01    7.47704e-07     3.790993e-11      -4.777925e-12
1.988388e+01    7.46782e-07     3.767661e-11      -4.737102e-12
1.993293e+01    7.45862e-07     3.744523e-11      -4.696805e-12
1.998198e+01    7.44946e-07     3.721586e-11      -4.655954e-12
2.003103e+01    7.44034e-07     3.698849e-11      -4.616500e-12
2.008008e+01    7.43125e-07     3.676299e-11      -4.577459e-12
2.012913e+01    7.42219e-07     3.653945e-11      -4.537852e-12
2.017818e+01    7.41317e-07     3.631784e-11      -4.499612e-12
2.022723e+01    7.40417e-07     3.609804e-11      -4.461764e-12
2.027628e+01    7.39521e-07     3.588014e-11      -4.423349e-12
2.032533e+01    7.3863e-07      3.566412e-11      -4.385913e-12
2.037437e+01    7.3774e-07      3.544989e-11      -4.349687e-12
2.042342e+01    7.36853e-07     3.523742e-11      -4.313233e-12
2.047247e+01    7.35971e-07     3.502677e-11      -4.276769e-12
2.052152e+01    7.35091e-07     3.481788e-11      -4.241126e-12
2.057057e+01    7.34215e-07     3.461073e-11      -4.205367e-12
2.061962e+01    7.33343e-07     3.440534e-11      -4.170405e-12
2.066867e+01    7.32473e-07     3.420162e-11      -4.136222e-12
2.071772e+01    7.31606e-07     3.399959e-11      -4.101431e-12
2.076677e+01    7.30744e-07     3.379928e-11      -4.067391e-12
2.081582e+01    7.29884e-07     3.360058e-11      -4.033288e-12
2.086486e+01    7.29028e-07     3.340362e-11      -3.999344e-12
2.091391e+01    7.28176e-07     3.320826e-11      -3.966882e-12
2.096296e+01    7.27327e-07     3.301448e-11      -3.933851e-12
2.101201e+01    7.26482e-07     3.282235e-11      -3.901010e-12
2.106106e+01    7.2564e-07      3.263179e-11      -3.868337e-12
2.111011e+01    7.24803e-07     3.244288e-11      -3.835785e-12
2.115916e+01    7.2397e-07      3.225551e-11      -3.803320e-12
2.120821e+01    7.23143e-07     3.206978e-11      -3.770886e-12
2.125726e+01    7.22319e-07     3.188559e-11      -3.738852e-12
2.130631e+01    7.21501e-07     3.170300e-11      -3.706328e-12
2.135536e+01    7.20689e-07     3.152201e-11      -3.673154e-12
2.140440e+01    7.19883e-07     3.134267e-11      -3.640068e-12
2.145345e+01    7.19085e-07     3.116493e-11      -3.607362e-12
2.150250e+01    7.18295e-07     3.098880e-11      -3.573207e-12
2.155155e+01    7.17515e-07     3.081440e-11      -3.538305e-12
2.160060e+01    7.16745e-07     3.064170e-11      -3.502801e-12
2.164965e+01    7.15987e-07     3.047078e-11      -3.465602e-12
2.169870e+01    7.15245e-07     3.030173e-11      -3.427174e-12
2.174775e+01    7.14519e-07     3.013458e-11      -3.386709e-12
2.179680e+01    7.13814e-07     2.996950e-11      -3.343645e-12
2.184585e+01    7.13132e-07     2.980658e-11      -3.296598e-12
2.189489e+01    7.12481e-07     2.964611e-11      -3.246161e-12
2.194394e+01    7.11863e-07     2.948814e-11      -3.192276e-12
2.199299e+01    7.11286e-07     2.933295e-11      -3.131427e-12
2.204204e+01    7.1076e-07      2.918095e-11      -3.063324e-12
2.209109e+01    7.10294e-07     2.903245e-11      -2.986862e-12
2.214014e+01    7.099e-07       2.888794e-11      -2.899697e-12
2.218919e+01    7.09595e-07     2.874799e-11      -2.799409e-12
2.223824e+01    7.09397e-07     2.861333e-11      -2.682804e-12
2.228729e+01    7.09329e-07     2.848481e-11      -2.547036e-12
2.233634e+01    7.0942e-07      2.836347e-11      -2.388907e-12
2.238539e+01    7.097e-07       2.825047e-11      -2.194954e-12
2.243443e+01    7.10231e-07     2.814815e-11      -1.968270e-12
2.248348e+01    7.1104e-07      2.805738e-11      -1.700600e-12
2.253253e+01    7.1221e-07      2.798132e-11      -1.371064e-12
2.258158e+01    7.1382e-07      2.792288e-11      -9.726103e-13
2.263063e+01    7.15975e-07     2.788591e-11      -4.859308e-13
2.267968e+01    7.18807e-07     2.787522e-11       1.125231e-13
2.272873e+01    7.22482e-07     2.789695e-11       8.538071e-13
2.277778e+01    7.27217e-07     2.795897e-11       1.779223e-12
2.282683e+01    7.33291e-07     2.807149e-11       2.945486e-12
2.287588e+01    7.41075e-07     2.824792e-11       4.439184e-12
2.292492e+01    7.51081e-07     2.850696e-11       6.323798e-12
2.297397e+01    7.63858e-07     2.886827e-11       8.668268e-12
2.302302e+01    7.80119e-07     2.935730e-11       1.147927e-11
2.307207e+01    8.00447e-07     2.999437e-11       1.453693e-11
2.312112e+01    8.24999e-07     3.078335e-11       1.735278e-11
2.317017e+01    8.53084e-07     3.169664e-11       1.918962e-11
2.321922e+01    8.82894e-07     3.266581e-11       1.926367e-11
2.326827e+01    9.11614e-07     3.358637e-11       1.704158e-11
2.331732e+01    9.35937e-07     3.433756e-11       1.246822e-11
2.336637e+01    9.52796e-07     3.480948e-11       6.002208e-12
2.341542e+01    9.60013e-07     3.492637e-11      -1.525818e-12
2.346446e+01    9.56681e-07     3.465980e-11      -9.210392e-12
2.351351e+01    9.4303e-07      3.402284e-11      -1.622706e-11
2.356256e+01    9.20391e-07     3.306796e-11      -2.196661e-11
2.361161e+01    8.90688e-07     3.186796e-11      -2.613818e-11
2.366066e+01    8.56107e-07     3.050385e-11      -2.868388e-11
2.370971e+01    8.18805e-07     2.905413e-11      -2.972557e-11
2.375876e+01    7.80701e-07     2.758783e-11      -2.949258e-11
2.380781e+01    7.43383e-07     2.616096e-11      -2.826030e-11
2.385686e+01    7.0806e-07      2.481555e-11      -2.630582e-11
2.390591e+01    6.75588e-07     2.358041e-11      -2.387541e-11
2.395495e+01    6.46516e-07     2.247341e-11      -2.119236e-11
2.400400e+01    6.21091e-07     2.150148e-11      -1.842463e-11
2.405305e+01    5.994e-07       2.066599e-11      -1.568811e-11
2.410210e+01    5.81359e-07     1.996250e-11      -1.307901e-11
2.415115e+01    5.66782e-07     1.938297e-11      -1.065708e-11
2.420020e+01    5.55407e-07     1.891707e-11      -8.457800e-12
2.424925e+01    5.46937e-07     1.855327e-11      -6.498171e-12
2.429830e+01    5.41051e-07     1.827961e-11      -4.781607e-12
2.434735e+01    5.37431e-07     1.808421e-11      -3.301956e-12
2.439640e+01    5.35764e-07     1.795569e-11      -2.046679e-12
2.444545e+01    5.35756e-07     1.788343e-11      -9.981996e-13
2.449449e+01    5.37136e-07     1.785777e-11      -1.401402e-13
2.454354e+01    5.39649e-07     1.786968e-11       5.471707e-13
2.459259e+01    5.43074e-07     1.791145e-11       1.085450e-12
2.464164e+01    5.47213e-07     1.797616e-11       1.492203e-12
2.469069e+01    5.51889e-07     1.805783e-11       1.785083e-12
2.473974e+01    5.56951e-07     1.815128e-11       1.980420e-12
2.478879e+01    5.62268e-07     1.825210e-11       2.093108e-12
2.483784e+01    5.67728e-07     1.835661e-11       2.136571e-12
2.488689e+01    5.73235e-07     1.846170e-11       2.122793e-12
2.493594e+01    5.78712e-07     1.856485e-11       2.062709e-12
2.498498e+01    5.84095e-07     1.866405e-11       1.964933e-12
2.503403e+01    5.8933e-07      1.875760e-11       1.837601e-12
2.508308e+01    5.94377e-07     1.884431e-11       1.688424e-12
2.513213e+01    5.99203e-07     1.892324e-11       1.523061e-12
2.518118e+01    6.03785e-07     1.899372e-11       1.346647e-12
2.523023e+01    6.08106e-07     1.905534e-11       1.163521e-12
2.527928e+01    6.12155e-07     1.910786e-11       9.773161e-13
2.532833e+01    6.15927e-07     1.915121e-11       7.910441e-13
2.537738e+01    6.19421e-07     1.918546e-11       6.071686e-13
2.542643e+01    6.22638e-07     1.921077e-11       4.276750e-13
2.547548e+01    6.25584e-07     1.922741e-11       2.543423e-13
2.552452e+01    6.28266e-07     1.923572e-11       8.795711e-14
2.557357e+01    6.30694e-07     1.923604e-11      -7.057739e-14
2.562262e+01    6.32877e-07     1.922880e-11      -2.202043e-13
2.567167e+01    6.34828e-07     1.921444e-11      -3.607282e-13
2.572072e+01    6.36559e-07     1.919341e-11      -4.919300e-13
2.576977e+01    6.38082e-07     1.916618e-11      -6.137487e-13
2.581882e+01    6.39412e-07     1.913321e-11      -7.262543e-13
2.586787e+01    6.4056e-07      1.909494e-11      -8.296231e-13
2.591692e+01    6.41539e-07     1.905182e-11      -9.241164e-13
2.596597e+01    6.42363e-07     1.900428e-11      -1.010062e-12
2.601502e+01    6.43043e-07     1.895274e-11      -1.087651e-12
2.606406e+01    6.43592e-07     1.889759e-11      -1.157674e-12
2.611311e+01    6.44019e-07     1.883917e-11      -1.220568e-12
2.616216e+01    6.44337e-07     1.877785e-11      -1.276412e-12
2.621121e+01    6.44555e-07     1.871396e-11      -1.325853e-12
2.626026e+01    6.44682e-07     1.864779e-11      -1.369350e-12
2.630931e+01    6.44727e-07     1.857963e-11      -1.407354e-12
2.635836e+01    6.44699e-07     1.850973e-11      -1.440305e-12
2.640741e+01    6.44604e-07     1.843834e-11      -1.468625e-12
2.645646e+01    6.44451e-07     1.836566e-11      -1.492722e-12
2.650551e+01    6.44245e-07     1.829190e-11      -1.512805e-12
2.655455e+01    6.43993e-07     1.821726e-11      -1.529589e-12
2.660360e+01    6.43698e-07     1.814185e-11      -1.543414e-12
2.665265e+01    6.43368e-07     1.806585e-11      -1.554245e-12
2.670170e+01    6.43005e-07     1.798938e-11      -1.562556e-12
2.675075e+01    6.42613e-07     1.791257e-11      -1.568616e-12
2.679980e+01    6.42197e-07     1.783551e-11      -1.572676e-12
2.684885e+01    6.4176e-07      1.775829e-11      -1.574964e-12
2.689790e+01    6.41304e-07     1.768101e-11      -1.575688e-12
2.694695e+01    6.40831e-07     1.760372e-11      -1.575037e-12
2.699600e+01    6.40345e-07     1.752650e-11      -1.573182e-12
2.704505e+01    6.39847e-07     1.744939e-11      -1.570111e-12
2.709409e+01    6.39338e-07     1.737247e-11      -1.566292e-12
2.714314e+01    6.38821e-07     1.729574e-11      -1.561844e-12
2.719219e+01    6.38297e-07     1.721926e-11      -1.556550e-12
2.724124e+01    6.37767e-07     1.714305e-11      -1.550672e-12
2.729029e+01    6.37231e-07     1.706714e-11      -1.544295e-12
2.733934e+01    6.36692e-07     1.699156e-11      -1.537495e-12
2.738839e+01    6.36149e-07     1.691631e-11      -1.530340e-12
2.743744e+01    6.35603e-07     1.684143e-11      -1.522886e-12
2.748649e+01    6.35056e-07     1.676692e-11      -1.515186e-12
2.753554e+01    6.34507e-07     1.669280e-11      -1.507131e-12
2.758458e+01    6.33957e-07     1.661908e-11      -1.499066e-12
2.763363e+01    6.33406e-07     1.654574e-11      -1.491025e-12
2.768268e+01    6.32854e-07     1.647281e-11      -1.482729e-12
2.773173e+01    6.32303e-07     1.640029e-11      -1.474356e-12
2.778078e+01    6.31752e-07     1.632818e-11      -1.465929e-12
2.782983e+01    6.31201e-07     1.625648e-11      -1.457466e-12
2.787888e+01    6.3065e-07      1.618520e-11      -1.448982e-12
2.792793e+01    6.30101e-07     1.611434e-11      -1.440491e-12
2.797698e+01    6.29552e-07     1.604389e-11      -1.432004e-12
2.802603e+01    6.29003e-07     1.597386e-11      -1.423530e-12
2.807508e+01    6.28456e-07     1.590425e-11      -1.414935e-12
2.812412e+01    6.2791e-07      1.583506e-11      -1.406513e-12
2.817317e+01    6.27365e-07     1.576627e-11      -1.398268e-12
2.822222e+01    6.26821e-07     1.569789e-11      -1.389917e-12
2.827127e+01    6.26278e-07     1.562992e-11      -1.381609e-12
2.832032e+01    6.25737e-07     1.556236e-11      -1.373347e-12
2.836937e+01    6.25196e-07     1.549520e-11      -1.365134e-12
2.841842e+01    6.24657e-07     1.542844e-11      -1.356970e-12
2.846747e+01    6.2412e-07      1.536208e-11      -1.348859e-12
2.851652e+01    6.23583e-07     1.529612e-11      -1.340802e-12
2.856557e+01    6.23048e-07     1.523055e-11      -1.332664e-12
2.861461e+01    6.22514e-07     1.516539e-11      -1.324717e-12
2.866366e+01    6.21982e-07     1.510060e-11      -1.316961e-12
2.871271e+01    6.2145e-07      1.503620e-11      -1.309125e-12
2.876176e+01    6.2092e-07      1.497218e-11      -1.301345e-12
2.881081e+01    6.20392e-07     1.490854e-11      -1.293622e-12
2.885986e+01    6.19864e-07     1.484528e-11      -1.285955e-12
2.890891e+01    6.19338e-07     1.478239e-11      -1.278345e-12
2.895796e+01    6.18814e-07     1.471987e-11      -1.270790e-12
2.900701e+01    6.1829e-07      1.465773e-11      -1.263292e-12
2.905606e+01    6.17768e-07     1.459595e-11      -1.255850e-12
2.910511e+01    6.17248e-07     1.453453e-11      -1.248336e-12
2.915415e+01    6.16728e-07     1.447349e-11      -1.241004e-12
2.920320e+01    6.1621e-07      1.441279e-11      -1.233854e-12
2.925225e+01    6.15693e-07     1.435245e-11      -1.226630e-12
2.930130e+01    6.15178e-07     1.429246e-11      -1.219461e-12
2.935035e+01    6.14664e-07     1.423282e-11      -1.212345e-12
2.939940e+01    6.14151e-07     1.417353e-11      -1.205281e-12
2.944845e+01    6.13639e-07     1.411459e-11      -1.198271e-12
2.949750e+01    6.13129e-07     1.405598e-11      -1.191312e-12
2.954655e+01    6.1262e-07      1.399772e-11      -1.184406e-12
2.959560e+01    6.12112e-07     1.393980e-11      -1.177431e-12
2.964464e+01    6.11605e-07     1.388222e-11      -1.170627e-12
2.969369e+01    6.111e-07       1.382496e-11      -1.163993e-12
2.974274e+01    6.10596e-07     1.376803e-11      -1.157288e-12
2.979179e+01    6.10093e-07     1.371143e-11      -1.150634e-12
2.984084e+01    6.09591e-07     1.365516e-11      -1.144028e-12
2.988989e+01    6.09091e-07     1.359921e-11      -1.137471e-12
2.993894e+01    6.08592e-07     1.354357e-11      -1.130962e-12
2.998799e+01    6.08094e-07     1.348826e-11      -1.124501e-12
3.003704e+01    6.07597e-07     1.343326e-11      -1.118087e-12
3.008609e+01    6.07102e-07     1.337858e-11      -1.111720e-12
3.013514e+01    6.06607e-07     1.332421e-11      -1.105288e-12
3.018418e+01    6.06114e-07     1.327015e-11      -1.099014e-12
3.023323e+01    6.05622e-07     1.321639e-11      -1.092898e-12
3.028228e+01    6.05132e-07     1.316294e-11      -1.086715e-12
3.033133e+01    6.04642e-07     1.310979e-11      -1.080577e-12
3.038038e+01    6.04154e-07     1.305694e-11      -1.074483e-12
3.042943e+01    6.03667e-07     1.300438e-11      -1.068433e-12
3.047848e+01    6.03181e-07     1.295213e-11      -1.062427e-12
3.052753e+01    6.02696e-07     1.290016e-11      -1.056464e-12
3.057658e+01    6.02213e-07     1.284849e-11      -1.050545e-12
3.062563e+01    6.0173e-07      1.279711e-11      -1.044562e-12
3.067467e+01    6.01249e-07     1.274602e-11      -1.038727e-12
3.072372e+01    6.00769e-07     1.269521e-11      -1.033041e-12
3.077277e+01    6.0029e-07      1.264468e-11      -1.027289e-12
3.082182e+01    5.99812e-07     1.259443e-11      -1.021578e-12
3.087087e+01    5.99335e-07     1.254447e-11      -1.015909e-12
3.091992e+01    5.9886e-07      1.249478e-11      -1.010279e-12
3.096897e+01    5.98385e-07     1.244536e-11      -1.004690e-12
3.101802e+01    5.97912e-07     1.239622e-11      -9.991401e-13
3.106707e+01    5.9744e-07      1.234735e-11      -9.936297e-13
3.111612e+01    5.96969e-07     1.229874e-11      -9.881584e-13
3.116517e+01    5.96499e-07     1.225041e-11      -9.826261e-13
3.121421e+01    5.9603e-07      1.220235e-11      -9.772323e-13
3.126326e+01    5.95562e-07     1.215454e-11      -9.719762e-13
3.131231e+01    5.95096e-07     1.210700e-11      -9.666576e-13
3.136136e+01    5.9463e-07      1.205972e-11      -9.613763e-13
3.141041e+01    5.94166e-07     1.201269e-11      -9.561321e-13
3.145946e+01    5.93702e-07     1.196592e-11      -9.509246e-13
3.150851e+01    5.9324e-07      1.191941e-11      -9.457535e-13
3.155756e+01    5.92779e-07     1.187315e-11      -9.406185e-13
3.160661e+01    5.92319e-07     1.182713e-11      -9.355193e-13
3.165566e+01    5.91859e-07     1.178137e-11      -9.303613e-13
3.170470e+01    5.91402e-07     1.173587e-11      -9.253333e-13
3.175375e+01    5.90945e-07     1.169060e-11      -9.204345e-13
3.180280e+01    5.90489e-07     1.164558e-11      -9.154754e-13
3.185185e+01    5.90034e-07     1.160079e-11      -9.105507e-13
3.190090e+01    5.8958e-07      1.155625e-11      -9.056600e-13
3.194995e+01    5.89127e-07     1.151195e-11      -9.008029e-13
3.199900e+01    5.88676e-07     1.146789e-11      -8.959794e-13
3.204805e+01    5.88225e-07     1.142406e-11      -8.911890e-13
3.209710e+01    5.87775e-07     1.138046e-11      -8.864314e-13
3.214615e+01    5.87327e-07     1.133710e-11      -8.817065e-13
3.219520e+01    5.86879e-07     1.129397e-11      -8.769250e-13
3.224424e+01    5.86433e-07     1.125107e-11      -8.722650e-13
3.229329e+01    5.85987e-07     1.120840e-11      -8.677256e-13
3.234234e+01    5.85543e-07     1.116595e-11      -8.631284e-13
3.239139e+01    5.85099e-07     1.112373e-11      -8.585625e-13
3.244044e+01    5.84657e-07     1.108173e-11      -8.540275e-13
3.248949e+01    5.84215e-07     1.103995e-11      -8.495234e-13
3.253854e+01    5.83775e-07     1.099839e-11      -8.450497e-13
3.258759e+01    5.83335e-07     1.095705e-11      -8.406062e-13
3.263664e+01    5.82897e-07     1.091593e-11      -8.361928e-13
3.268569e+01    5.82459e-07     1.087502e-11      -8.317248e-13
3.273473e+01    5.82023e-07     1.083434e-11      -8.273710e-13
3.278378e+01    5.81587e-07     1.079386e-11      -8.231308e-13
3.283283e+01    5.81153e-07     1.075359e-11      -8.188349e-13
3.288188e+01    5.80719e-07     1.071353e-11      -8.145678e-13
3.293093e+01    5.80286e-07     1.067368e-11      -8.103292e-13
3.297998e+01    5.79855e-07     1.063404e-11      -8.061189e-13
3.302903e+01    5.79424e-07     1.059461e-11      -8.019367e-13
3.307808e+01    5.78994e-07     1.055537e-11      -7.977824e-13
3.312713e+01    5.78565e-07     1.051634e-11      -7.936556e-13
3.317618e+01    5.78137e-07     1.047752e-11      -7.895563e-13
3.322523e+01    5.77711e-07     1.043889e-11      -7.854045e-13
3.327427e+01    5.77285e-07     1.040047e-11      -7.813598e-13
3.332332e+01    5.7686e-07      1.036224e-11      -7.774214e-13
3.337237e+01    5.76436e-07     1.032421e-11      -7.734295e-13
3.342142e+01    5.76012e-07     1.028637e-11      -7.694639e-13
3.347047e+01    5.7559e-07      1.024872e-11      -7.655244e-13
3.351952e+01    5.75169e-07     1.021127e-11      -7.616108e-13
3.356857e+01    5.74748e-07     1.017401e-11      -7.577229e-13
3.361762e+01    5.74329e-07     1.013694e-11      -7.538605e-13
3.366667e+01    5.73911e-07     1.010006e-11      -7.500233e-13
3.371572e+01    5.73493e-07     1.006337e-11      -7.461355e-13
3.376476e+01    5.73076e-07     1.002686e-11      -7.423487e-13
3.381381e+01    5.7266e-07      9.990542e-12      -7.386623e-13
3.386286e+01    5.72246e-07     9.954404e-12      -7.349242e-13
3.391191e+01    5.71832e-07     9.918448e-12      -7.312104e-13
3.396096e+01    5.71418e-07     9.882673e-12      -7.275208e-13
3.401001e+01    5.71006e-07     9.847079e-12      -7.238550e-13
3.405906e+01    5.70595e-07     9.811664e-12      -7.202130e-13
3.410811e+01    5.70185e-07     9.776428e-12      -7.165944e-13
3.415716e+01    5.69775e-07     9.741368e-12      -7.129993e-13
3.420621e+01    5.69366e-07     9.706484e-12      -7.094272e-13
3.425526e+01    5.68959e-07     9.671774e-12      -7.058066e-13
3.430430e+01    5.68552e-07     9.637246e-12      -7.022807e-13
3.435335e+01    5.68146e-07     9.602882e-12      -6.988490e-13
3.440240e+01    5.67741e-07     9.568690e-12      -6.953678e-13
3.445145e+01    5.67336e-07     9.534668e-12      -6.919089e-13
3.450050e+01    5.66933e-07     9.500815e-12      -6.884721e-13
3.454955e+01    5.6653e-07      9.467130e-12      -6.850571e-13
3.459860e+01    5.66128e-07     9.433612e-12      -6.816640e-13
3.464765e+01    5.65728e-07     9.400260e-12      -6.782924e-13
3.469670e+01    5.65328e-07     9.367073e-12      -6.749422e-13
3.474575e+01    5.64928e-07     9.334049e-12      -6.715451e-13
3.479479e+01    5.6453e-07      9.301196e-12      -6.682376e-13
3.484384e+01    5.64133e-07     9.268497e-12      -6.650191e-13
3.489289e+01    5.63736e-07     9.235958e-12      -6.617529e-13
3.494194e+01    5.6334e-07      9.203580e-12      -6.585073e-13
3.499099e+01    5.62945e-07     9.171360e-12      -6.552822e-13
3.504004e+01    5.62551e-07     9.139298e-12      -6.520773e-13
3.508909e+01    5.62158e-07     9.107393e-12      -6.488925e-13
3.513814e+01    5.61765e-07     9.075643e-12      -6.457278e-13
3.518719e+01    5.61374e-07     9.044048e-12      -6.425828e-13
3.523624e+01    5.60983e-07     9.012607e-12      -6.394575e-13
3.528529e+01    5.60593e-07     8.981318e-12      -6.362871e-13
3.533433e+01    5.60203e-07     8.950188e-12      -6.332010e-13
3.538338e+01    5.59815e-07     8.919203e-12      -6.301987e-13
3.543243e+01    5.59427e-07     8.888367e-12      -6.271505e-13
3.548148e+01    5.59041e-07     8.857680e-12      -6.241213e-13
3.553053e+01    5.58655e-07     8.827142e-12      -6.211109e-13
3.557958e+01    5.58269e-07     8.796750e-12      -6.181191e-13
3.562863e+01    5.57885e-07     8.766505e-12      -6.151458e-13
3.567768e+01    5.57501e-07     8.736406e-12      -6.121909e-13
3.572673e+01    5.57119e-07     8.706451e-12      -6.092542e-13
3.577578e+01    5.56736e-07     8.676639e-12      -6.062741e-13
3.582482e+01    5.56355e-07     8.646976e-12      -6.033737e-13
3.587387e+01    5.55975e-07     8.617449e-12      -6.005527e-13
3.592292e+01    5.55595e-07     8.588063e-12      -5.976875e-13
3.597197e+01    5.55216e-07     8.558817e-12      -5.948399e-13
3.602102e+01    5.54838e-07     8.529711e-12      -5.920097e-13
3.607007e+01    5.54461e-07     8.500742e-12      -5.891968e-13
3.611912e+01    5.54084e-07     8.471911e-12      -5.864011e-13
3.616817e+01    5.53708e-07     8.443217e-12      -5.836224e-13
3.621722e+01    5.53333e-07     8.414659e-12      -5.808606e-13
3.626627e+01    5.52959e-07     8.386236e-12      -5.781156e-13
3.631532e+01    5.52585e-07     8.357947e-12      -5.753288e-13
3.636436e+01    5.52213e-07     8.329797e-12      -5.726173e-13
3.641341e+01    5.5184e-07      8.301775e-12      -5.699805e-13
3.646246e+01    5.51469e-07     8.273883e-12      -5.673014e-13
3.651151e+01    5.51099e-07     8.246123e-12      -5.646385e-13
3.656056e+01    5.50729e-07     8.218493e-12      -5.619916e-13
3.660961e+01    5.5036e-07      8.190993e-12      -5.593606e-13
3.665866e+01    5.49991e-07     8.163621e-12      -5.567455e-13
3.670771e+01    5.49624e-07     8.136377e-12      -5.541460e-13
3.675676e+01    5.49257e-07     8.109261e-12      -5.515622e-13
3.680581e+01    5.48891e-07     8.082270e-12      -5.489381e-13
3.685485e+01    5.48526e-07     8.055411e-12      -5.463854e-13
3.690390e+01    5.48161e-07     8.028671e-12      -5.439035e-13
3.695295e+01    5.47797e-07     8.002055e-12      -5.413809e-13
3.700200e+01    5.47434e-07     7.975562e-12      -5.388733e-13
3.705105e+01    5.47071e-07     7.949192e-12      -5.363806e-13
3.710010e+01    5.4671e-07      7.922944e-12      -5.339027e-13
3.714915e+01    5.46349e-07     7.896818e-12      -5.314395e-13
3.719820e+01    5.45988e-07     7.870811e-12      -5.289909e-13
3.724725e+01    5.45629e-07     7.844925e-12      -5.265568e-13
3.729630e+01    5.4527e-07      7.819157e-12      -5.241371e-13
3.734535e+01    5.44911e-07     7.793508e-12      -5.216787e-13
3.739439e+01    5.44554e-07     7.767981e-12      -5.192876e-13
3.744344e+01    5.44197e-07     7.742567e-12      -5.169636e-13
3.749249e+01    5.43841e-07     7.717268e-12      -5.146003e-13
3.754154e+01    5.43486e-07     7.692085e-12      -5.122510e-13
3.759059e+01    5.43131e-07     7.667017e-12      -5.099154e-13
3.763964e+01    5.42777e-07     7.642064e-12      -5.075934e-13
3.768869e+01    5.42424e-07     7.617223e-12      -5.052851e-13
3.773774e+01    5.42071e-07     7.592496e-12      -5.029902e-13
3.778679e+01    5.41719e-07     7.567881e-12      -5.007087e-13
3.783584e+01    5.41368e-07     7.543378e-12      -4.983899e-13
3.788488e+01    5.41017e-07     7.518990e-12      -4.961351e-13
3.793393e+01    5.40668e-07     7.494708e-12      -4.939439e-13
3.798298e+01    5.40318e-07     7.470535e-12      -4.917150e-13
3.803203e+01    5.3997e-07      7.446471e-12      -4.894990e-13
3.808108e+01    5.39622e-07     7.422516e-12      -4.872957e-13
3.813013e+01    5.39275e-07     7.398669e-12      -4.851053e-13
3.817918e+01    5.38928e-07     7.374928e-12      -4.829274e-13
3.822823e+01    5.38582e-07     7.351294e-12      -4.807621e-13
3.827728e+01    5.38237e-07     7.327766e-12      -4.786093e-13
3.832633e+01    5.37893e-07     7.304344e-12      -4.764688e-13
3.837538e+01    5.37549e-07     7.281026e-12      -4.742925e-13
3.842442e+01    5.37206e-07     7.257816e-12      -4.721768e-13
3.847347e+01    5.36863e-07     7.234706e-12      -4.701213e-13
3.852252e+01    5.36521e-07     7.211698e-12      -4.680295e-13
3.857157e+01    5.3618e-07      7.188793e-12      -4.659496e-13
3.862062e+01    5.35839e-07     7.165990e-12      -4.638816e-13
3.866967e+01    5.35499e-07     7.143287e-12      -4.618254e-13
3.871872e+01    5.3516e-07      7.120685e-12      -4.597809e-13
3.876777e+01    5.34821e-07     7.098184e-12      -4.577480e-13
3.881682e+01    5.34483e-07     7.075781e-12      -4.557267e-13
3.886587e+01    5.34146e-07     7.053478e-12      -4.536708e-13
3.891491e+01    5.33809e-07     7.031277e-12      -4.516725e-13
3.896396e+01    5.33473e-07     7.009169e-12      -4.497316e-13
3.901301e+01    5.33138e-07     6.987159e-12      -4.477556e-13
3.906206e+01    5.32803e-07     6.965246e-12      -4.457908e-13
3.911111e+01    5.32469e-07     6.943428e-12      -4.438371e-13
3.916016e+01    5.32135e-07     6.921706e-12      -4.418943e-13
3.920921e+01    5.31802e-07     6.900079e-12      -4.399625e-13
3.925826e+01    5.3147e-07      6.878546e-12      -4.380416e-13
3.930731e+01    5.31138e-07     6.857108e-12      -4.361314e-13
3.935636e+01    5.30807e-07     6.835763e-12      -4.342319e-13
3.940541e+01    5.30477e-07     6.814511e-12      -4.322992e-13
3.945445e+01    5.30147e-07     6.793355e-12      -4.304211e-13
3.950350e+01    5.29818e-07     6.772287e-12      -4.285973e-13
3.955255e+01    5.29489e-07     6.751310e-12      -4.267399e-13
3.960160e+01    5.29161e-07     6.730425e-12      -4.248929e-13
3.965065e+01    5.28834e-07     6.709629e-12      -4.230561e-13
3.969970e+01    5.28507e-07     6.688924e-12      -4.212295e-13
3.974875e+01    5.28181e-07     6.668307e-12      -4.194130e-13
3.979780e+01    5.27855e-07     6.647780e-12      -4.176066e-13
3.984685e+01    5.2753e-07      6.627341e-12      -4.158102e-13
3.989590e+01    5.27206e-07     6.606990e-12      -4.139817e-13
3.994494e+01    5.26882e-07     6.586730e-12      -4.122053e-13
3.999399e+01    5.26559e-07     6.566553e-12      -4.104806e-13
4.004304e+01    5.26236e-07     6.546463e-12      -4.087235e-13
4.009209e+01    5.25914e-07     6.526458e-12      -4.069761e-13
4.014114e+01    5.25593e-07     6.506539e-12      -4.052382e-13
4.019019e+01    5.25272e-07     6.486705e-12      -4.035099e-13
4.023924e+01    5.24952e-07     6.466956e-12      -4.017910e-13
4.028829e+01    5.24632e-07     6.447290e-12      -4.000815e-13
4.033734e+01    5.24313e-07     6.427708e-12      -3.983814e-13
4.038639e+01    5.23994e-07     6.408210e-12      -3.966905e-13
4.043544e+01    5.23677e-07     6.388794e-12      -3.949688e-13
4.048448e+01    5.23359e-07     6.369464e-12      -3.932965e-13
4.053353e+01    5.23043e-07     6.350212e-12      -3.916733e-13
4.058258e+01    5.22726e-07     6.331042e-12      -3.900190e-13
4.063163e+01    5.22411e-07     6.311952e-12      -3.883736e-13
4.068068e+01    5.22096e-07     6.292943e-12      -3.867371e-13
4.072973e+01    5.21781e-07     6.274014e-12      -3.851094e-13
4.077878e+01    5.21467e-07     6.255165e-12      -3.834906e-13
4.082783e+01    5.21154e-07     6.236394e-12      -3.818805e-13
4.087688e+01    5.20841e-07     6.217703e-12      -3.802790e-13
4.092593e+01    5.20529e-07     6.199090e-12      -3.786478e-13
4.097497e+01    5.20217e-07     6.180558e-12      -3.770637e-13
4.102402e+01    5.19906e-07     6.162100e-12      -3.755266e-13
4.107307e+01    5.19596e-07     6.143720e-12      -3.739593e-13
4.112212e+01    5.19286e-07     6.125416e-12      -3.724004e-13
4.117117e+01    5.18976e-07     6.107188e-12      -3.708499e-13
4.122022e+01    5.18668e-07     6.089036e-12      -3.693076e-13
4.126927e+01    5.18359e-07     6.070960e-12      -3.677736e-13
4.131832e+01    5.18051e-07     6.052958e-12      -3.662478e-13
4.136737e+01    5.17744e-07     6.035031e-12      -3.647301e-13
4.141642e+01    5.17438e-07     6.017179e-12      -3.632205e-13
4.146547e+01    5.17131e-07     5.999400e-12      -3.616822e-13
4.151451e+01    5.16826e-07     5.981698e-12      -3.601887e-13
4.156356e+01    5.16521e-07     5.964066e-12      -3.587399e-13
4.161261e+01    5.16216e-07     5.946507e-12      -3.572620e-13
4.166166e+01    5.15912e-07     5.929020e-12      -3.557920e-13
4.171071e+01    5.15609e-07     5.911604e-12      -3.543298e-13
4.175976e+01    5.15306e-07     5.894260e-12      -3.528753e-13
4.180881e+01    5.15004e-07     5.876988e-12      -3.514284e-13
4.185786e+01    5.14702e-07     5.859786e-12      -3.499892e-13
4.190691e+01    5.14401e-07     5.842655e-12      -3.485576e-13
4.195596e+01    5.141e-07       5.825593e-12      -3.471334e-13
4.200501e+01    5.138e-07       5.808601e-12      -3.456817e-13
4.205405e+01    5.135e-07       5.791682e-12      -3.442726e-13
4.210310e+01    5.13201e-07     5.774829e-12      -3.429060e-13
4.215215e+01    5.12902e-07     5.758044e-12      -3.415115e-13
4.220120e+01    5.12604e-07     5.741327e-12      -3.401242e-13
4.225025e+01    5.12306e-07     5.724679e-12      -3.387442e-13
4.229930e+01    5.12009e-07     5.708097e-12      -3.373714e-13
4.234835e+01    5.11712e-07     5.691583e-12      -3.360058e-13
4.239740e+01    5.11416e-07     5.675136e-12      -3.346472e-13
4.244645e+01    5.11121e-07     5.658755e-12      -3.332957e-13
4.249550e+01    5.10826e-07     5.642440e-12      -3.319175e-13
4.254454e+01    5.10531e-07     5.626194e-12      -3.305801e-13
4.259359e+01    5.10237e-07     5.610011e-12      -3.292833e-13
4.264264e+01    5.09944e-07     5.593892e-12      -3.279596e-13
4.269169e+01    5.09651e-07     5.577839e-12      -3.266427e-13
4.274074e+01    5.09358e-07     5.561849e-12      -3.253325e-13
4.278979e+01    5.09066e-07     5.545924e-12      -3.240292e-13
4.283884e+01    5.08775e-07     5.530063e-12      -3.227325e-13
4.288789e+01    5.08484e-07     5.514265e-12      -3.214425e-13
4.293694e+01    5.08193e-07     5.498530e-12      -3.201591e-13
4.298599e+01    5.07903e-07     5.482858e-12      -3.188823e-13
4.303504e+01    5.07613e-07     5.467248e-12      -3.175798e-13
4.308408e+01    5.07324e-07     5.451704e-12      -3.163161e-13
4.313313e+01    5.07036e-07     5.436218e-12      -3.150912e-13
4.318218e+01    5.06748e-07     5.420794e-12      -3.138403e-13
4.323123e+01    5.0646e-07      5.405431e-12      -3.125958e-13
4.328028e+01    5.06173e-07     5.390129e-12      -3.113576e-13
4.332933e+01    5.05887e-07     5.374887e-12      -3.101257e-13
4.337838e+01    5.05601e-07     5.359706e-12      -3.089001e-13
4.342743e+01    5.05315e-07     5.344585e-12      -3.076806e-13
4.347648e+01    5.0503e-07      5.329523e-12      -3.064674e-13
4.352553e+01    5.04745e-07     5.314521e-12      -3.052293e-13
4.357457e+01    5.04461e-07     5.299581e-12      -3.040285e-13
4.362362e+01    5.04177e-07     5.284696e-12      -3.028647e-13
4.367267e+01    5.03894e-07     5.269870e-12      -3.016758e-13
4.372172e+01    5.03611e-07     5.255102e-12      -3.004929e-13
4.377077e+01    5.03329e-07     5.240392e-12      -2.993160e-13
4.381982e+01    5.03047e-07     5.225740e-12      -2.981449e-13
4.386887e+01    5.02766e-07     5.211145e-12      -2.969798e-13
4.391792e+01    5.02485e-07     5.196607e-12      -2.958205e-13
4.396697e+01    5.02205e-07     5.182126e-12      -2.946671e-13
4.401602e+01    5.01925e-07     5.167701e-12      -2.935194e-13
4.406507e+01    5.01646e-07     5.153332e-12      -2.923477e-13
4.411411e+01    5.01367e-07     5.139022e-12      -2.912116e-13
4.416316e+01    5.01088e-07     5.124765e-12      -2.901108e-13
4.421221e+01    5.0081e-07      5.110563e-12      -2.889859e-13
4.426126e+01    5.00533e-07     5.096416e-12      -2.878665e-13
4.431031e+01    5.00255e-07     5.082323e-12      -2.867528e-13
4.435936e+01    4.99979e-07     5.068286e-12      -2.856445e-13
4.440841e+01    4.99703e-07     5.054302e-12      -2.845418e-13
4.445746e+01    4.99427e-07     5.040373e-12      -2.834445e-13
4.450651e+01    4.99152e-07     5.026497e-12      -2.823527e-13
4.455556e+01    4.98877e-07     5.012674e-12      -2.812377e-13
4.460460e+01    4.98602e-07     4.998908e-12      -2.801567e-13
4.465365e+01    4.98328e-07     4.985192e-12      -2.791096e-13
4.470270e+01    4.98055e-07     4.971528e-12      -2.780392e-13
4.475175e+01    4.97782e-07     4.957916e-12      -2.769740e-13
4.480080e+01    4.97509e-07     4.944357e-12      -2.759141e-13
4.484985e+01    4.97237e-07     4.930850e-12      -2.748593e-13
4.489890e+01    4.96966e-07     4.917394e-12      -2.738098e-13
4.494795e+01    4.96694e-07     4.903990e-12      -2.727654e-13
4.499700e+01    4.96424e-07     4.890636e-12      -2.717261e-13
4.504605e+01    4.96153e-07     4.877334e-12      -2.706919e-13
4.509510e+01    4.95883e-07     4.864082e-12      -2.696354e-13
4.514414e+01    4.95614e-07     4.850883e-12      -2.686113e-13
4.519319e+01    4.95345e-07     4.837732e-12      -2.676197e-13
4.524224e+01    4.95076e-07     4.824630e-12      -2.666055e-13
4.529129e+01    4.94808e-07     4.811578e-12      -2.655963e-13
4.534034e+01    4.9454e-07      4.798576e-12      -2.645920e-13
4.538939e+01    4.94273e-07     4.785622e-12      -2.635925e-13
4.543844e+01    4.94006e-07     4.772718e-12      -2.625979e-13
4.548749e+01    4.9374e-07      4.759862e-12      -2.616081e-13
4.553654e+01    4.93474e-07     4.747054e-12      -2.606231e-13
4.558559e+01    4.93208e-07     4.734295e-12      -2.596165e-13
4.563463e+01    4.92943e-07     4.721587e-12      -2.586411e-13
4.568368e+01    4.92679e-07     4.708923e-12      -2.576968e-13
4.573273e+01    4.92414e-07     4.696307e-12      -2.567307e-13
4.578178e+01    4.9215e-07      4.683738e-12      -2.557693e-13
4.583083e+01    4.91887e-07     4.671216e-12      -2.548125e-13
4.587988e+01    4.91624e-07     4.658742e-12      -2.538603e-13
4.592893e+01    4.91361e-07     4.646313e-12      -2.529126e-13
4.597798e+01    4.91099e-07     4.633931e-12      -2.519695e-13
4.602703e+01    4.90838e-07     4.621596e-12      -2.510310e-13
4.607608e+01    4.90576e-07     4.609306e-12      -2.500969e-13
4.612513e+01    4.90315e-07     4.597061e-12      -2.491420e-13
4.617417e+01    4.90055e-07     4.584865e-12      -2.482169e-13
4.622322e+01    4.89795e-07     4.572712e-12      -2.473215e-13
4.627227e+01    4.89535e-07     4.560604e-12      -2.464052e-13
4.632132e+01    4.89276e-07     4.548540e-12      -2.454932e-13
4.637037e+01    4.89017e-07     4.536521e-12      -2.445855e-13
4.641942e+01    4.88759e-07     4.524547e-12      -2.436822e-13
4.646847e+01    4.88501e-07     4.512616e-12      -2.427831e-13
4.651752e+01    4.88243e-07     4.500730e-12      -2.418883e-13
4.656657e+01    4.87986e-07     4.488888e-12      -2.409978e-13
4.661562e+01    4.87729e-07     4.477089e-12      -2.400871e-13
4.666466e+01    4.87473e-07     4.465335e-12      -2.392050e-13
4.671371e+01    4.87217e-07     4.453623e-12      -2.383515e-13
4.676276e+01    4.86961e-07     4.441954e-12      -2.374777e-13
4.681181e+01    4.86706e-07     4.430327e-12      -2.366079e-13
4.686086e+01    4.86451e-07     4.418743e-12      -2.357423e-13
4.690991e+01    4.86197e-07     4.407201e-12      -2.348807e-13
4.695896e+01    4.85943e-07     4.395702e-12      -2.340232e-13
4.700801e+01    4.85689e-07     4.384244e-12      -2.331697e-13
4.705706e+01    4.85436e-07     4.372828e-12      -2.323202e-13
4.710611e+01    4.85183e-07     4.361454e-12      -2.314747e-13
4.715516e+01    4.84931e-07     4.350121e-12      -2.306097e-13
4.720420e+01    4.84679e-07     4.338831e-12      -2.297721e-13
4.725325e+01    4.84427e-07     4.327581e-12      -2.289619e-13
4.730230e+01    4.84176e-07     4.316371e-12      -2.281320e-13
4.735135e+01    4.83925e-07     4.305201e-12      -2.273060e-13
4.740040e+01    4.83675e-07     4.294072e-12      -2.264839e-13
4.744945e+01    4.83425e-07     4.282984e-12      -2.256655e-13
4.749850e+01    4.83175e-07     4.271935e-12      -2.248510e-13
4.754755e+01    4.82926e-07     4.260926e-12      -2.240402e-13
4.759660e+01    4.82677e-07     4.249957e-12      -2.232332e-13
4.764565e+01    4.82428e-07     4.239027e-12      -2.224073e-13
4.769469e+01    4.8218e-07      4.228139e-12      -2.216078e-13
4.774374e+01    4.81932e-07     4.217288e-12      -2.208346e-13
4.779279e+01    4.81685e-07     4.206476e-12      -2.200424e-13
4.784184e+01    4.81438e-07     4.195702e-12      -2.192538e-13
4.789089e+01    4.81191e-07     4.184967e-12      -2.184688e-13
4.793994e+01    4.80945e-07     4.174271e-12      -2.176875e-13
4.798899e+01    4.80699e-07     4.163613e-12      -2.169097e-13
4.803804e+01    4.80454e-07     4.152993e-12      -2.161356e-13
4.808709e+01    4.80209e-07     4.142410e-12      -2.153649e-13
4.813614e+01    4.79964e-07     4.131866e-12      -2.145978e-13
4.818519e+01    4.7972e-07      4.121359e-12      -2.138125e-13
4.823423e+01    4.79476e-07     4.110891e-12      -2.130524e-13
4.828328e+01    4.79232e-07     4.100459e-12      -2.123176e-13
4.833233e+01    4.78989e-07     4.090063e-12      -2.115644e-13
4.838138e+01    4.78746e-07     4.079705e-12      -2.108146e-13
4.843043e+01    4.78503e-07     4.069383e-12      -2.100682e-13
4.847948e+01    4.78261e-07     4.059097e-12      -2.093253e-13
4.852853e+01    4.7802e-07      4.048848e-12      -2.085857e-13
4.857758e+01    4.77778e-07     4.038635e-12      -2.078494e-13
4.862663e+01    4.77537e-07     4.028459e-12      -2.071165e-13
4.867568e+01    4.77296e-07     4.018318e-12      -2.063660e-13
4.872472e+01    4.77056e-07     4.008214e-12      -2.056398e-13
4.877377e+01    4.76816e-07     3.998145e-12      -2.049378e-13
4.882282e+01    4.76577e-07     3.988110e-12      -2.042181e-13
4.887187e+01    4.76338e-07     3.978111e-12      -2.035016e-13
4.892092e+01    4.76099e-07     3.968147e-12      -2.027884e-13
4.896997e+01    4.7586e-07      3.958218e-12      -2.020783e-13
4.901902e+01    4.75622e-07     3.948324e-12      -2.013715e-13
4.906807e+01    4.75384e-07     3.938464e-12      -2.006678e-13
4.911712e+01    4.75147e-07     3.928639e-12      -1.999673e-13
4.916617e+01    4.7491e-07      3.918848e-12      -1.992699e-13
4.921522e+01    4.74673e-07     3.909091e-12      -1.985555e-13
4.926426e+01    4.74437e-07     3.899370e-12      -1.978644e-13
4.931331e+01    4.74201e-07     3.889681e-12      -1.971966e-13
4.936236e+01    4.73965e-07     3.880025e-12      -1.965116e-13
4.941141e+01    4.7373e-07      3.870403e-12      -1.958297e-13
4.946046e+01    4.73495e-07     3.860815e-12      -1.951508e-13
4.950951e+01    4.7326e-07      3.851259e-12      -1.944750e-13
4.955856e+01    4.73026e-07     3.841737e-12      -1.938021e-13
4.960761e+01    4.72792e-07     3.832248e-12      -1.931323e-13
4.965666e+01    4.72558e-07     3.822791e-12      -1.924654e-13
4.970571e+01    4.72325e-07     3.813367e-12      -1.917820e-13
4.975475e+01    4.72092e-07     3.803978e-12      -1.911211e-13
4.980380e+01    4.7186e-07      3.794619e-12      -1.904825e-13
4.985285e+01    4.71628e-07     3.785292e-12      -1.898274e-13
4.990190e+01    4.71396e-07     3.775997e-12      -1.891751e-13
4.995095e+01    4.71164e-07     3.766734e-12      -1.885258e-13
5.000000e+01    4.70933e-07     3.757503e-12      -9.410090e-14
