# Generated by Dust Drift Simulation (Date: Jan 23 2026 08:54:11)
# Time: 6.002735e+03 years
#--------------------------------------------------------------------------
# Radius_AU       GasSurfDensity  GasPressure     GasPressureDeriv
#--------------------------------------------------------------------------
1.000000e+00    3.32358e-06     6.629589e-08      -7.621795e-08
1.049049e+00    3.24512e-06     5.881924e-08      -1.409876e-07
1.098098e+00    3.17157e-06     5.246527e-08      -1.202163e-07
1.147147e+00    3.1024e-06      4.702624e-08      -1.032228e-07
1.196196e+00    3.03717e-06     4.233931e-08      -8.920384e-08
1.245245e+00    2.97544e-06     3.827552e-08      -7.755038e-08
1.294294e+00    2.91684e-06     3.473177e-08      -6.779522e-08
1.343343e+00    2.86104e-06     3.162493e-08      -5.957626e-08
1.392392e+00    2.80771e-06     2.888745e-08      -5.261014e-08
1.441441e+00    2.75657e-06     2.646398e-08      -4.667303e-08
1.490490e+00    2.70735e-06     2.430891e-08      -4.158692e-08
1.539540e+00    2.65979e-06     2.238438e-08      -3.720772e-08
1.588589e+00    2.61367e-06     2.065891e-08      -3.341930e-08
1.637638e+00    2.56877e-06     1.910601e-08      -3.012750e-08
1.686687e+00    2.52492e-06     1.770346e-08      -2.725372e-08
1.735736e+00    2.48193e-06     1.643247e-08      -2.473299e-08
1.784785e+00    2.43969e-06     1.527720e-08      -2.251092e-08
1.833834e+00    2.3981e-06      1.422420e-08      -2.054156e-08
1.882883e+00    2.35711e-06     1.326211e-08      -1.878591e-08
1.931932e+00    2.31671e-06     1.238133e-08      -1.721059e-08
1.980981e+00    2.27696e-06     1.157378e-08      -1.578701e-08
2.030030e+00    2.238e-06       1.083266e-08      -1.449064e-08
2.079079e+00    2.20001e-06     1.015228e-08      -1.330057e-08
2.128128e+00    2.16328e-06     9.527899e-09      -1.219917e-08
2.177177e+00    2.12814e-06     8.955564e-09      -1.117187e-08
2.226226e+00    2.09501e-06     8.431960e-09      -1.020708e-08
2.275275e+00    2.06437e-06     7.954268e-09      -9.296165e-09
2.324324e+00    2.03673e-06     7.520024e-09      -8.433376e-09
2.373373e+00    2.0126e-06      7.126970e-09      -7.615905e-09
2.422422e+00    1.99249e-06     6.772918e-09      -6.843838e-09
2.471471e+00    1.97682e-06     6.455603e-09      -6.120034e-09
2.520521e+00    1.96592e-06     6.172554e-09      -5.449976e-09
2.569570e+00    1.9599e-06      5.920970e-09      -4.841285e-09
2.618619e+00    1.95866e-06     5.697633e-09      -4.303024e-09
2.667668e+00    1.9618e-06      5.498852e-09      -3.844768e-09
2.716717e+00    1.96861e-06     5.320469e-09      -3.475162e-09
2.765766e+00    1.97801e-06     5.157945e-09      -3.200190e-09
2.814815e+00    1.98864e-06     5.006536e-09      -3.021221e-09
2.863864e+00    1.99895e-06     4.861569e-09      -2.933165e-09
2.912913e+00    2.00727e-06     4.718798e-09      -2.923263e-09
2.961962e+00    2.01211e-06     4.574802e-09      -2.971105e-09
3.011011e+00    2.01228e-06     4.427339e-09      -3.050431e-09
3.060060e+00    2.00712e-06     4.275561e-09      -3.132785e-09
3.109109e+00    1.9966e-06      4.120018e-09      -3.192388e-09
3.158158e+00    1.98128e-06     3.962394e-09      -3.210822e-09
3.207207e+00    1.96216e-06     3.805043e-09      -3.179880e-09
3.256256e+00    1.94046e-06     3.650454e-09      -3.101509e-09
3.305305e+00    1.91738e-06     3.500791e-09      -2.985063e-09
3.354354e+00    1.89396e-06     3.357625e-09      -2.843272e-09
3.403403e+00    1.87092e-06     3.221871e-09      -2.688614e-09
3.452452e+00    1.84875e-06     3.093877e-09      -2.531020e-09
3.501502e+00    1.82772e-06     2.973583e-09      -2.377570e-09
3.550551e+00    1.8079e-06      2.860642e-09      -2.232317e-09
3.599600e+00    1.78931e-06     2.754597e-09      -2.097055e-09
3.648649e+00    1.77189e-06     2.654925e-09      -1.972477e-09
3.697698e+00    1.75553e-06     2.561101e-09      -1.858349e-09
3.746747e+00    1.74015e-06     2.472624e-09      -1.754059e-09
3.795796e+00    1.72563e-06     2.389031e-09      -1.658778e-09
3.844845e+00    1.71187e-06     2.309901e-09      -1.571535e-09
3.893894e+00    1.69879e-06     2.234866e-09      -1.491446e-09
3.942943e+00    1.68631e-06     2.163593e-09      -1.417721e-09
3.991992e+00    1.67435e-06     2.095790e-09      -1.349742e-09
4.041041e+00    1.66286e-06     2.031186e-09      -1.286784e-09
4.090090e+00    1.65179e-06     1.969559e-09      -1.228219e-09
4.139139e+00    1.64109e-06     1.910700e-09      -1.173838e-09
4.188188e+00    1.63071e-06     1.854408e-09      -1.122956e-09
4.237237e+00    1.62065e-06     1.800540e-09      -1.075214e-09
4.286286e+00    1.61085e-06     1.748932e-09      -1.030594e-09
4.335335e+00    1.60129e-06     1.699441e-09      -9.885445e-10
4.384384e+00    1.59197e-06     1.651957e-09      -9.488283e-10
4.433433e+00    1.58286e-06     1.606363e-09      -9.114392e-10
4.482482e+00    1.57395e-06     1.562547e-09      -8.760157e-10
4.531532e+00    1.56522e-06     1.520427e-09      -8.424853e-10
4.580581e+00    1.55666e-06     1.479901e-09      -8.108016e-10
4.629630e+00    1.54826e-06     1.440889e-09      -7.805726e-10
4.678679e+00    1.54002e-06     1.403328e-09      -7.518683e-10
4.727728e+00    1.53192e-06     1.367132e-09      -7.245930e-10
4.776777e+00    1.52396e-06     1.332247e-09      -6.985666e-10
4.825826e+00    1.51614e-06     1.298604e-09      -6.738811e-10
4.874875e+00    1.50844e-06     1.266140e-09      -6.502900e-10
4.923924e+00    1.50087e-06     1.234812e-09      -6.277257e-10
4.972973e+00    1.49342e-06     1.204562e-09      -6.062124e-10
5.022022e+00    1.48608e-06     1.175344e-09      -5.856116e-10
5.071071e+00    1.47886e-06     1.147114e-09      -5.659503e-10
5.120120e+00    1.47174e-06     1.119825e-09      -5.471786e-10
5.169169e+00    1.46472e-06     1.093437e-09      -5.291731e-10
5.218218e+00    1.45781e-06     1.067914e-09      -5.118945e-10
5.267267e+00    1.451e-06       1.043221e-09      -4.953777e-10
5.316316e+00    1.44428e-06     1.019318e-09      -4.795847e-10
5.365365e+00    1.43765e-06     9.961749e-10      -4.643397e-10
5.414414e+00    1.43113e-06     9.737677e-10      -4.497520e-10
5.463463e+00    1.42468e-06     9.520551e-10      -4.358619e-10
5.512513e+00    1.41832e-06     9.310104e-10      -4.223640e-10
5.561562e+00    1.41206e-06     9.106220e-10      -4.094325e-10
5.610611e+00    1.40586e-06     8.908459e-10      -3.970529e-10
5.659660e+00    1.39976e-06     8.716718e-10      -3.851280e-10
5.708709e+00    1.39373e-06     8.530656e-10      -3.737021e-10
5.757758e+00    1.38778e-06     8.350124e-10      -3.626292e-10
5.806807e+00    1.38191e-06     8.174923e-10      -3.520137e-10
5.855856e+00    1.3761e-06      8.004805e-10      -3.418355e-10
5.904905e+00    1.37037e-06     7.839589e-10      -3.320164e-10
5.953954e+00    1.36471e-06     7.679103e-10      -3.224849e-10
6.003003e+00    1.35913e-06     7.523237e-10      -3.133396e-10
6.052052e+00    1.35361e-06     7.371723e-10      -3.045659e-10
6.101101e+00    1.34816e-06     7.224464e-10      -2.960909e-10
6.150150e+00    1.34277e-06     7.081263e-10      -2.879039e-10
6.199199e+00    1.33745e-06     6.942036e-10      -2.799917e-10
6.248248e+00    1.33219e-06     6.806597e-10      -2.723955e-10
6.297297e+00    1.32699e-06     6.674821e-10      -2.650506e-10
6.346346e+00    1.32185e-06     6.546587e-10      -2.579469e-10
6.395395e+00    1.31677e-06     6.421780e-10      -2.510749e-10
6.444444e+00    1.31175e-06     6.300288e-10      -2.444255e-10
6.493493e+00    1.30679e-06     6.182003e-10      -2.380390e-10
6.542543e+00    1.30188e-06     6.066776e-10      -2.318549e-10
6.591592e+00    1.29703e-06     5.954558e-10      -2.258640e-10
6.640641e+00    1.29223e-06     5.845208e-10      -2.201088e-10
6.689690e+00    1.28748e-06     5.738635e-10      -2.144885e-10
6.738739e+00    1.28279e-06     5.634799e-10      -2.090854e-10
6.787788e+00    1.27814e-06     5.533527e-10      -2.038495e-10
6.836837e+00    1.27355e-06     5.434826e-10      -1.987297e-10
6.885886e+00    1.26901e-06     5.338577e-10      -1.938501e-10
6.934935e+00    1.26451e-06     5.244663e-10      -1.891176e-10
6.983984e+00    1.26006e-06     5.153056e-10      -1.844847e-10
7.033033e+00    1.25566e-06     5.063687e-10      -1.799895e-10
7.082082e+00    1.25131e-06     4.976489e-10      -1.756670e-10
7.131131e+00    1.247e-06       4.891361e-10      -1.715107e-10
7.180180e+00    1.24273e-06     4.808241e-10      -1.674362e-10
7.229229e+00    1.23851e-06     4.727109e-10      -1.634788e-10
7.278278e+00    1.23433e-06     4.647871e-10      -1.596732e-10
7.327327e+00    1.23019e-06     4.570473e-10      -1.559760e-10
7.376376e+00    1.22609e-06     4.494862e-10      -1.523830e-10
7.425425e+00    1.22203e-06     4.420988e-10      -1.488549e-10
7.474474e+00    1.21802e-06     4.348838e-10      -1.454621e-10
7.523524e+00    1.21404e-06     4.278292e-10      -1.421985e-10
7.572573e+00    1.2101e-06      4.209344e-10      -1.389882e-10
7.621622e+00    1.2062e-06      4.141947e-10      -1.358671e-10
7.670671e+00    1.20234e-06     4.076061e-10      -1.328649e-10
7.719720e+00    1.19851e-06     4.011610e-10      -1.299109e-10
7.768769e+00    1.19473e-06     3.948621e-10      -1.270688e-10
7.817818e+00    1.19097e-06     3.886957e-10      -1.243362e-10
7.866867e+00    1.18725e-06     3.826649e-10      -1.216108e-10
7.915916e+00    1.18357e-06     3.767660e-10      -1.189892e-10
7.964965e+00    1.17992e-06     3.709923e-10      -1.164684e-10
8.014014e+00    1.1763e-06      3.653406e-10      -1.139819e-10
8.063063e+00    1.17272e-06     3.598109e-10      -1.115596e-10
8.112112e+00    1.16917e-06     3.543969e-10      -1.092305e-10
8.161161e+00    1.16565e-06     3.490956e-10      -1.069609e-10
8.210210e+00    1.16216e-06     3.439042e-10      -1.047193e-10
8.259259e+00    1.15871e-06     3.388228e-10      -1.025635e-10
8.308308e+00    1.15528e-06     3.338429e-10      -1.004626e-10
8.357357e+00    1.15189e-06     3.289676e-10      -9.841348e-11
8.406406e+00    1.14852e-06     3.241887e-10      -9.641596e-11
8.455455e+00    1.14519e-06     3.195094e-10      -9.446802e-11
8.504505e+00    1.14188e-06     3.149216e-10      -9.259536e-11
8.553554e+00    1.1386e-06      3.104260e-10      -9.073998e-11
8.602603e+00    1.13535e-06     3.060202e-10      -8.893049e-11
8.651652e+00    1.13213e-06     3.017021e-10      -8.719149e-11
8.700701e+00    1.12893e-06     2.974669e-10      -8.549441e-11
8.749750e+00    1.12576e-06     2.933152e-10      -8.381146e-11
8.798799e+00    1.12262e-06     2.892451e-10      -8.219435e-11
8.847848e+00    1.1195e-06      2.852521e-10      -8.061564e-11
8.896897e+00    1.11641e-06     2.813369e-10      -7.904853e-11
8.945946e+00    1.11335e-06     2.774976e-10      -7.754320e-11
8.994995e+00    1.11031e-06     2.737300e-10      -7.609778e-11
9.044044e+00    1.10729e-06     2.700326e-10      -7.466111e-11
9.093093e+00    1.1043e-06      2.664059e-10      -7.323314e-11
9.142142e+00    1.10134e-06     2.628485e-10      -7.188570e-11
9.191191e+00    1.09839e-06     2.593541e-10      -7.054575e-11
9.240240e+00    1.09548e-06     2.559281e-10      -6.923542e-11
9.289289e+00    1.09258e-06     2.525622e-10      -6.797845e-11
9.338338e+00    1.08971e-06     2.492596e-10      -6.672626e-11
9.387387e+00    1.08686e-06     2.460165e-10      -6.552487e-11
9.436436e+00    1.08403e-06     2.428317e-10      -6.435000e-11
9.485485e+00    1.08122e-06     2.397039e-10      -6.317931e-11
9.534535e+00    1.07844e-06     2.366339e-10      -6.205558e-11
9.583584e+00    1.07567e-06     2.336163e-10      -6.095624e-11
9.632633e+00    1.07293e-06     2.306542e-10      -5.985932e-11
9.681682e+00    1.07021e-06     2.277443e-10      -5.880769e-11
9.730731e+00    1.06751e-06     2.248853e-10      -5.777871e-11
9.779780e+00    1.06483e-06     2.220763e-10      -5.677170e-11
9.828829e+00    1.06217e-06     2.193161e-10      -5.578611e-11
9.877878e+00    1.05953e-06     2.166038e-10      -5.482138e-11
9.926927e+00    1.05691e-06     2.139382e-10      -5.387705e-11
9.975976e+00    1.05431e-06     2.113185e-10      -5.297467e-11
1.002503e+01    1.05172e-06     2.087415e-10      -5.206539e-11
1.007407e+01    1.04916e-06     2.062110e-10      -5.115704e-11
1.012312e+01    1.04662e-06     2.037231e-10      -5.031267e-11
1.017217e+01    1.04409e-06     2.012754e-10      -4.948163e-11
1.022122e+01    1.04158e-06     1.988691e-10      -4.864816e-11
1.027027e+01    1.03909e-06     1.965032e-10      -4.783173e-11
1.031932e+01    1.03662e-06     1.941769e-10      -4.705062e-11
1.036837e+01    1.03416e-06     1.918876e-10      -4.626682e-11
1.041742e+01    1.03173e-06     1.896382e-10      -4.549856e-11
1.046647e+01    1.02931e-06     1.874243e-10      -4.478245e-11
1.051552e+01    1.0269e-06      1.852451e-10      -4.404080e-11
1.056456e+01    1.02452e-06     1.831039e-10      -4.331711e-11
1.061361e+01    1.02215e-06     1.809958e-10      -4.264709e-11
1.066266e+01    1.01979e-06     1.789203e-10      -4.196897e-11
1.071171e+01    1.01745e-06     1.768787e-10      -4.128641e-11
1.076076e+01    1.01513e-06     1.748702e-10      -4.061722e-11
1.080981e+01    1.01283e-06     1.728942e-10      -3.997828e-11
1.085886e+01    1.01054e-06     1.709484e-10      -3.936873e-11
1.090791e+01    1.00826e-06     1.690322e-10      -3.875392e-11
1.095696e+01    1.006e-06       1.671467e-10      -3.813403e-11
1.100601e+01    1.00376e-06     1.652914e-10      -3.754253e-11
1.105506e+01    1.00153e-06     1.634639e-10      -3.696760e-11
1.110410e+01    9.99315e-07     1.616649e-10      -3.639826e-11
1.115315e+01    9.97115e-07     1.598933e-10      -3.584255e-11
1.120220e+01    9.9493e-07      1.581488e-10      -3.529586e-11
1.125125e+01    9.92759e-07     1.564308e-10      -3.476095e-11
1.130030e+01    9.90602e-07     1.547388e-10      -3.423594e-11
1.134935e+01    9.88459e-07     1.530724e-10      -3.372061e-11
1.139840e+01    9.8633e-07      1.514309e-10      -3.321474e-11
1.144745e+01    9.84215e-07     1.498140e-10      -3.271965e-11
1.149650e+01    9.82113e-07     1.482212e-10      -3.223360e-11
1.154555e+01    9.80025e-07     1.466520e-10      -3.175378e-11
1.159459e+01    9.7795e-07      1.451062e-10      -3.128668e-11
1.164364e+01    9.75888e-07     1.435828e-10      -3.083053e-11
1.169269e+01    9.73839e-07     1.420818e-10      -3.038145e-11
1.174174e+01    9.71802e-07     1.406025e-10      -2.993894e-11
1.179079e+01    9.69779e-07     1.391448e-10      -2.950426e-11
1.183984e+01    9.67768e-07     1.377082e-10      -2.907872e-11
1.188889e+01    9.6577e-07      1.362923e-10      -2.866067e-11
1.193794e+01    9.63784e-07     1.348966e-10      -2.825137e-11
1.198699e+01    9.6181e-07      1.335208e-10      -2.784921e-11
1.203604e+01    9.59848e-07     1.321646e-10      -2.745405e-11
1.208509e+01    9.57898e-07     1.308277e-10      -2.706354e-11
1.213413e+01    9.5596e-07      1.295098e-10      -2.668195e-11
1.218318e+01    9.54034e-07     1.282102e-10      -2.631045e-11
1.223223e+01    9.52119e-07     1.269288e-10      -2.594314e-11
1.228128e+01    9.50216e-07     1.256652e-10      -2.558209e-11
1.233033e+01    9.48324e-07     1.244192e-10      -2.522718e-11
1.237938e+01    9.46444e-07     1.231905e-10      -2.487957e-11
1.242843e+01    9.44574e-07     1.219786e-10      -2.453783e-11
1.247748e+01    9.42716e-07     1.207834e-10      -2.420181e-11
1.252653e+01    9.40868e-07     1.196044e-10      -2.387142e-11
1.257558e+01    9.39032e-07     1.184416e-10      -2.354462e-11
1.262462e+01    9.37206e-07     1.172947e-10      -2.322641e-11
1.267367e+01    9.35391e-07     1.161632e-10      -2.291535e-11
1.272272e+01    9.33586e-07     1.150468e-10      -2.260876e-11
1.277177e+01    9.31791e-07     1.139453e-10      -2.230596e-11
1.282082e+01    9.30007e-07     1.128586e-10      -2.200809e-11
1.286987e+01    9.28233e-07     1.117863e-10      -2.171509e-11
1.291892e+01    9.2647e-07      1.107284e-10      -2.142804e-11
1.296797e+01    9.24716e-07     1.096843e-10      -2.114683e-11
1.301702e+01    9.22972e-07     1.086539e-10      -2.086894e-11
1.306607e+01    9.21238e-07     1.076371e-10      -2.059552e-11
1.311512e+01    9.19514e-07     1.066336e-10      -2.032598e-11
1.316416e+01    9.17799e-07     1.056432e-10      -2.006238e-11
1.321321e+01    9.16094e-07     1.046655e-10      -1.980458e-11
1.326226e+01    9.14398e-07     1.037004e-10      -1.954922e-11
1.331131e+01    9.12712e-07     1.027477e-10      -1.929788e-11
1.336036e+01    9.11035e-07     1.018073e-10      -1.905161e-11
1.340941e+01    9.09367e-07     1.008788e-10      -1.880807e-11
1.345846e+01    9.07709e-07     9.996224e-11      -1.856942e-11
1.350751e+01    9.06059e-07     9.905718e-11      -1.833449e-11
1.355656e+01    9.04419e-07     9.816366e-11      -1.810317e-11
1.360561e+01    9.02787e-07     9.728129e-11      -1.787507e-11
1.365465e+01    9.01164e-07     9.641015e-11      -1.765082e-11
1.370370e+01    8.9955e-07      9.554978e-11      -1.743251e-11
1.375275e+01    8.97944e-07     9.470005e-11      -1.721609e-11
1.380180e+01    8.96347e-07     9.386091e-11      -1.700190e-11
1.385085e+01    8.94759e-07     9.303220e-11      -1.679199e-11
1.389990e+01    8.93179e-07     9.221365e-11      -1.658629e-11
1.394895e+01    8.91607e-07     9.140512e-11      -1.638266e-11
1.399800e+01    8.90044e-07     9.060654e-11      -1.618308e-11
1.404705e+01    8.88488e-07     8.981759e-11      -1.598649e-11
1.409610e+01    8.86941e-07     8.903830e-11      -1.579181e-11
1.414515e+01    8.85402e-07     8.826844e-11      -1.559975e-11
1.419419e+01    8.83871e-07     8.750799e-11      -1.541179e-11
1.424324e+01    8.82348e-07     8.675657e-11      -1.522884e-11
1.429229e+01    8.80832e-07     8.601407e-11      -1.504633e-11
1.434134e+01    8.79325e-07     8.528056e-11      -1.486649e-11
1.439039e+01    8.77825e-07     8.455570e-11      -1.469024e-11
1.443944e+01    8.76333e-07     8.383947e-11      -1.451654e-11
1.448849e+01    8.74848e-07     8.313165e-11      -1.434536e-11
1.453754e+01    8.73371e-07     8.243222e-11      -1.417664e-11
1.458659e+01    8.71901e-07     8.174095e-11      -1.401035e-11
1.463564e+01    8.70439e-07     8.105783e-11      -1.384532e-11
1.468468e+01    8.68984e-07     8.038275e-11      -1.368376e-11
1.473373e+01    8.67537e-07     7.971548e-11      -1.352654e-11
1.478278e+01    8.66096e-07     7.905583e-11      -1.337044e-11
1.483183e+01    8.64663e-07     7.840386e-11      -1.321563e-11
1.488088e+01    8.63237e-07     7.775940e-11      -1.306390e-11
1.492993e+01    8.61818e-07     7.712232e-11      -1.291521e-11
1.497898e+01    8.60405e-07     7.649244e-11      -1.276770e-11
1.502803e+01    8.59e-07        7.586983e-11      -1.262135e-11
1.507708e+01    8.57602e-07     7.525431e-11      -1.247881e-11
1.512613e+01    8.5621e-07      7.464569e-11      -1.233825e-11
1.517518e+01    8.54825e-07     7.404395e-11      -1.219776e-11
1.522422e+01    8.53447e-07     7.344911e-11      -1.206020e-11
1.527327e+01    8.52076e-07     7.286087e-11      -1.192637e-11
1.532232e+01    8.50711e-07     7.227915e-11      -1.179424e-11
1.537137e+01    8.49352e-07     7.170388e-11      -1.166221e-11
1.542042e+01    8.48001e-07     7.113511e-11      -1.153282e-11
1.546947e+01    8.46655e-07     7.057253e-11      -1.140603e-11
1.551852e+01    8.45316e-07     7.001620e-11      -1.128011e-11
1.556757e+01    8.43983e-07     6.946597e-11      -1.115588e-11
1.561662e+01    8.42657e-07     6.892183e-11      -1.103333e-11
1.566567e+01    8.41337e-07     6.838362e-11      -1.091235e-11
1.571471e+01    8.40023e-07     6.785135e-11      -1.079387e-11
1.576376e+01    8.38715e-07     6.732477e-11      -1.067784e-11
1.581281e+01    8.37413e-07     6.680388e-11      -1.056247e-11
1.586186e+01    8.36117e-07     6.628861e-11      -1.044862e-11
1.591091e+01    8.34827e-07     6.577889e-11      -1.033548e-11
1.595996e+01    8.33544e-07     6.527472e-11      -1.022461e-11
1.600901e+01    8.32266e-07     6.477587e-11      -1.011598e-11
1.605806e+01    8.30994e-07     6.428236e-11      -1.000877e-11
1.610711e+01    8.29727e-07     6.379403e-11      -9.902182e-12
1.615616e+01    8.28467e-07     6.331097e-11      -9.796968e-12
1.620521e+01    8.27212e-07     6.283297e-11      -9.693101e-12
1.625425e+01    8.25963e-07     6.236010e-11      -9.590597e-12
1.630330e+01    8.2472e-07      6.189215e-11      -9.490947e-12
1.635235e+01    8.23482e-07     6.142905e-11      -9.391798e-12
1.640140e+01    8.2225e-07      6.097083e-11      -9.293911e-12
1.645045e+01    8.21023e-07     6.051734e-11      -9.197276e-12
1.649950e+01    8.19802e-07     6.006860e-11      -9.101863e-12
1.654855e+01    8.18586e-07     5.962446e-11      -9.007666e-12
1.659760e+01    8.17376e-07     5.918496e-11      -8.915378e-12
1.664665e+01    8.1617e-07      5.874988e-11      -8.823540e-12
1.669570e+01    8.14971e-07     5.831939e-11      -8.732135e-12
1.674474e+01    8.13776e-07     5.789328e-11      -8.643304e-12
1.679379e+01    8.12587e-07     5.747150e-11      -8.555574e-12
1.684284e+01    8.11403e-07     5.705399e-11      -8.468939e-12
1.689189e+01    8.10224e-07     5.664071e-11      -8.383377e-12
1.694094e+01    8.0905e-07      5.623160e-11      -8.298179e-12
1.698999e+01    8.07882e-07     5.582667e-11      -8.214724e-12
1.703904e+01    8.06718e-07     5.542575e-11      -8.132990e-12
1.708809e+01    8.05559e-07     5.502884e-11      -8.050885e-12
1.713714e+01    8.04406e-07     5.463597e-11      -7.970462e-12
1.718619e+01    8.03257e-07     5.424696e-11      -7.891707e-12
1.723524e+01    8.02113e-07     5.386181e-11      -7.812598e-12
1.728428e+01    8.00974e-07     5.348055e-11      -7.735077e-12
1.733333e+01    7.9984e-07      5.310301e-11      -7.659130e-12
1.738238e+01    7.98711e-07     5.272921e-11      -7.584127e-12
1.743143e+01    7.97586e-07     5.235903e-11      -7.509377e-12
1.748048e+01    7.96467e-07     5.199255e-11      -7.436168e-12
1.752953e+01    7.95351e-07     5.162955e-11      -7.363845e-12
1.757858e+01    7.94241e-07     5.127017e-11      -7.291727e-12
1.762763e+01    7.93135e-07     5.091425e-11      -7.221113e-12
1.767668e+01    7.92034e-07     5.056180e-11      -7.150699e-12
1.772573e+01    7.90938e-07     5.021278e-11      -7.081183e-12
1.777477e+01    7.89846e-07     4.986715e-11      -7.013695e-12
1.782382e+01    7.88758e-07     4.952475e-11      -6.946945e-12
1.787287e+01    7.87675e-07     4.918566e-11      -6.880397e-12
1.792192e+01    7.86596e-07     4.884979e-11      -6.814633e-12
1.797097e+01    7.85522e-07     4.851716e-11      -6.749632e-12
1.802002e+01    7.84452e-07     4.818767e-11      -6.685391e-12
1.806907e+01    7.83387e-07     4.786134e-11      -6.621895e-12
1.811812e+01    7.82326e-07     4.753807e-11      -6.559746e-12
1.816717e+01    7.81269e-07     4.721784e-11      -6.497711e-12
1.821622e+01    7.80217e-07     4.690066e-11      -6.436988e-12
1.826527e+01    7.79168e-07     4.658638e-11      -6.376451e-12
1.831431e+01    7.78124e-07     4.627514e-11      -6.316517e-12
1.836336e+01    7.77084e-07     4.596674e-11      -6.257788e-12
1.841241e+01    7.76049e-07     4.566126e-11      -6.199804e-12
1.846146e+01    7.75017e-07     4.535856e-11      -6.143069e-12
1.851051e+01    7.73989e-07     4.505864e-11      -6.085804e-12
1.855956e+01    7.72966e-07     4.476155e-11      -6.029186e-12
1.860861e+01    7.71947e-07     4.446719e-11      -5.974363e-12
1.865766e+01    7.70931e-07     4.417548e-11      -5.919585e-12
1.870671e+01    7.6992e-07      4.388649e-11      -5.864846e-12
1.875576e+01    7.68913e-07     4.360015e-11      -5.811385e-12
1.880480e+01    7.67909e-07     4.331640e-11      -5.758430e-12
1.885385e+01    7.6691e-07      4.303525e-11      -5.706529e-12
1.890290e+01    7.65914e-07     4.275660e-11      -5.655297e-12
1.895195e+01    7.64922e-07     4.248048e-11      -5.604073e-12
1.900100e+01    7.63934e-07     4.220686e-11      -5.553412e-12
1.905005e+01    7.6295e-07      4.193570e-11      -5.503312e-12
1.909910e+01    7.6197e-07      4.166699e-11      -5.454309e-12
1.914815e+01    7.60993e-07     4.140064e-11      -5.405303e-12
1.919720e+01    7.60021e-07     4.113674e-11      -5.357368e-12
1.924625e+01    7.59051e-07     4.087510e-11      -5.309963e-12
1.929530e+01    7.58086e-07     4.061584e-11      -5.262102e-12
1.934434e+01    7.57124e-07     4.035889e-11      -5.215722e-12
1.939339e+01    7.56166e-07     4.010419e-11      -5.169739e-12
1.944244e+01    7.55212e-07     3.985175e-11      -5.124354e-12
1.949149e+01    7.54261e-07     3.960150e-11      -5.079462e-12
1.954054e+01    7.53314e-07     3.935347e-11      -5.035049e-12
1.958959e+01    7.5237e-07      3.910757e-11      -4.991113e-12
1.963864e+01    7.5143e-07      3.886385e-11      -4.947643e-12
1.968769e+01    7.50493e-07     3.862222e-11      -4.904635e-12
1.973674e+01    7.4956e-07      3.838271e-11      -4.861573e-12
1.978579e+01    7.48631e-07     3.814531e-11      -4.819596e-12
1.983483e+01    7.47704e-07     3.790992e-11      -4.777951e-12
1.988388e+01    7.46782e-07     3.767660e-11      -4.737128e-12
1.993293e+01    7.45862e-07     3.744522e-11      -4.696849e-12
1.998198e+01    7.44946e-07     3.721585e-11      -4.655991e-12
2.003103e+01    7.44034e-07     3.698847e-11      -4.616555e-12
2.008008e+01    7.43124e-07     3.676297e-11      -4.577532e-12
2.012913e+01    7.42218e-07     3.653943e-11      -4.537925e-12
2.017818e+01    7.41316e-07     3.631781e-11      -4.499708e-12
2.022723e+01    7.40416e-07     3.609801e-11      -4.461888e-12
2.027628e+01    7.39521e-07     3.588011e-11      -4.423482e-12
2.032533e+01    7.38629e-07     3.566408e-11      -4.386081e-12
2.037437e+01    7.37739e-07     3.544984e-11      -4.349902e-12
2.042342e+01    7.36852e-07     3.523736e-11      -4.313483e-12
2.047247e+01    7.35969e-07     3.502670e-11      -4.277070e-12
2.052152e+01    7.35089e-07     3.481779e-11      -4.241497e-12
2.057057e+01    7.34213e-07     3.461061e-11      -4.205809e-12
2.061962e+01    7.3334e-07      3.440521e-11      -4.170941e-12
2.066867e+01    7.3247e-07      3.420145e-11      -4.136882e-12
2.071772e+01    7.31602e-07     3.399939e-11      -4.102218e-12
2.076677e+01    7.30739e-07     3.379903e-11      -4.068344e-12
2.081582e+01    7.29878e-07     3.360029e-11      -4.034455e-12
2.086486e+01    7.29021e-07     3.340326e-11      -4.000746e-12
2.091391e+01    7.28167e-07     3.320782e-11      -3.968583e-12
2.096296e+01    7.27315e-07     3.301395e-11      -3.935911e-12
2.101201e+01    7.26468e-07     3.282172e-11      -3.903506e-12
2.106106e+01    7.25623e-07     3.263102e-11      -3.871359e-12
2.111011e+01    7.24783e-07     3.244195e-11      -3.839445e-12
2.115916e+01    7.23945e-07     3.225438e-11      -3.807753e-12
2.120821e+01    7.23112e-07     3.206841e-11      -3.776252e-12
2.125726e+01    7.22281e-07     3.188394e-11      -3.745360e-12
2.130631e+01    7.21455e-07     3.170100e-11      -3.714176e-12
2.135536e+01    7.20633e-07     3.151959e-11      -3.682722e-12
2.140440e+01    7.19816e-07     3.133973e-11      -3.651653e-12
2.145345e+01    7.19003e-07     3.116137e-11      -3.621346e-12
2.150250e+01    7.18195e-07     3.098448e-11      -3.590172e-12
2.155155e+01    7.17393e-07     3.080918e-11      -3.558854e-12
2.160060e+01    7.16596e-07     3.063537e-11      -3.527709e-12
2.164965e+01    7.15807e-07     3.046311e-11      -3.495770e-12
2.169870e+01    7.15026e-07     3.029244e-11      -3.463738e-12
2.174775e+01    7.14252e-07     3.012333e-11      -3.431024e-12
2.179680e+01    7.13489e-07     2.995586e-11      -3.397151e-12
2.184585e+01    7.12737e-07     2.979007e-11      -3.361869e-12
2.189489e+01    7.11999e-07     2.962607e-11      -3.325276e-12
2.194394e+01    7.11277e-07     2.946387e-11      -3.287843e-12
2.199299e+01    7.10573e-07     2.930354e-11      -3.247539e-12
2.204204e+01    7.09891e-07     2.914529e-11      -3.204190e-12
2.209109e+01    7.09236e-07     2.898921e-11      -3.157850e-12
2.214014e+01    7.08612e-07     2.883551e-11      -3.107338e-12
2.218919e+01    7.08025e-07     2.868439e-11      -3.051704e-12
2.223824e+01    7.07483e-07     2.853615e-11      -2.989472e-12
2.228729e+01    7.06996e-07     2.839113e-11      -2.920018e-12
2.233634e+01    7.06574e-07     2.824970e-11      -2.842274e-12
2.238539e+01    7.06229e-07     2.811231e-11      -2.750043e-12
2.243443e+01    7.05987e-07     2.797993e-11      -2.646255e-12
2.248348e+01    7.05853e-07     2.785271e-11      -2.527546e-12
2.253253e+01    7.05863e-07     2.773198e-11      -2.385701e-12
2.258158e+01    7.06044e-07     2.761868e-11      -2.219983e-12
2.263063e+01    7.06432e-07     2.751420e-11      -2.024226e-12
2.267968e+01    7.07071e-07     2.742011e-11      -1.792173e-12
2.272873e+01    7.08016e-07     2.733839e-11      -1.515664e-12
2.277778e+01    7.09334e-07     2.727142e-11      -1.186517e-12
2.282683e+01    7.11101e-07     2.722200e-11      -7.946280e-13
2.287588e+01    7.13412e-07     2.719347e-11      -3.143737e-13
2.292492e+01    7.16413e-07     2.719116e-11       2.518421e-13
2.297397e+01    7.20197e-07     2.721818e-11       9.184084e-13
2.302302e+01    7.24951e-07     2.728125e-11       1.717439e-12
2.307207e+01    7.30856e-07     2.738666e-11       2.645544e-12
2.312112e+01    7.38098e-07     2.754078e-11       3.690545e-12
2.317017e+01    7.46828e-07     2.774869e-11       4.797528e-12
2.321922e+01    7.57094e-07     2.801140e-11       5.841108e-12
2.326827e+01    7.68718e-07     2.832169e-11       6.607145e-12
2.331732e+01    7.81172e-07     2.865955e-11       6.810206e-12
2.336637e+01    7.935e-07       2.898976e-11       6.163996e-12
2.341542e+01    8.04379e-07     2.926423e-11       4.498573e-12
2.346446e+01    8.12357e-07     2.943106e-11       1.806242e-12
2.351351e+01    8.16044e-07     2.944142e-11      -1.680247e-12
2.356256e+01    8.14576e-07     2.926623e-11      -5.544324e-12
2.361161e+01    8.07666e-07     2.889753e-11      -9.345517e-12
2.366066e+01    7.95643e-07     2.834946e-11      -1.268023e-11
2.370971e+01    7.79336e-07     2.765362e-11      -1.526301e-11
2.375876e+01    7.59884e-07     2.685218e-11      -1.695107e-11
2.380781e+01    7.38546e-07     2.599076e-11      -1.773171e-11
2.385686e+01    7.1654e-07      2.511274e-11      -1.768935e-11
2.390591e+01    6.94928e-07     2.425546e-11      -1.696152e-11
2.395495e+01    6.74578e-07     2.344884e-11      -1.572727e-11
2.400400e+01    6.56077e-07     2.271265e-11      -1.415259e-11
2.405305e+01    6.39846e-07     2.206050e-11      -1.237581e-11
2.410210e+01    6.26095e-07     2.149861e-11      -1.052800e-11
2.415115e+01    6.14876e-07     2.102772e-11      -8.706679e-12
2.420020e+01    6.06125e-07     2.064450e-11      -6.983110e-12
2.424925e+01    5.99688e-07     2.034269e-11      -5.405403e-12
2.429830e+01    5.95354e-07     2.011424e-11      -4.002441e-12
2.434735e+01    5.92881e-07     1.995006e-11      -2.787899e-12
2.439640e+01    5.92011e-07     1.984075e-11      -1.763946e-12
2.444545e+01    5.92484e-07     1.977702e-11      -9.232498e-13
2.449449e+01    5.94057e-07     1.975018e-11      -2.565117e-13
2.454354e+01    5.96489e-07     1.975186e-11       2.518552e-13
2.459259e+01    5.99574e-07     1.977489e-11       6.217397e-13
2.464164e+01    6.03123e-07     1.981285e-11       8.698806e-13
2.469069e+01    6.06975e-07     1.986022e-11       1.014240e-12
2.473974e+01    6.10988e-07     1.991234e-11       1.072012e-12
2.478879e+01    6.15047e-07     1.996538e-11       1.059209e-12
2.483784e+01    6.19057e-07     2.001625e-11       9.904083e-13
2.488689e+01    6.22941e-07     2.006254e-11       8.786158e-13
2.493594e+01    6.26643e-07     2.010244e-11       7.355871e-13
2.498498e+01    6.3012e-07      2.013470e-11       5.703743e-13
2.503403e+01    6.33341e-07     2.015839e-11       3.912938e-13
2.508308e+01    6.36288e-07     2.017309e-11       2.059631e-13
2.513213e+01    6.38954e-07     2.017860e-11       1.955798e-14
2.518118e+01    6.41336e-07     2.017500e-11      -1.635135e-13
2.523023e+01    6.4344e-07      2.016256e-11      -3.398692e-13
2.527928e+01    6.45275e-07     2.014166e-11      -5.070170e-13
2.532833e+01    6.46854e-07     2.011282e-11      -6.632241e-13
2.537738e+01    6.48192e-07     2.007660e-11      -8.073937e-13
2.542643e+01    6.49307e-07     2.003362e-11      -9.389525e-13
2.547548e+01    6.50216e-07     1.998449e-11      -1.057531e-12
2.552452e+01    6.50938e-07     1.992988e-11      -1.163744e-12
2.557357e+01    6.5149e-07      1.987033e-11      -1.258016e-12
2.562262e+01    6.5189e-07      1.980647e-11      -1.340518e-12
2.567167e+01    6.52153e-07     1.973883e-11      -1.412207e-12
2.572072e+01    6.52296e-07     1.966793e-11      -1.473897e-12
2.576977e+01    6.52333e-07     1.959424e-11      -1.526439e-12
2.581882e+01    6.52277e-07     1.951819e-11      -1.570691e-12
2.586787e+01    6.5214e-07      1.944016e-11      -1.607498e-12
2.591692e+01    6.51933e-07     1.936050e-11      -1.637672e-12
2.596597e+01    6.51666e-07     1.927951e-11      -1.661979e-12
2.601502e+01    6.51346e-07     1.919746e-11      -1.680942e-12
2.606406e+01    6.50983e-07     1.911461e-11      -1.695596e-12
2.611311e+01    6.50581e-07     1.903113e-11      -1.706536e-12
2.616216e+01    6.50148e-07     1.894720e-11      -1.713916e-12
2.621121e+01    6.49688e-07     1.886299e-11      -1.718407e-12
2.626026e+01    6.49205e-07     1.877863e-11      -1.720431e-12
2.630931e+01    6.48704e-07     1.869422e-11      -1.720360e-12
2.635836e+01    6.48186e-07     1.860987e-11      -1.718519e-12
2.640741e+01    6.47657e-07     1.852564e-11      -1.715190e-12
2.645646e+01    6.47116e-07     1.844161e-11      -1.710616e-12
2.650551e+01    6.46567e-07     1.835783e-11      -1.704832e-12
2.655455e+01    6.46011e-07     1.827437e-11      -1.698367e-12
2.660360e+01    6.4545e-07      1.819123e-11      -1.691375e-12
2.665265e+01    6.44885e-07     1.810845e-11      -1.683630e-12
2.670170e+01    6.44316e-07     1.802606e-11      -1.675420e-12
2.675075e+01    6.43744e-07     1.794409e-11      -1.666835e-12
2.679980e+01    6.43171e-07     1.786255e-11      -1.657954e-12
2.684885e+01    6.42597e-07     1.778145e-11      -1.648841e-12
2.689790e+01    6.42022e-07     1.770080e-11      -1.639548e-12
2.694695e+01    6.41446e-07     1.762061e-11      -1.630123e-12
2.699600e+01    6.40871e-07     1.754089e-11      -1.620600e-12
2.704505e+01    6.40296e-07     1.746164e-11      -1.610848e-12
2.709409e+01    6.39721e-07     1.738287e-11      -1.601221e-12
2.714314e+01    6.39147e-07     1.730456e-11      -1.591737e-12
2.719219e+01    6.38574e-07     1.722672e-11      -1.582087e-12
2.724124e+01    6.38001e-07     1.714936e-11      -1.572448e-12
2.729029e+01    6.3743e-07      1.707247e-11      -1.562832e-12
2.733934e+01    6.3686e-07      1.699605e-11      -1.553249e-12
2.738839e+01    6.36291e-07     1.692010e-11      -1.543706e-12
2.743744e+01    6.35723e-07     1.684462e-11      -1.534210e-12
2.748649e+01    6.35157e-07     1.676960e-11      -1.524764e-12
2.753554e+01    6.34592e-07     1.669504e-11      -1.515221e-12
2.758458e+01    6.34028e-07     1.662096e-11      -1.505889e-12
2.763363e+01    6.33466e-07     1.654731e-11      -1.496772e-12
2.768268e+01    6.32905e-07     1.647413e-11      -1.487563e-12
2.773173e+01    6.32345e-07     1.640139e-11      -1.478417e-12
2.778078e+01    6.31787e-07     1.632910e-11      -1.469337e-12
2.782983e+01    6.31231e-07     1.625725e-11      -1.460322e-12
2.787888e+01    6.30675e-07     1.618584e-11      -1.451373e-12
2.792793e+01    6.30121e-07     1.611487e-11      -1.442490e-12
2.797698e+01    6.29569e-07     1.604433e-11      -1.433674e-12
2.802603e+01    6.29018e-07     1.597423e-11      -1.424924e-12
2.807508e+01    6.28468e-07     1.590455e-11      -1.416097e-12
2.812412e+01    6.2792e-07      1.583531e-11      -1.407481e-12
2.817317e+01    6.27373e-07     1.576648e-11      -1.399074e-12
2.822222e+01    6.26828e-07     1.569807e-11      -1.390588e-12
2.827127e+01    6.26284e-07     1.563007e-11      -1.382166e-12
2.832032e+01    6.25742e-07     1.556248e-11      -1.373810e-12
2.836937e+01    6.252e-07       1.549530e-11      -1.365517e-12
2.841842e+01    6.24661e-07     1.542852e-11      -1.357289e-12
2.846747e+01    6.24122e-07     1.536215e-11      -1.349123e-12
2.851652e+01    6.23585e-07     1.529618e-11      -1.341020e-12
2.856557e+01    6.2305e-07      1.523060e-11      -1.332844e-12
2.861461e+01    6.22516e-07     1.516543e-11      -1.324866e-12
2.866366e+01    6.21983e-07     1.510063e-11      -1.317084e-12
2.871271e+01    6.21451e-07     1.503623e-11      -1.309226e-12
2.876176e+01    6.20921e-07     1.497220e-11      -1.301429e-12
2.881081e+01    6.20392e-07     1.490856e-11      -1.293691e-12
2.885986e+01    6.19865e-07     1.484529e-11      -1.286012e-12
2.890891e+01    6.19339e-07     1.478240e-11      -1.278391e-12
2.895796e+01    6.18814e-07     1.471988e-11      -1.270829e-12
2.900701e+01    6.18291e-07     1.465774e-11      -1.263323e-12
2.905606e+01    6.17769e-07     1.459595e-11      -1.255875e-12
2.910511e+01    6.17248e-07     1.453454e-11      -1.248356e-12
2.915415e+01    6.16729e-07     1.447349e-11      -1.241021e-12
2.920320e+01    6.1621e-07      1.441280e-11      -1.233867e-12
2.925225e+01    6.15694e-07     1.435245e-11      -1.226641e-12
2.930130e+01    6.15178e-07     1.429246e-11      -1.219470e-12
2.935035e+01    6.14664e-07     1.423283e-11      -1.212352e-12
2.939940e+01    6.14151e-07     1.417353e-11      -1.205288e-12
2.944845e+01    6.13639e-07     1.411459e-11      -1.198276e-12
2.949750e+01    6.13129e-07     1.405599e-11      -1.191317e-12
2.954655e+01    6.1262e-07      1.399772e-11      -1.184409e-12
2.959560e+01    6.12112e-07     1.393980e-11      -1.177434e-12
2.964464e+01    6.11605e-07     1.388222e-11      -1.170630e-12
2.969369e+01    6.111e-07       1.382496e-11      -1.163995e-12
2.974274e+01    6.10596e-07     1.376803e-11      -1.157291e-12
2.979179e+01    6.10093e-07     1.371143e-11      -1.150636e-12
2.984084e+01    6.09591e-07     1.365516e-11      -1.144030e-12
2.988989e+01    6.09091e-07     1.359921e-11      -1.137472e-12
2.993894e+01    6.08592e-07     1.354357e-11      -1.130963e-12
2.998799e+01    6.08094e-07     1.348826e-11      -1.124502e-12
3.003704e+01    6.07597e-07     1.343326e-11      -1.118088e-12
3.008609e+01    6.07102e-07     1.337858e-11      -1.111721e-12
3.013514e+01    6.06607e-07     1.332421e-11      -1.105289e-12
3.018418e+01    6.06114e-07     1.327015e-11      -1.099015e-12
3.023323e+01    6.05623e-07     1.321639e-11      -1.092899e-12
3.028228e+01    6.05132e-07     1.316294e-11      -1.086716e-12
3.033133e+01    6.04642e-07     1.310979e-11      -1.080577e-12
3.038038e+01    6.04154e-07     1.305694e-11      -1.074483e-12
3.042943e+01    6.03667e-07     1.300438e-11      -1.068433e-12
3.047848e+01    6.03181e-07     1.295213e-11      -1.062427e-12
3.052753e+01    6.02696e-07     1.290016e-11      -1.056465e-12
3.057658e+01    6.02213e-07     1.284849e-11      -1.050545e-12
3.062563e+01    6.0173e-07      1.279711e-11      -1.044562e-12
3.067467e+01    6.01249e-07     1.274602e-11      -1.038727e-12
3.072372e+01    6.00769e-07     1.269521e-11      -1.033041e-12
3.077277e+01    6.0029e-07      1.264468e-11      -1.027289e-12
3.082182e+01    5.99812e-07     1.259443e-11      -1.021579e-12
3.087087e+01    5.99335e-07     1.254447e-11      -1.015909e-12
3.091992e+01    5.9886e-07      1.249477e-11      -1.010279e-12
3.096897e+01    5.98385e-07     1.244536e-11      -1.004690e-12
3.101802e+01    5.97912e-07     1.239622e-11      -9.991403e-13
3.106707e+01    5.9744e-07      1.234735e-11      -9.936299e-13
3.111612e+01    5.96969e-07     1.229874e-11      -9.881586e-13
3.116517e+01    5.96499e-07     1.225041e-11      -9.826263e-13
3.121421e+01    5.9603e-07      1.220235e-11      -9.772325e-13
3.126326e+01    5.95562e-07     1.215454e-11      -9.719763e-13
3.131231e+01    5.95096e-07     1.210700e-11      -9.666577e-13
3.136136e+01    5.9463e-07      1.205972e-11      -9.613764e-13
3.141041e+01    5.94166e-07     1.201269e-11      -9.561321e-13
3.145946e+01    5.93702e-07     1.196592e-11      -9.509245e-13
3.150851e+01    5.9324e-07      1.191941e-11      -9.457533e-13
3.155756e+01    5.92779e-07     1.187315e-11      -9.406183e-13
3.160661e+01    5.92319e-07     1.182713e-11      -9.355190e-13
3.165566e+01    5.91859e-07     1.178137e-11      -9.303609e-13
3.170470e+01    5.91402e-07     1.173587e-11      -9.253328e-13
3.175375e+01    5.90945e-07     1.169060e-11      -9.204340e-13
3.180280e+01    5.90489e-07     1.164558e-11      -9.154749e-13
3.185185e+01    5.90034e-07     1.160079e-11      -9.105501e-13
3.190090e+01    5.8958e-07      1.155625e-11      -9.056594e-13
3.194995e+01    5.89127e-07     1.151195e-11      -9.008024e-13
3.199900e+01    5.88676e-07     1.146789e-11      -8.959788e-13
3.204805e+01    5.88225e-07     1.142406e-11      -8.911884e-13
3.209710e+01    5.87775e-07     1.138046e-11      -8.864309e-13
3.214615e+01    5.87327e-07     1.133710e-11      -8.817061e-13
3.219520e+01    5.86879e-07     1.129397e-11      -8.769246e-13
3.224424e+01    5.86433e-07     1.125107e-11      -8.722646e-13
3.229329e+01    5.85987e-07     1.120840e-11      -8.677254e-13
3.234234e+01    5.85543e-07     1.116595e-11      -8.631282e-13
3.239139e+01    5.85099e-07     1.112373e-11      -8.585624e-13
3.244044e+01    5.84657e-07     1.108173e-11      -8.540276e-13
3.248949e+01    5.84215e-07     1.103995e-11      -8.495235e-13
3.253854e+01    5.83775e-07     1.099839e-11      -8.450499e-13
3.258759e+01    5.83335e-07     1.095705e-11      -8.406065e-13
3.263664e+01    5.82897e-07     1.091593e-11      -8.361931e-13
3.268569e+01    5.82459e-07     1.087502e-11      -8.317251e-13
3.273473e+01    5.82023e-07     1.083434e-11      -8.273714e-13
3.278378e+01    5.81587e-07     1.079386e-11      -8.231313e-13
3.283283e+01    5.81153e-07     1.075359e-11      -8.188355e-13
3.288188e+01    5.80719e-07     1.071353e-11      -8.145683e-13
3.293093e+01    5.80286e-07     1.067368e-11      -8.103298e-13
3.297998e+01    5.79855e-07     1.063404e-11      -8.061195e-13
3.302903e+01    5.79424e-07     1.059461e-11      -8.019373e-13
3.307808e+01    5.78994e-07     1.055537e-11      -7.977829e-13
3.312713e+01    5.78565e-07     1.051634e-11      -7.936561e-13
3.317618e+01    5.78137e-07     1.047752e-11      -7.895568e-13
3.322523e+01    5.77711e-07     1.043889e-11      -7.854049e-13
3.327427e+01    5.77285e-07     1.040047e-11      -7.813601e-13
3.332332e+01    5.7686e-07      1.036224e-11      -7.774217e-13
3.337237e+01    5.76436e-07     1.032421e-11      -7.734297e-13
3.342142e+01    5.76012e-07     1.028637e-11      -7.694640e-13
3.347047e+01    5.7559e-07      1.024872e-11      -7.655245e-13
3.351952e+01    5.75169e-07     1.021127e-11      -7.616108e-13
3.356857e+01    5.74748e-07     1.017401e-11      -7.577228e-13
3.361762e+01    5.74329e-07     1.013694e-11      -7.538603e-13
3.366667e+01    5.73911e-07     1.010006e-11      -7.500231e-13
3.371572e+01    5.73493e-07     1.006337e-11      -7.461353e-13
3.376476e+01    5.73076e-07     1.002686e-11      -7.423485e-13
3.381381e+01    5.7266e-07      9.990542e-12      -7.386620e-13
3.386286e+01    5.72246e-07     9.954403e-12      -7.349239e-13
3.391191e+01    5.71832e-07     9.918448e-12      -7.312101e-13
3.396096e+01    5.71418e-07     9.882673e-12      -7.275205e-13
3.401001e+01    5.71006e-07     9.847079e-12      -7.238547e-13
3.405906e+01    5.70595e-07     9.811664e-12      -7.202127e-13
3.410811e+01    5.70185e-07     9.776428e-12      -7.165942e-13
3.415716e+01    5.69775e-07     9.741368e-12      -7.129990e-13
3.420621e+01    5.69366e-07     9.706484e-12      -7.094270e-13
3.425526e+01    5.68959e-07     9.671774e-12      -7.058064e-13
3.430430e+01    5.68552e-07     9.637246e-12      -7.022805e-13
3.435335e+01    5.68146e-07     9.602882e-12      -6.988489e-13
3.440240e+01    5.67741e-07     9.568690e-12      -6.953677e-13
3.445145e+01    5.67336e-07     9.534668e-12      -6.919088e-13
3.450050e+01    5.66933e-07     9.500815e-12      -6.884720e-13
3.454955e+01    5.6653e-07      9.467130e-12      -6.850571e-13
3.459860e+01    5.66128e-07     9.433612e-12      -6.816639e-13
3.464765e+01    5.65728e-07     9.400260e-12      -6.782923e-13
3.469670e+01    5.65328e-07     9.367073e-12      -6.749421e-13
3.474575e+01    5.64928e-07     9.334050e-12      -6.715451e-13
3.479479e+01    5.6453e-07      9.301196e-12      -6.682376e-13
3.484384e+01    5.64133e-07     9.268497e-12      -6.650191e-13
3.489289e+01    5.63736e-07     9.235958e-12      -6.617529e-13
3.494194e+01    5.6334e-07      9.203580e-12      -6.585073e-13
3.499099e+01    5.62945e-07     9.171360e-12      -6.552822e-13
3.504004e+01    5.62551e-07     9.139298e-12      -6.520774e-13
3.508909e+01    5.62158e-07     9.107393e-12      -6.488926e-13
3.513814e+01    5.61765e-07     9.075643e-12      -6.457279e-13
3.518719e+01    5.61374e-07     9.044048e-12      -6.425829e-13
3.523624e+01    5.60983e-07     9.012607e-12      -6.394577e-13
3.528529e+01    5.60593e-07     8.981318e-12      -6.362874e-13
3.533433e+01    5.60203e-07     8.950188e-12      -6.332013e-13
3.538338e+01    5.59815e-07     8.919203e-12      -6.301990e-13
3.543243e+01    5.59427e-07     8.888367e-12      -6.271509e-13
3.548148e+01    5.59041e-07     8.857680e-12      -6.241217e-13
3.553053e+01    5.58655e-07     8.827142e-12      -6.211113e-13
3.557958e+01    5.58269e-07     8.796750e-12      -6.181196e-13
3.562863e+01    5.57885e-07     8.766505e-12      -6.151463e-13
3.567768e+01    5.57501e-07     8.736406e-12      -6.121914e-13
3.572673e+01    5.57119e-07     8.706451e-12      -6.092547e-13
3.577578e+01    5.56736e-07     8.676639e-12      -6.062746e-13
3.582482e+01    5.56355e-07     8.646976e-12      -6.033742e-13
3.587387e+01    5.55975e-07     8.617449e-12      -6.005531e-13
3.592292e+01    5.55595e-07     8.588063e-12      -5.976879e-13
3.597197e+01    5.55216e-07     8.558817e-12      -5.948402e-13
3.602102e+01    5.54838e-07     8.529710e-12      -5.920099e-13
3.607007e+01    5.54461e-07     8.500742e-12      -5.891969e-13
3.611912e+01    5.54084e-07     8.471911e-12      -5.864011e-13
3.616817e+01    5.53708e-07     8.443217e-12      -5.836223e-13
3.621722e+01    5.53333e-07     8.414659e-12      -5.808604e-13
3.626627e+01    5.52959e-07     8.386236e-12      -5.781153e-13
3.631532e+01    5.52585e-07     8.357947e-12      -5.753284e-13
3.636436e+01    5.52213e-07     8.329797e-12      -5.726168e-13
3.641341e+01    5.5184e-07      8.301774e-12      -5.699799e-13
3.646246e+01    5.51469e-07     8.273883e-12      -5.673007e-13
3.651151e+01    5.51099e-07     8.246123e-12      -5.646377e-13
3.656056e+01    5.50729e-07     8.218493e-12      -5.619907e-13
3.660961e+01    5.5036e-07      8.190993e-12      -5.593597e-13
3.665866e+01    5.49991e-07     8.163621e-12      -5.567446e-13
3.670771e+01    5.49624e-07     8.136377e-12      -5.541451e-13
3.675676e+01    5.49257e-07     8.109261e-12      -5.515613e-13
3.680581e+01    5.48891e-07     8.082270e-12      -5.489372e-13
3.685485e+01    5.48526e-07     8.055411e-12      -5.463845e-13
3.690390e+01    5.48161e-07     8.028671e-12      -5.439028e-13
3.695295e+01    5.47797e-07     8.002055e-12      -5.413802e-13
3.700200e+01    5.47434e-07     7.975563e-12      -5.388727e-13
3.705105e+01    5.47071e-07     7.949193e-12      -5.363801e-13
3.710010e+01    5.4671e-07      7.922945e-12      -5.339023e-13
3.714915e+01    5.46349e-07     7.896818e-12      -5.314393e-13
3.719820e+01    5.45988e-07     7.870812e-12      -5.289908e-13
3.724725e+01    5.45629e-07     7.844925e-12      -5.265568e-13
3.729630e+01    5.4527e-07      7.819157e-12      -5.241372e-13
3.734535e+01    5.44912e-07     7.793508e-12      -5.216789e-13
3.739439e+01    5.44554e-07     7.767982e-12      -5.192880e-13
3.744344e+01    5.44197e-07     7.742567e-12      -5.169640e-13
3.749249e+01    5.43841e-07     7.717269e-12      -5.146009e-13
3.754154e+01    5.43486e-07     7.692086e-12      -5.122516e-13
3.759059e+01    5.43131e-07     7.667018e-12      -5.099160e-13
3.763964e+01    5.42777e-07     7.642064e-12      -5.075942e-13
3.768869e+01    5.42424e-07     7.617224e-12      -5.052859e-13
3.773774e+01    5.42071e-07     7.592496e-12      -5.029910e-13
3.778679e+01    5.41719e-07     7.567881e-12      -5.007096e-13
3.783584e+01    5.41368e-07     7.543378e-12      -4.983908e-13
3.788488e+01    5.41017e-07     7.518990e-12      -4.961360e-13
3.793393e+01    5.40668e-07     7.494708e-12      -4.939449e-13
3.798298e+01    5.40318e-07     7.470535e-12      -4.917159e-13
3.803203e+01    5.3997e-07      7.446471e-12      -4.894999e-13
3.808108e+01    5.39622e-07     7.422516e-12      -4.872967e-13
3.813013e+01    5.39275e-07     7.398668e-12      -4.851062e-13
3.817918e+01    5.38928e-07     7.374928e-12      -4.829283e-13
3.822823e+01    5.38582e-07     7.351294e-12      -4.807630e-13
3.827728e+01    5.38237e-07     7.327766e-12      -4.786101e-13
3.832633e+01    5.37893e-07     7.304343e-12      -4.764696e-13
3.837538e+01    5.37549e-07     7.281025e-12      -4.742932e-13
3.842442e+01    5.37206e-07     7.257816e-12      -4.721774e-13
3.847347e+01    5.36863e-07     7.234705e-12      -4.701218e-13
3.852252e+01    5.36521e-07     7.211698e-12      -4.680299e-13
3.857157e+01    5.3618e-07      7.188793e-12      -4.659499e-13
3.862062e+01    5.35839e-07     7.165989e-12      -4.638818e-13
3.866967e+01    5.35499e-07     7.143287e-12      -4.618255e-13
3.871872e+01    5.3516e-07      7.120685e-12      -4.597808e-13
3.876777e+01    5.34821e-07     7.098183e-12      -4.577478e-13
3.881682e+01    5.34483e-07     7.075781e-12      -4.557263e-13
3.886587e+01    5.34146e-07     7.053477e-12      -4.536703e-13
3.891491e+01    5.33809e-07     7.031277e-12      -4.516719e-13
3.896396e+01    5.33473e-07     7.009169e-12      -4.497308e-13
3.901301e+01    5.33138e-07     6.987159e-12      -4.477547e-13
3.906206e+01    5.32803e-07     6.965245e-12      -4.457898e-13
3.911111e+01    5.32469e-07     6.943428e-12      -4.438360e-13
3.916016e+01    5.32135e-07     6.921706e-12      -4.418932e-13
3.920921e+01    5.31802e-07     6.900079e-12      -4.399614e-13
3.925826e+01    5.3147e-07      6.878546e-12      -4.380404e-13
3.930731e+01    5.31138e-07     6.857108e-12      -4.361302e-13
3.935636e+01    5.30807e-07     6.835763e-12      -4.342307e-13
3.940541e+01    5.30477e-07     6.814511e-12      -4.322980e-13
3.945445e+01    5.30147e-07     6.793355e-12      -4.304199e-13
3.950350e+01    5.29818e-07     6.772287e-12      -4.285963e-13
3.955255e+01    5.29489e-07     6.751311e-12      -4.267389e-13
3.960160e+01    5.29161e-07     6.730425e-12      -4.248920e-13
3.965065e+01    5.28834e-07     6.709630e-12      -4.230553e-13
3.969970e+01    5.28507e-07     6.688924e-12      -4.212288e-13
3.974875e+01    5.28181e-07     6.668308e-12      -4.194125e-13
3.979780e+01    5.27855e-07     6.647780e-12      -4.176062e-13
3.984685e+01    5.2753e-07      6.627341e-12      -4.158099e-13
3.989590e+01    5.27206e-07     6.606990e-12      -4.139816e-13
3.994494e+01    5.26882e-07     6.586731e-12      -4.122052e-13
3.999399e+01    5.26559e-07     6.566554e-12      -4.104808e-13
4.004304e+01    5.26236e-07     6.546463e-12      -4.087238e-13
4.009209e+01    5.25914e-07     6.526459e-12      -4.069765e-13
4.014114e+01    5.25593e-07     6.506540e-12      -4.052387e-13
4.019019e+01    5.25272e-07     6.486706e-12      -4.035105e-13
4.023924e+01    5.24952e-07     6.466956e-12      -4.017917e-13
4.028829e+01    5.24632e-07     6.447291e-12      -4.000824e-13
4.033734e+01    5.24313e-07     6.427709e-12      -3.983823e-13
4.038639e+01    5.23995e-07     6.408210e-12      -3.966915e-13
4.043544e+01    5.23677e-07     6.388794e-12      -3.949698e-13
4.048448e+01    5.23359e-07     6.369464e-12      -3.932975e-13
4.053353e+01    5.23043e-07     6.350212e-12      -3.916744e-13
4.058258e+01    5.22726e-07     6.331042e-12      -3.900200e-13
4.063163e+01    5.22411e-07     6.311952e-12      -3.883746e-13
4.068068e+01    5.22096e-07     6.292943e-12      -3.867380e-13
4.072973e+01    5.21781e-07     6.274014e-12      -3.851103e-13
4.077878e+01    5.21467e-07     6.255164e-12      -3.834914e-13
4.082783e+01    5.21154e-07     6.236394e-12      -3.818812e-13
4.087688e+01    5.20841e-07     6.217703e-12      -3.802796e-13
4.092593e+01    5.20529e-07     6.199089e-12      -3.786483e-13
4.097497e+01    5.20217e-07     6.180558e-12      -3.770641e-13
4.102402e+01    5.19906e-07     6.162100e-12      -3.755268e-13
4.107307e+01    5.19596e-07     6.143719e-12      -3.739594e-13
4.112212e+01    5.19286e-07     6.125415e-12      -3.724004e-13
4.117117e+01    5.18976e-07     6.107188e-12      -3.708497e-13
4.122022e+01    5.18668e-07     6.089036e-12      -3.693073e-13
4.126927e+01    5.18359e-07     6.070959e-12      -3.677732e-13
4.131832e+01    5.18051e-07     6.052958e-12      -3.662473e-13
4.136737e+01    5.17744e-07     6.035031e-12      -3.647295e-13
4.141642e+01    5.17438e-07     6.017179e-12      -3.632198e-13
4.146547e+01    5.17131e-07     5.999400e-12      -3.616814e-13
4.151451e+01    5.16826e-07     5.981698e-12      -3.601879e-13
4.156356e+01    5.16521e-07     5.964066e-12      -3.587390e-13
4.161261e+01    5.16216e-07     5.946507e-12      -3.572612e-13
4.166166e+01    5.15912e-07     5.929020e-12      -3.557912e-13
4.171071e+01    5.15609e-07     5.911604e-12      -3.543290e-13
4.175976e+01    5.15306e-07     5.894261e-12      -3.528745e-13
4.180881e+01    5.15004e-07     5.876988e-12      -3.514277e-13
4.185786e+01    5.14702e-07     5.859786e-12      -3.499885e-13
4.190691e+01    5.14401e-07     5.842655e-12      -3.485570e-13
4.195596e+01    5.141e-07       5.825593e-12      -3.471329e-13
4.200501e+01    5.138e-07       5.808602e-12      -3.456812e-13
4.205405e+01    5.135e-07       5.791683e-12      -3.442722e-13
4.210310e+01    5.13201e-07     5.774829e-12      -3.429057e-13
4.215215e+01    5.12902e-07     5.758044e-12      -3.415113e-13
4.220120e+01    5.12604e-07     5.741328e-12      -3.401241e-13
4.225025e+01    5.12306e-07     5.724679e-12      -3.387442e-13
4.229930e+01    5.12009e-07     5.708097e-12      -3.373715e-13
4.234835e+01    5.11712e-07     5.691583e-12      -3.360059e-13
4.239740e+01    5.11416e-07     5.675136e-12      -3.346474e-13
4.244645e+01    5.11121e-07     5.658755e-12      -3.332960e-13
4.249550e+01    5.10826e-07     5.642440e-12      -3.319178e-13
4.254454e+01    5.10531e-07     5.626195e-12      -3.305805e-13
4.259359e+01    5.10237e-07     5.610011e-12      -3.292838e-13
4.264264e+01    5.09944e-07     5.593892e-12      -3.279601e-13
4.269169e+01    5.09651e-07     5.577839e-12      -3.266432e-13
4.274074e+01    5.09358e-07     5.561849e-12      -3.253331e-13
4.278979e+01    5.09066e-07     5.545924e-12      -3.240297e-13
4.283884e+01    5.08775e-07     5.530063e-12      -3.227331e-13
4.288789e+01    5.08484e-07     5.514265e-12      -3.214431e-13
4.293694e+01    5.08193e-07     5.498530e-12      -3.201597e-13
4.298599e+01    5.07903e-07     5.482858e-12      -3.188829e-13
4.303504e+01    5.07613e-07     5.467248e-12      -3.175803e-13
4.308408e+01    5.07324e-07     5.451704e-12      -3.163166e-13
4.313313e+01    5.07036e-07     5.436218e-12      -3.150916e-13
4.318218e+01    5.06748e-07     5.420794e-12      -3.138407e-13
4.323123e+01    5.0646e-07      5.405431e-12      -3.125961e-13
4.328028e+01    5.06173e-07     5.390129e-12      -3.113579e-13
4.332933e+01    5.05887e-07     5.374887e-12      -3.101259e-13
4.337838e+01    5.05601e-07     5.359706e-12      -3.089002e-13
4.342743e+01    5.05315e-07     5.344585e-12      -3.076807e-13
4.347648e+01    5.0503e-07      5.329523e-12      -3.064674e-13
4.352553e+01    5.04745e-07     5.314521e-12      -3.052292e-13
4.357457e+01    5.04461e-07     5.299580e-12      -3.040283e-13
4.362362e+01    5.04177e-07     5.284696e-12      -3.028644e-13
4.367267e+01    5.03894e-07     5.269870e-12      -3.016755e-13
4.372172e+01    5.03611e-07     5.255102e-12      -3.004925e-13
4.377077e+01    5.03329e-07     5.240392e-12      -2.993155e-13
4.381982e+01    5.03047e-07     5.225740e-12      -2.981445e-13
4.386887e+01    5.02766e-07     5.211145e-12      -2.969793e-13
4.391792e+01    5.02485e-07     5.196607e-12      -2.958200e-13
4.396697e+01    5.02205e-07     5.182126e-12      -2.946666e-13
4.401602e+01    5.01925e-07     5.167701e-12      -2.935189e-13
4.406507e+01    5.01646e-07     5.153332e-12      -2.923473e-13
4.411411e+01    5.01367e-07     5.139022e-12      -2.912112e-13
4.416316e+01    5.01088e-07     5.124765e-12      -2.901105e-13
4.421221e+01    5.0081e-07      5.110563e-12      -2.889856e-13
4.426126e+01    5.00533e-07     5.096416e-12      -2.878664e-13
4.431031e+01    5.00255e-07     5.082323e-12      -2.867527e-13
4.435936e+01    4.99979e-07     5.068286e-12      -2.856446e-13
4.440841e+01    4.99703e-07     5.054302e-12      -2.845419e-13
4.445746e+01    4.99427e-07     5.040373e-12      -2.834447e-13
4.450651e+01    4.99152e-07     5.026497e-12      -2.823530e-13
4.455556e+01    4.98877e-07     5.012674e-12      -2.812381e-13
4.460460e+01    4.98602e-07     4.998908e-12      -2.801572e-13
4.465365e+01    4.98328e-07     4.985192e-12      -2.791102e-13
4.470270e+01    4.98055e-07     4.971528e-12      -2.780399e-13
4.475175e+01    4.97782e-07     4.957916e-12      -2.769748e-13
4.480080e+01    4.97509e-07     4.944357e-12      -2.759149e-13
4.484985e+01    4.97237e-07     4.930850e-12      -2.748602e-13
4.489890e+01    4.96966e-07     4.917394e-12      -2.738106e-13
4.494795e+01    4.96694e-07     4.903989e-12      -2.727662e-13
4.499700e+01    4.96424e-07     4.890636e-12      -2.717269e-13
4.504605e+01    4.96153e-07     4.877333e-12      -2.706927e-13
4.509510e+01    4.95883e-07     4.864082e-12      -2.696361e-13
4.514414e+01    4.95614e-07     4.850883e-12      -2.686120e-13
4.519319e+01    4.95345e-07     4.837731e-12      -2.676203e-13
4.524224e+01    4.95076e-07     4.824630e-12      -2.666060e-13
4.529129e+01    4.94808e-07     4.811578e-12      -2.655967e-13
4.534034e+01    4.9454e-07      4.798575e-12      -2.645922e-13
4.538939e+01    4.94273e-07     4.785622e-12      -2.635927e-13
4.543844e+01    4.94006e-07     4.772717e-12      -2.625979e-13
4.548749e+01    4.9374e-07      4.759861e-12      -2.616080e-13
4.553654e+01    4.93474e-07     4.747054e-12      -2.606229e-13
4.558559e+01    4.93208e-07     4.734295e-12      -2.596162e-13
4.563463e+01    4.92943e-07     4.721586e-12      -2.586407e-13
4.568368e+01    4.92679e-07     4.708923e-12      -2.576963e-13
4.573273e+01    4.92414e-07     4.696307e-12      -2.567300e-13
4.578178e+01    4.9215e-07      4.683738e-12      -2.557685e-13
4.583083e+01    4.91887e-07     4.671216e-12      -2.548116e-13
4.587988e+01    4.91624e-07     4.658741e-12      -2.538593e-13
4.592893e+01    4.91361e-07     4.646313e-12      -2.529116e-13
4.597798e+01    4.91099e-07     4.633931e-12      -2.519685e-13
4.602703e+01    4.90838e-07     4.621595e-12      -2.510299e-13
4.607608e+01    4.90576e-07     4.609306e-12      -2.500958e-13
4.612513e+01    4.90315e-07     4.597061e-12      -2.491409e-13
4.617417e+01    4.90055e-07     4.584865e-12      -2.482158e-13
4.622322e+01    4.89795e-07     4.572712e-12      -2.473205e-13
4.627227e+01    4.89535e-07     4.560604e-12      -2.464041e-13
4.632132e+01    4.89276e-07     4.548540e-12      -2.454922e-13
4.637037e+01    4.89017e-07     4.536521e-12      -2.445846e-13
4.641942e+01    4.88759e-07     4.524547e-12      -2.436814e-13
4.646847e+01    4.88501e-07     4.512617e-12      -2.427824e-13
4.651752e+01    4.88243e-07     4.500730e-12      -2.418877e-13
4.656657e+01    4.87986e-07     4.488888e-12      -2.409972e-13
4.661562e+01    4.87729e-07     4.477089e-12      -2.400866e-13
4.666466e+01    4.87473e-07     4.465336e-12      -2.392047e-13
4.671371e+01    4.87217e-07     4.453624e-12      -2.383513e-13
4.676276e+01    4.86961e-07     4.441954e-12      -2.374775e-13
4.681181e+01    4.86706e-07     4.430327e-12      -2.366079e-13
4.686086e+01    4.86451e-07     4.418743e-12      -2.357424e-13
4.690991e+01    4.86197e-07     4.407202e-12      -2.348809e-13
4.695896e+01    4.85943e-07     4.395702e-12      -2.340234e-13
4.700801e+01    4.85689e-07     4.384244e-12      -2.331700e-13
4.705706e+01    4.85436e-07     4.372828e-12      -2.323206e-13
4.710611e+01    4.85183e-07     4.361454e-12      -2.314751e-13
4.715516e+01    4.84931e-07     4.350121e-12      -2.306102e-13
4.720420e+01    4.84679e-07     4.338832e-12      -2.297727e-13
4.725325e+01    4.84427e-07     4.327581e-12      -2.289625e-13
4.730230e+01    4.84176e-07     4.316371e-12      -2.281326e-13
4.735135e+01    4.83925e-07     4.305202e-12      -2.273066e-13
4.740040e+01    4.83675e-07     4.294073e-12      -2.264845e-13
4.744945e+01    4.83425e-07     4.282984e-12      -2.256662e-13
4.749850e+01    4.83175e-07     4.271935e-12      -2.248516e-13
4.754755e+01    4.82926e-07     4.260926e-12      -2.240408e-13
4.759660e+01    4.82677e-07     4.249957e-12      -2.232338e-13
4.764565e+01    4.82428e-07     4.239028e-12      -2.224079e-13
4.769469e+01    4.8218e-07      4.228139e-12      -2.216084e-13
4.774374e+01    4.81932e-07     4.217288e-12      -2.208351e-13
4.779279e+01    4.81685e-07     4.206476e-12      -2.200429e-13
4.784184e+01    4.81438e-07     4.195702e-12      -2.192543e-13
4.789089e+01    4.81191e-07     4.184967e-12      -2.184693e-13
4.793994e+01    4.80945e-07     4.174271e-12      -2.176879e-13
4.798899e+01    4.80699e-07     4.163613e-12      -2.169101e-13
4.803804e+01    4.80454e-07     4.152992e-12      -2.161359e-13
4.808709e+01    4.80209e-07     4.142410e-12      -2.153652e-13
4.813614e+01    4.79964e-07     4.131866e-12      -2.145981e-13
4.818519e+01    4.7972e-07      4.121358e-12      -2.138127e-13
4.823423e+01    4.79476e-07     4.110891e-12      -2.130526e-13
4.828328e+01    4.79232e-07     4.100458e-12      -2.123177e-13
4.833233e+01    4.78989e-07     4.090063e-12      -2.115645e-13
4.838138e+01    4.78746e-07     4.079704e-12      -2.108147e-13
4.843043e+01    4.78503e-07     4.069382e-12      -2.100683e-13
4.847948e+01    4.78261e-07     4.059097e-12      -2.093253e-13
4.852853e+01    4.7802e-07      4.048848e-12      -2.085856e-13
4.857758e+01    4.77778e-07     4.038635e-12      -2.078494e-13
4.862663e+01    4.77537e-07     4.028458e-12      -2.071164e-13
4.867568e+01    4.77296e-07     4.018317e-12      -2.063658e-13
4.872472e+01    4.77056e-07     4.008214e-12      -2.056396e-13
4.877377e+01    4.76816e-07     3.998145e-12      -2.049376e-13
4.882282e+01    4.76577e-07     3.988110e-12      -2.042179e-13
4.887187e+01    4.76337e-07     3.978111e-12      -2.035014e-13
4.892092e+01    4.76099e-07     3.968147e-12      -2.027881e-13
4.896997e+01    4.7586e-07      3.958218e-12      -2.020781e-13
4.901902e+01    4.75622e-07     3.948324e-12      -2.013712e-13
4.906807e+01    4.75384e-07     3.938464e-12      -2.006676e-13
4.911712e+01    4.75147e-07     3.928639e-12      -1.999671e-13
4.916617e+01    4.7491e-07      3.918848e-12      -1.992697e-13
4.921522e+01    4.74673e-07     3.909091e-12      -1.985553e-13
4.926426e+01    4.74437e-07     3.899370e-12      -1.978643e-13
4.931331e+01    4.74201e-07     3.889681e-12      -1.971965e-13
4.936236e+01    4.73965e-07     3.880025e-12      -1.965115e-13
4.941141e+01    4.7373e-07      3.870403e-12      -1.958296e-13
4.946046e+01    4.73495e-07     3.860815e-12      -1.951508e-13
4.950951e+01    4.7326e-07      3.851259e-12      -1.944749e-13
4.955856e+01    4.73026e-07     3.841737e-12      -1.938021e-13
4.960761e+01    4.72792e-07     3.832248e-12      -1.931323e-13
4.965666e+01    4.72558e-07     3.822791e-12      -1.924654e-13
4.970571e+01    4.72325e-07     3.813367e-12      -1.917820e-13
4.975475e+01    4.72092e-07     3.803978e-12      -1.911211e-13
4.980380e+01    4.7186e-07      3.794619e-12      -1.904826e-13
4.985285e+01    4.71628e-07     3.785292e-12      -1.898274e-13
4.990190e+01    4.71396e-07     3.775997e-12      -1.891752e-13
4.995095e+01    4.71164e-07     3.766734e-12      -1.885258e-13
5.000000e+01    4.70933e-07     3.757503e-12      -9.410090e-14
