# Generated by Dust Drift Simulation (Date: Jan 23 2026 08:54:11)
# Time: 1.502490e+03 years
#--------------------------------------------------------------------------
# Radius_AU       GasSurfDensity  GasPressure     GasPressureDeriv
#--------------------------------------------------------------------------
1.000000e+00    3.32837e-06     6.639128e-08      -7.629676e-08
1.049049e+00    3.24995e-06     5.890685e-08      -1.411059e-07
1.098098e+00    3.17663e-06     5.254906e-08      -1.202593e-07
1.147147e+00    3.10791e-06     4.710964e-08      -1.032002e-07
1.196196e+00    3.04334e-06     4.242532e-08      -8.912413e-08
1.245245e+00    2.98253e-06     3.836673e-08      -7.742157e-08
1.294294e+00    2.92512e-06     3.483041e-08      -6.762400e-08
1.343343e+00    2.87081e-06     3.173295e-08      -5.936754e-08
1.392392e+00    2.81929e-06     2.900657e-08      -5.236712e-08
1.441441e+00    2.7703e-06      2.659583e-08      -4.639767e-08
1.490490e+00    2.72362e-06     2.445505e-08      -4.128052e-08
1.539540e+00    2.67903e-06     2.254629e-08      -3.687146e-08
1.588589e+00    2.63633e-06     2.083803e-08      -3.305477e-08
1.637638e+00    2.59535e-06     1.930368e-08      -2.973711e-08
1.686687e+00    2.55592e-06     1.792087e-08      -2.684104e-08
1.735736e+00    2.5179e-06      1.667063e-08      -2.430300e-08
1.784785e+00    2.48115e-06     1.553679e-08      -2.207025e-08
1.833834e+00    2.44554e-06     1.450558e-08      -2.009860e-08
1.882883e+00    2.41097e-06     1.356516e-08      -1.835080e-08
1.931932e+00    2.37734e-06     1.270540e-08      -1.679515e-08
1.980981e+00    2.3446e-06      1.191759e-08      -1.540443e-08
2.030030e+00    2.3127e-06      1.119425e-08      -1.415513e-08
2.079079e+00    2.28165e-06     1.052900e-08      -1.302683e-08
2.128128e+00    2.25148e-06     9.916347e-09      -1.200178e-08
2.177177e+00    2.22226e-06     9.351645e-09      -1.106469e-08
2.226226e+00    2.19414e-06     8.830922e-09      -1.020260e-08
2.275275e+00    2.16728e-06     8.350789e-09      -9.404933e-09
2.324324e+00    2.14189e-06     7.908316e-09      -8.663544e-09
2.373373e+00    2.1182e-06      7.500912e-09      -7.972852e-09
2.422422e+00    2.09641e-06     7.126194e-09      -7.329844e-09
2.471471e+00    2.07673e-06     6.781868e-09      -6.733915e-09
2.520521e+00    2.05925e-06     6.465610e-09      -6.186564e-09
2.569570e+00    2.04398e-06     6.174978e-09      -5.690652e-09
2.618619e+00    2.03076e-06     5.907368e-09      -5.249412e-09
2.667668e+00    2.0193e-06      5.660020e-09      -4.865350e-09
2.716717e+00    2.00916e-06     5.430086e-09      -4.538970e-09
2.765766e+00    1.99979e-06     5.214756e-09      -4.267799e-09
2.814815e+00    1.99059e-06     5.011423e-09      -4.045928e-09
2.863864e+00    1.98097e-06     4.817858e-09      -3.864323e-09
2.912913e+00    1.9705e-06      4.632341e-09      -3.711929e-09
2.961962e+00    1.95885e-06     4.453725e-09      -3.577345e-09
3.011011e+00    1.94595e-06     4.281410e-09      -3.450592e-09
3.060060e+00    1.93185e-06     4.115228e-09      -3.324399e-09
3.109109e+00    1.91677e-06     3.955293e-09      -3.194690e-09
3.158158e+00    1.90099e-06     3.801835e-09      -3.060378e-09
3.207207e+00    1.88482e-06     3.655075e-09      -2.922502e-09
3.256256e+00    1.86853e-06     3.515143e-09      -2.783346e-09
3.305305e+00    1.85234e-06     3.382034e-09      -2.645391e-09
3.354354e+00    1.83643e-06     3.255636e-09      -2.510805e-09
3.403403e+00    1.8209e-06      3.135729e-09      -2.381364e-09
3.452452e+00    1.80582e-06     3.022028e-09      -2.258063e-09
3.501502e+00    1.79123e-06     2.914218e-09      -2.141729e-09
3.550551e+00    1.77712e-06     2.811929e-09      -2.032476e-09
3.599600e+00    1.76349e-06     2.714835e-09      -1.930075e-09
3.648649e+00    1.75031e-06     2.622592e-09      -1.834385e-09
3.697698e+00    1.73757e-06     2.534886e-09      -1.744953e-09
3.746747e+00    1.72522e-06     2.451415e-09      -1.661461e-09
3.795796e+00    1.71325e-06     2.371900e-09      -1.583487e-09
3.844845e+00    1.70163e-06     2.296078e-09      -1.510483e-09
3.893894e+00    1.69032e-06     2.223724e-09      -1.442045e-09
3.942943e+00    1.67931e-06     2.154617e-09      -1.377808e-09
3.991992e+00    1.66858e-06     2.088564e-09      -1.317551e-09
4.041041e+00    1.6581e-06      2.025367e-09      -1.260848e-09
4.090090e+00    1.64786e-06     1.964877e-09      -1.207308e-09
4.139139e+00    1.63785e-06     1.906933e-09      -1.157020e-09
4.188188e+00    1.62805e-06     1.851376e-09      -1.109422e-09
4.237237e+00    1.61845e-06     1.798100e-09      -1.064311e-09
4.286286e+00    1.60904e-06     1.746969e-09      -1.021833e-09
4.335335e+00    1.59981e-06     1.697861e-09      -9.814971e-10
4.384384e+00    1.59075e-06     1.650686e-09      -9.431538e-10
4.433433e+00    1.58186e-06     1.605339e-09      -9.068772e-10
4.482482e+00    1.57312e-06     1.561723e-09      -8.723457e-10
4.531532e+00    1.56454e-06     1.519764e-09      -8.395307e-10
4.580581e+00    1.5561e-06      1.479366e-09      -8.084260e-10
4.629630e+00    1.54779e-06     1.440459e-09      -7.786594e-10
4.678679e+00    1.53964e-06     1.402981e-09      -7.503280e-10
4.727728e+00    1.5316e-06      1.366853e-09      -7.233539e-10
4.776777e+00    1.52371e-06     1.332022e-09      -6.975676e-10
4.825826e+00    1.51593e-06     1.298423e-09      -6.730775e-10
4.874875e+00    1.50827e-06     1.265994e-09      -6.496428e-10
4.923924e+00    1.50073e-06     1.234694e-09      -6.272039e-10
4.972973e+00    1.4933e-06      1.204467e-09      -6.057922e-10
5.022022e+00    1.48598e-06     1.175267e-09      -5.852727e-10
5.071071e+00    1.47878e-06     1.147052e-09      -5.656771e-10
5.120120e+00    1.47167e-06     1.119775e-09      -5.469586e-10
5.169169e+00    1.46467e-06     1.093397e-09      -5.289957e-10
5.218218e+00    1.45776e-06     1.067882e-09      -5.117512e-10
5.267267e+00    1.45096e-06     1.043195e-09      -4.952622e-10
5.316316e+00    1.44425e-06     1.019297e-09      -4.794918e-10
5.365365e+00    1.43763e-06     9.961578e-10      -4.642645e-10
5.414414e+00    1.43111e-06     9.737538e-10      -4.496911e-10
5.463463e+00    1.42467e-06     9.520439e-10      -4.358134e-10
5.512513e+00    1.4183e-06      9.310014e-10      -4.223244e-10
5.561562e+00    1.41204e-06     9.106147e-10      -4.094005e-10
5.610611e+00    1.40585e-06     8.908400e-10      -3.970272e-10
5.659660e+00    1.39975e-06     8.716671e-10      -3.851071e-10
5.708709e+00    1.39372e-06     8.530617e-10      -3.736855e-10
5.757758e+00    1.38777e-06     8.350093e-10      -3.626155e-10
5.806807e+00    1.3819e-06      8.174898e-10      -3.520026e-10
5.855856e+00    1.3761e-06      8.004785e-10      -3.418267e-10
5.904905e+00    1.37037e-06     7.839573e-10      -3.320094e-10
5.953954e+00    1.36471e-06     7.679090e-10      -3.224791e-10
6.003003e+00    1.35913e-06     7.523227e-10      -3.133349e-10
6.052052e+00    1.35361e-06     7.371714e-10      -3.045621e-10
6.101101e+00    1.34816e-06     7.224457e-10      -2.960879e-10
6.150150e+00    1.34277e-06     7.081258e-10      -2.879015e-10
6.199199e+00    1.33745e-06     6.942031e-10      -2.799896e-10
6.248248e+00    1.33219e-06     6.806593e-10      -2.723939e-10
6.297297e+00    1.32699e-06     6.674818e-10      -2.650493e-10
6.346346e+00    1.32185e-06     6.546585e-10      -2.579459e-10
6.395395e+00    1.31677e-06     6.421778e-10      -2.510740e-10
6.444444e+00    1.31175e-06     6.300286e-10      -2.444247e-10
6.493493e+00    1.30679e-06     6.182002e-10      -2.380385e-10
6.542543e+00    1.30188e-06     6.066775e-10      -2.318545e-10
6.591592e+00    1.29703e-06     5.954557e-10      -2.258635e-10
6.640641e+00    1.29223e-06     5.845207e-10      -2.201087e-10
6.689690e+00    1.28748e-06     5.738635e-10      -2.144882e-10
6.738739e+00    1.28279e-06     5.634798e-10      -2.090853e-10
6.787788e+00    1.27814e-06     5.533526e-10      -2.038495e-10
6.836837e+00    1.27355e-06     5.434826e-10      -1.987294e-10
6.885886e+00    1.26901e-06     5.338576e-10      -1.938500e-10
6.934935e+00    1.26451e-06     5.244663e-10      -1.891176e-10
6.983984e+00    1.26006e-06     5.153056e-10      -1.844847e-10
7.033033e+00    1.25566e-06     5.063687e-10      -1.799894e-10
7.082082e+00    1.25131e-06     4.976489e-10      -1.756669e-10
7.131131e+00    1.247e-06       4.891361e-10      -1.715108e-10
7.180180e+00    1.24273e-06     4.808241e-10      -1.674362e-10
7.229229e+00    1.23851e-06     4.727109e-10      -1.634787e-10
7.278278e+00    1.23433e-06     4.647871e-10      -1.596732e-10
7.327327e+00    1.23019e-06     4.570473e-10      -1.559760e-10
7.376376e+00    1.22609e-06     4.494862e-10      -1.523831e-10
7.425425e+00    1.22203e-06     4.420988e-10      -1.488549e-10
7.474474e+00    1.21802e-06     4.348838e-10      -1.454620e-10
7.523524e+00    1.21404e-06     4.278292e-10      -1.421986e-10
7.572573e+00    1.2101e-06      4.209344e-10      -1.389882e-10
7.621622e+00    1.2062e-06      4.141947e-10      -1.358670e-10
7.670671e+00    1.20234e-06     4.076061e-10      -1.328650e-10
7.719720e+00    1.19851e-06     4.011609e-10      -1.299109e-10
7.768769e+00    1.19473e-06     3.948621e-10      -1.270687e-10
7.817818e+00    1.19097e-06     3.886957e-10      -1.243364e-10
7.866867e+00    1.18725e-06     3.826649e-10      -1.216107e-10
7.915916e+00    1.18357e-06     3.767660e-10      -1.189892e-10
7.964965e+00    1.17992e-06     3.709923e-10      -1.164684e-10
8.014014e+00    1.1763e-06      3.653406e-10      -1.139819e-10
8.063063e+00    1.17272e-06     3.598109e-10      -1.115595e-10
8.112112e+00    1.16917e-06     3.543969e-10      -1.092305e-10
8.161161e+00    1.16565e-06     3.490956e-10      -1.069609e-10
8.210210e+00    1.16216e-06     3.439042e-10      -1.047192e-10
8.259259e+00    1.15871e-06     3.388228e-10      -1.025635e-10
8.308308e+00    1.15528e-06     3.338429e-10      -1.004626e-10
8.357357e+00    1.15189e-06     3.289676e-10      -9.841348e-11
8.406406e+00    1.14852e-06     3.241887e-10      -9.641597e-11
8.455455e+00    1.14519e-06     3.195094e-10      -9.446795e-11
8.504505e+00    1.14188e-06     3.149216e-10      -9.259544e-11
8.553554e+00    1.1386e-06      3.104260e-10      -9.073998e-11
8.602603e+00    1.13535e-06     3.060202e-10      -8.893043e-11
8.651652e+00    1.13213e-06     3.017021e-10      -8.719149e-11
8.700701e+00    1.12893e-06     2.974669e-10      -8.549449e-11
8.749750e+00    1.12576e-06     2.933152e-10      -8.381140e-11
8.798799e+00    1.12262e-06     2.892451e-10      -8.219435e-11
8.847848e+00    1.1195e-06      2.852521e-10      -8.061571e-11
8.896897e+00    1.11641e-06     2.813369e-10      -7.904847e-11
8.945946e+00    1.11335e-06     2.774976e-10      -7.754314e-11
8.994995e+00    1.11031e-06     2.737300e-10      -7.609785e-11
9.044044e+00    1.10729e-06     2.700325e-10      -7.466118e-11
9.093093e+00    1.1043e-06      2.664059e-10      -7.323301e-11
9.142142e+00    1.10134e-06     2.628485e-10      -7.188576e-11
9.191191e+00    1.09839e-06     2.593541e-10      -7.054576e-11
9.240240e+00    1.09548e-06     2.559281e-10      -6.923536e-11
9.289289e+00    1.09258e-06     2.525622e-10      -6.797852e-11
9.338338e+00    1.08971e-06     2.492596e-10      -6.672620e-11
9.387387e+00    1.08686e-06     2.460165e-10      -6.552488e-11
9.436436e+00    1.08403e-06     2.428317e-10      -6.435006e-11
9.485485e+00    1.08122e-06     2.397039e-10      -6.317925e-11
9.534535e+00    1.07844e-06     2.366339e-10      -6.205558e-11
9.583584e+00    1.07567e-06     2.336163e-10      -6.095631e-11
9.632633e+00    1.07293e-06     2.306542e-10      -5.985926e-11
9.681682e+00    1.07021e-06     2.277443e-10      -5.880770e-11
9.730731e+00    1.06751e-06     2.248853e-10      -5.777871e-11
9.779780e+00    1.06483e-06     2.220763e-10      -5.677170e-11
9.828829e+00    1.06217e-06     2.193161e-10      -5.578611e-11
9.877878e+00    1.05953e-06     2.166038e-10      -5.482138e-11
9.926927e+00    1.05691e-06     2.139382e-10      -5.387699e-11
9.975976e+00    1.05431e-06     2.113185e-10      -5.297472e-11
1.002503e+01    1.05172e-06     2.087415e-10      -5.206545e-11
1.007407e+01    1.04916e-06     2.062110e-10      -5.115694e-11
1.012312e+01    1.04662e-06     2.037231e-10      -5.031267e-11
1.017217e+01    1.04409e-06     2.012754e-10      -4.948168e-11
1.022122e+01    1.04158e-06     1.988691e-10      -4.864817e-11
1.027027e+01    1.03909e-06     1.965031e-10      -4.783168e-11
1.031932e+01    1.03662e-06     1.941769e-10      -4.705067e-11
1.036837e+01    1.03416e-06     1.918876e-10      -4.626683e-11
1.041742e+01    1.03173e-06     1.896382e-10      -4.549846e-11
1.046647e+01    1.02931e-06     1.874243e-10      -4.478255e-11
1.051552e+01    1.0269e-06      1.852451e-10      -4.404080e-11
1.056456e+01    1.02452e-06     1.831039e-10      -4.331701e-11
1.061361e+01    1.02215e-06     1.809958e-10      -4.264714e-11
1.066266e+01    1.01979e-06     1.789203e-10      -4.196902e-11
1.071171e+01    1.01745e-06     1.768787e-10      -4.128641e-11
1.076076e+01    1.01513e-06     1.748702e-10      -4.061717e-11
1.080981e+01    1.01283e-06     1.728942e-10      -3.997823e-11
1.085886e+01    1.01054e-06     1.709484e-10      -3.936878e-11
1.090791e+01    1.00826e-06     1.690322e-10      -3.875397e-11
1.095696e+01    1.006e-06       1.671467e-10      -3.813398e-11
1.100601e+01    1.00376e-06     1.652914e-10      -3.754250e-11
1.105506e+01    1.00153e-06     1.634639e-10      -3.696763e-11
1.110410e+01    9.99315e-07     1.616649e-10      -3.639826e-11
1.115315e+01    9.97115e-07     1.598933e-10      -3.584254e-11
1.120220e+01    9.9493e-07      1.581488e-10      -3.529586e-11
1.125125e+01    9.92759e-07     1.564308e-10      -3.476095e-11
1.130030e+01    9.90602e-07     1.547388e-10      -3.423594e-11
1.134935e+01    9.88459e-07     1.530724e-10      -3.372061e-11
1.139840e+01    9.8633e-07      1.514309e-10      -3.321474e-11
1.144745e+01    9.84215e-07     1.498140e-10      -3.271966e-11
1.149650e+01    9.82113e-07     1.482212e-10      -3.223359e-11
1.154555e+01    9.80025e-07     1.466520e-10      -3.175378e-11
1.159459e+01    9.7795e-07      1.451062e-10      -3.128668e-11
1.164364e+01    9.75888e-07     1.435828e-10      -3.083052e-11
1.169269e+01    9.73839e-07     1.420818e-10      -3.038146e-11
1.174174e+01    9.71802e-07     1.406025e-10      -2.993894e-11
1.179079e+01    9.69779e-07     1.391448e-10      -2.950426e-11
1.183984e+01    9.67768e-07     1.377082e-10      -2.907872e-11
1.188889e+01    9.6577e-07      1.362923e-10      -2.866067e-11
1.193794e+01    9.63784e-07     1.348966e-10      -2.825137e-11
1.198699e+01    9.6181e-07      1.335208e-10      -2.784921e-11
1.203604e+01    9.59848e-07     1.321646e-10      -2.745404e-11
1.208509e+01    9.57898e-07     1.308277e-10      -2.706354e-11
1.213413e+01    9.5596e-07      1.295098e-10      -2.668195e-11
1.218318e+01    9.54034e-07     1.282102e-10      -2.631045e-11
1.223223e+01    9.52119e-07     1.269288e-10      -2.594315e-11
1.228128e+01    9.50216e-07     1.256652e-10      -2.558209e-11
1.233033e+01    9.48324e-07     1.244192e-10      -2.522717e-11
1.237938e+01    9.46444e-07     1.231905e-10      -2.487957e-11
1.242843e+01    9.44574e-07     1.219786e-10      -2.453783e-11
1.247748e+01    9.42716e-07     1.207834e-10      -2.420181e-11
1.252653e+01    9.40868e-07     1.196044e-10      -2.387142e-11
1.257558e+01    9.39032e-07     1.184416e-10      -2.354462e-11
1.262462e+01    9.37206e-07     1.172947e-10      -2.322641e-11
1.267367e+01    9.35391e-07     1.161632e-10      -2.291535e-11
1.272272e+01    9.33586e-07     1.150468e-10      -2.260876e-11
1.277177e+01    9.31791e-07     1.139453e-10      -2.230596e-11
1.282082e+01    9.30007e-07     1.128586e-10      -2.200810e-11
1.286987e+01    9.28233e-07     1.117863e-10      -2.171509e-11
1.291892e+01    9.2647e-07      1.107284e-10      -2.142804e-11
1.296797e+01    9.24716e-07     1.096843e-10      -2.114683e-11
1.301702e+01    9.22972e-07     1.086539e-10      -2.086894e-11
1.306607e+01    9.21238e-07     1.076371e-10      -2.059551e-11
1.311512e+01    9.19514e-07     1.066336e-10      -2.032598e-11
1.316416e+01    9.17799e-07     1.056432e-10      -2.006238e-11
1.321321e+01    9.16094e-07     1.046655e-10      -1.980458e-11
1.326226e+01    9.14398e-07     1.037004e-10      -1.954922e-11
1.331131e+01    9.12712e-07     1.027477e-10      -1.929788e-11
1.336036e+01    9.11035e-07     1.018073e-10      -1.905161e-11
1.340941e+01    9.09367e-07     1.008788e-10      -1.880807e-11
1.345846e+01    9.07709e-07     9.996224e-11      -1.856942e-11
1.350751e+01    9.06059e-07     9.905718e-11      -1.833449e-11
1.355656e+01    9.04419e-07     9.816366e-11      -1.810317e-11
1.360561e+01    9.02787e-07     9.728129e-11      -1.787507e-11
1.365465e+01    9.01164e-07     9.641015e-11      -1.765082e-11
1.370370e+01    8.9955e-07      9.554978e-11      -1.743251e-11
1.375275e+01    8.97944e-07     9.470005e-11      -1.721609e-11
1.380180e+01    8.96347e-07     9.386091e-11      -1.700189e-11
1.385085e+01    8.94759e-07     9.303220e-11      -1.679199e-11
1.389990e+01    8.93179e-07     9.221365e-11      -1.658630e-11
1.394895e+01    8.91607e-07     9.140512e-11      -1.638266e-11
1.399800e+01    8.90044e-07     9.060654e-11      -1.618308e-11
1.404705e+01    8.88488e-07     8.981759e-11      -1.598650e-11
1.409610e+01    8.86941e-07     8.903830e-11      -1.579180e-11
1.414515e+01    8.85402e-07     8.826844e-11      -1.559975e-11
1.419419e+01    8.83871e-07     8.750799e-11      -1.541179e-11
1.424324e+01    8.82348e-07     8.675657e-11      -1.522884e-11
1.429229e+01    8.80832e-07     8.601407e-11      -1.504633e-11
1.434134e+01    8.79325e-07     8.528056e-11      -1.486648e-11
1.439039e+01    8.77825e-07     8.455570e-11      -1.469024e-11
1.443944e+01    8.76333e-07     8.383947e-11      -1.451654e-11
1.448849e+01    8.74848e-07     8.313165e-11      -1.434536e-11
1.453754e+01    8.73371e-07     8.243222e-11      -1.417664e-11
1.458659e+01    8.71901e-07     8.174095e-11      -1.401035e-11
1.463564e+01    8.70439e-07     8.105783e-11      -1.384532e-11
1.468468e+01    8.68984e-07     8.038275e-11      -1.368376e-11
1.473373e+01    8.67537e-07     7.971548e-11      -1.352654e-11
1.478278e+01    8.66096e-07     7.905583e-11      -1.337044e-11
1.483183e+01    8.64663e-07     7.840386e-11      -1.321562e-11
1.488088e+01    8.63237e-07     7.775940e-11      -1.306390e-11
1.492993e+01    8.61818e-07     7.712232e-11      -1.291521e-11
1.497898e+01    8.60405e-07     7.649244e-11      -1.276770e-11
1.502803e+01    8.59e-07        7.586983e-11      -1.262135e-11
1.507708e+01    8.57602e-07     7.525431e-11      -1.247881e-11
1.512613e+01    8.5621e-07      7.464569e-11      -1.233825e-11
1.517518e+01    8.54825e-07     7.404395e-11      -1.219776e-11
1.522422e+01    8.53447e-07     7.344911e-11      -1.206019e-11
1.527327e+01    8.52076e-07     7.286087e-11      -1.192636e-11
1.532232e+01    8.50711e-07     7.227915e-11      -1.179424e-11
1.537137e+01    8.49352e-07     7.170388e-11      -1.166221e-11
1.542042e+01    8.48001e-07     7.113511e-11      -1.153282e-11
1.546947e+01    8.46655e-07     7.057253e-11      -1.140603e-11
1.551852e+01    8.45316e-07     7.001620e-11      -1.128011e-11
1.556757e+01    8.43983e-07     6.946597e-11      -1.115588e-11
1.561662e+01    8.42657e-07     6.892183e-11      -1.103332e-11
1.566567e+01    8.41337e-07     6.838362e-11      -1.091235e-11
1.571471e+01    8.40023e-07     6.785135e-11      -1.079387e-11
1.576376e+01    8.38715e-07     6.732477e-11      -1.067784e-11
1.581281e+01    8.37413e-07     6.680388e-11      -1.056247e-11
1.586186e+01    8.36117e-07     6.628861e-11      -1.044862e-11
1.591091e+01    8.34827e-07     6.577889e-11      -1.033547e-11
1.595996e+01    8.33544e-07     6.527472e-11      -1.022460e-11
1.600901e+01    8.32266e-07     6.477587e-11      -1.011598e-11
1.605806e+01    8.30994e-07     6.428236e-11      -1.000877e-11
1.610711e+01    8.29727e-07     6.379403e-11      -9.902182e-12
1.615616e+01    8.28467e-07     6.331097e-11      -9.796965e-12
1.620521e+01    8.27212e-07     6.283297e-11      -9.693104e-12
1.625425e+01    8.25963e-07     6.236010e-11      -9.590595e-12
1.630330e+01    8.2472e-07      6.189215e-11      -9.490946e-12
1.635235e+01    8.23482e-07     6.142905e-11      -9.391798e-12
1.640140e+01    8.2225e-07      6.097083e-11      -9.293911e-12
1.645045e+01    8.21023e-07     6.051734e-11      -9.197276e-12
1.649950e+01    8.19802e-07     6.006860e-11      -9.101863e-12
1.654855e+01    8.18586e-07     5.962446e-11      -9.007664e-12
1.659760e+01    8.17376e-07     5.918496e-11      -8.915381e-12
1.664665e+01    8.1617e-07      5.874988e-11      -8.823539e-12
1.669570e+01    8.14971e-07     5.831939e-11      -8.732133e-12
1.674474e+01    8.13776e-07     5.789328e-11      -8.643307e-12
1.679379e+01    8.12587e-07     5.747150e-11      -8.555571e-12
1.684284e+01    8.11403e-07     5.705399e-11      -8.468939e-12
1.689189e+01    8.10224e-07     5.664071e-11      -8.383380e-12
1.694094e+01    8.0905e-07      5.623160e-11      -8.298177e-12
1.698999e+01    8.07882e-07     5.582667e-11      -8.214722e-12
1.703904e+01    8.06718e-07     5.542575e-11      -8.132995e-12
1.708809e+01    8.05559e-07     5.502884e-11      -8.050883e-12
1.713714e+01    8.04406e-07     5.463597e-11      -7.970460e-12
1.718619e+01    8.03257e-07     5.424696e-11      -7.891709e-12
1.723524e+01    8.02113e-07     5.386181e-11      -7.812599e-12
1.728428e+01    8.00974e-07     5.348055e-11      -7.735078e-12
1.733333e+01    7.9984e-07      5.310301e-11      -7.659127e-12
1.738238e+01    7.98711e-07     5.272921e-11      -7.584130e-12
1.743143e+01    7.97586e-07     5.235903e-11      -7.509374e-12
1.748048e+01    7.96467e-07     5.199255e-11      -7.436168e-12
1.752953e+01    7.95351e-07     5.162955e-11      -7.363847e-12
1.757858e+01    7.94241e-07     5.127017e-11      -7.291724e-12
1.762763e+01    7.93135e-07     5.091425e-11      -7.221116e-12
1.767668e+01    7.92034e-07     5.056180e-11      -7.150696e-12
1.772573e+01    7.90938e-07     5.021278e-11      -7.081181e-12
1.777477e+01    7.89846e-07     4.986715e-11      -7.013699e-12
1.782382e+01    7.88758e-07     4.952475e-11      -6.946944e-12
1.787287e+01    7.87675e-07     4.918566e-11      -6.880398e-12
1.792192e+01    7.86596e-07     4.884979e-11      -6.814633e-12
1.797097e+01    7.85522e-07     4.851716e-11      -6.749632e-12
1.802002e+01    7.84452e-07     4.818767e-11      -6.685391e-12
1.806907e+01    7.83387e-07     4.786134e-11      -6.621893e-12
1.811812e+01    7.82326e-07     4.753807e-11      -6.559748e-12
1.816717e+01    7.81269e-07     4.721784e-11      -6.497709e-12
1.821622e+01    7.80217e-07     4.690066e-11      -6.436988e-12
1.826527e+01    7.79168e-07     4.658638e-11      -6.376454e-12
1.831431e+01    7.78124e-07     4.627514e-11      -6.316517e-12
1.836336e+01    7.77084e-07     4.596674e-11      -6.257785e-12
1.841241e+01    7.76049e-07     4.566126e-11      -6.199802e-12
1.846146e+01    7.75017e-07     4.535856e-11      -6.143074e-12
1.851051e+01    7.73989e-07     4.505864e-11      -6.085805e-12
1.855956e+01    7.72966e-07     4.476155e-11      -6.029181e-12
1.860861e+01    7.71947e-07     4.446719e-11      -5.974366e-12
1.865766e+01    7.70931e-07     4.417548e-11      -5.919587e-12
1.870671e+01    7.6992e-07      4.388649e-11      -5.864841e-12
1.875576e+01    7.68913e-07     4.360015e-11      -5.811388e-12
1.880480e+01    7.67909e-07     4.331640e-11      -5.758431e-12
1.885385e+01    7.6691e-07      4.303525e-11      -5.706527e-12
1.890290e+01    7.65914e-07     4.275660e-11      -5.655300e-12
1.895195e+01    7.64922e-07     4.248048e-11      -5.604074e-12
1.900100e+01    7.63934e-07     4.220686e-11      -5.553412e-12
1.905005e+01    7.6295e-07      4.193570e-11      -5.503310e-12
1.909910e+01    7.6197e-07      4.166699e-11      -5.454312e-12
1.914815e+01    7.60993e-07     4.140064e-11      -5.405302e-12
1.919720e+01    7.60021e-07     4.113674e-11      -5.357369e-12
1.924625e+01    7.59051e-07     4.087510e-11      -5.309966e-12
1.929530e+01    7.58086e-07     4.061584e-11      -5.262102e-12
1.934434e+01    7.57124e-07     4.035889e-11      -5.215726e-12
1.939339e+01    7.56166e-07     4.010419e-11      -5.169739e-12
1.944244e+01    7.55212e-07     3.985175e-11      -5.124357e-12
1.949149e+01    7.54261e-07     3.960150e-11      -5.079466e-12
1.954054e+01    7.53314e-07     3.935347e-11      -5.035053e-12
1.958959e+01    7.5237e-07      3.910757e-11      -4.991118e-12
1.963864e+01    7.5143e-07      3.886385e-11      -4.947649e-12
1.968769e+01    7.50493e-07     3.862222e-11      -4.904645e-12
1.973674e+01    7.4956e-07      3.838271e-11      -4.861578e-12
1.978579e+01    7.48631e-07     3.814531e-11      -4.819609e-12
1.983483e+01    7.47704e-07     3.790992e-11      -4.777965e-12
1.988388e+01    7.46782e-07     3.767660e-11      -4.737142e-12
1.993293e+01    7.45862e-07     3.744521e-11      -4.696873e-12
1.998198e+01    7.44946e-07     3.721584e-11      -4.656011e-12
2.003103e+01    7.44034e-07     3.698847e-11      -4.616584e-12
2.008008e+01    7.43124e-07     3.676296e-11      -4.577571e-12
2.012913e+01    7.42218e-07     3.653941e-11      -4.537963e-12
2.017818e+01    7.41316e-07     3.631780e-11      -4.499759e-12
2.022723e+01    7.40416e-07     3.609800e-11      -4.461954e-12
2.027628e+01    7.3952e-07      3.588009e-11      -4.423553e-12
2.032533e+01    7.38628e-07     3.566405e-11      -4.386171e-12
2.037437e+01    7.37738e-07     3.544981e-11      -4.350017e-12
2.042342e+01    7.36851e-07     3.523733e-11      -4.313615e-12
2.047247e+01    7.35968e-07     3.502666e-11      -4.277228e-12
2.052152e+01    7.35088e-07     3.481774e-11      -4.241694e-12
2.057057e+01    7.34211e-07     3.461055e-11      -4.206042e-12
2.061962e+01    7.33339e-07     3.440513e-11      -4.171224e-12
2.066867e+01    7.32468e-07     3.420137e-11      -4.137232e-12
2.071772e+01    7.316e-07       3.399928e-11      -4.102635e-12
2.076677e+01    7.30736e-07     3.379890e-11      -4.068849e-12
2.081582e+01    7.29874e-07     3.360013e-11      -4.035072e-12
2.086486e+01    7.29016e-07     3.340307e-11      -4.001487e-12
2.091391e+01    7.28162e-07     3.320759e-11      -3.969483e-12
2.096296e+01    7.27309e-07     3.301367e-11      -3.937001e-12
2.101201e+01    7.2646e-07      3.282138e-11      -3.904826e-12
2.106106e+01    7.25614e-07     3.263062e-11      -3.872958e-12
2.111011e+01    7.24772e-07     3.244145e-11      -3.841382e-12
2.115916e+01    7.23931e-07     3.225378e-11      -3.810098e-12
2.120821e+01    7.23095e-07     3.206769e-11      -3.779091e-12
2.125726e+01    7.22262e-07     3.188306e-11      -3.748803e-12
2.130631e+01    7.21431e-07     3.169994e-11      -3.718327e-12
2.135536e+01    7.20604e-07     3.151830e-11      -3.687782e-12
2.140440e+01    7.1978e-07      3.133817e-11      -3.657780e-12
2.145345e+01    7.1896e-07      3.115948e-11      -3.628740e-12
2.150250e+01    7.18142e-07     3.098220e-11      -3.599141e-12
2.155155e+01    7.17328e-07     3.080641e-11      -3.569716e-12
2.160060e+01    7.16518e-07     3.063202e-11      -3.540873e-12
2.164965e+01    7.15712e-07     3.045906e-11      -3.511709e-12
2.169870e+01    7.1491e-07      3.028753e-11      -3.483050e-12
2.174775e+01    7.14111e-07     3.011738e-11      -3.454420e-12
2.179680e+01    7.13317e-07     2.994866e-11      -3.425378e-12
2.184585e+01    7.12529e-07     2.978136e-11      -3.396292e-12
2.189489e+01    7.11745e-07     2.961549e-11      -3.366966e-12
2.194394e+01    7.10968e-07     2.945106e-11      -3.338146e-12
2.199299e+01    7.10196e-07     2.928802e-11      -3.308594e-12
2.204204e+01    7.09434e-07     2.912650e-11      -3.278156e-12
2.209109e+01    7.08679e-07     2.896644e-11      -3.247480e-12
2.214014e+01    7.07934e-07     2.880792e-11      -3.215954e-12
2.218919e+01    7.072e-07       2.865096e-11      -3.183347e-12
2.223824e+01    7.06479e-07     2.849564e-11      -3.148991e-12
2.228729e+01    7.05774e-07     2.834205e-11      -3.113349e-12
2.233634e+01    7.05087e-07     2.819023e-11      -3.075923e-12
2.238539e+01    7.04421e-07     2.804031e-11      -3.034873e-12
2.243443e+01    7.03781e-07     2.789252e-11      -2.991783e-12
2.248348e+01    7.0317e-07      2.774682e-11      -2.944993e-12
2.253253e+01    7.02596e-07     2.760362e-11      -2.892919e-12
2.258158e+01    7.02065e-07     2.746303e-11      -2.835573e-12
2.263063e+01    7.01585e-07     2.732545e-11      -2.771557e-12
2.267968e+01    7.01167e-07     2.719115e-11      -2.699917e-12
2.272873e+01    7.00822e-07     2.706060e-11      -2.618207e-12
2.277778e+01    7.00565e-07     2.693430e-11      -2.525849e-12
2.282683e+01    7.00412e-07     2.681281e-11      -2.422225e-12
2.287588e+01    7.00379e-07     2.669669e-11      -2.298689e-12
2.292492e+01    7.00503e-07     2.658732e-11      -2.161034e-12
2.297397e+01    7.00789e-07     2.648470e-11      -2.008149e-12
2.302302e+01    7.01276e-07     2.639032e-11      -1.830741e-12
2.307207e+01    7.01993e-07     2.630510e-11      -1.633880e-12
2.312112e+01    7.0297e-07      2.623004e-11      -1.417572e-12
2.317017e+01    7.04233e-07     2.616604e-11      -1.185941e-12
2.321922e+01    7.05803e-07     2.611370e-11      -9.475461e-13
2.326827e+01    7.07686e-07     2.607309e-11      -7.178828e-13
2.331732e+01    7.0986e-07      2.604328e-11      -5.217778e-13
2.336637e+01    7.12265e-07     2.602190e-11      -3.944684e-13
2.341542e+01    7.14782e-07     2.600458e-11      -3.718007e-13
2.346446e+01    7.17251e-07     2.598543e-11      -5.265168e-13
2.351351e+01    7.19352e-07     2.595293e-11      -9.106376e-13
2.356256e+01    7.20774e-07     2.589610e-11      -1.537566e-12
2.361161e+01    7.21151e-07     2.580210e-11      -2.411262e-12
2.366066e+01    7.2015e-07      2.565956e-11      -3.476183e-12
2.370971e+01    7.17546e-07     2.546109e-11      -4.630474e-12
2.375876e+01    7.13279e-07     2.520532e-11      -5.744576e-12
2.380781e+01    7.07482e-07     2.489756e-11      -6.689140e-12
2.385686e+01    7.00459e-07     2.454913e-11      -7.361926e-12
2.390591e+01    6.92634e-07     2.417537e-11      -7.699477e-12
2.395495e+01    6.84502e-07     2.379382e-11      -7.704080e-12
2.400400e+01    6.76499e-07     2.341962e-11      -7.407635e-12
2.405305e+01    6.69043e-07     2.306715e-11      -6.859703e-12
2.410210e+01    6.62442e-07     2.274669e-11      -6.141739e-12
2.415115e+01    6.56894e-07     2.246465e-11      -5.330563e-12
2.420020e+01    6.52493e-07     2.222377e-11      -4.495317e-12
2.424925e+01    6.49242e-07     2.202367e-11      -3.692119e-12
2.429830e+01    6.47073e-07     2.186158e-11      -2.961957e-12
2.434735e+01    6.4587e-07      2.173311e-11      -2.330950e-12
2.439640e+01    6.45486e-07     2.163292e-11      -1.812087e-12
2.444545e+01    6.4576e-07      2.155535e-11      -1.406439e-12
2.449449e+01    6.46537e-07     2.149495e-11      -1.111201e-12
2.454354e+01    6.47661e-07     2.144634e-11      -9.152809e-13
2.459259e+01    6.49004e-07     2.140517e-11      -8.019482e-13
2.464164e+01    6.50454e-07     2.136767e-11      -7.574509e-13
2.469069e+01    6.51921e-07     2.133086e-11      -7.666563e-13
2.473974e+01    6.53335e-07     2.129246e-11      -8.154973e-13
2.478879e+01    6.54647e-07     2.125086e-11      -8.915638e-13
2.483784e+01    6.55822e-07     2.120500e-11      -9.843984e-13
2.488689e+01    6.5684e-07      2.115429e-11      -1.085565e-12
2.493594e+01    6.57693e-07     2.109851e-11      -1.188181e-12
2.498498e+01    6.5838e-07      2.103774e-11      -1.288263e-12
2.503403e+01    6.58907e-07     2.097214e-11      -1.382499e-12
2.508308e+01    6.59283e-07     2.090212e-11      -1.468043e-12
2.513213e+01    6.59521e-07     2.082812e-11      -1.544212e-12
2.518118e+01    6.59635e-07     2.075063e-11      -1.610631e-12
2.523023e+01    6.59638e-07     2.067012e-11      -1.667442e-12
2.527928e+01    6.59544e-07     2.058706e-11      -1.715138e-12
2.532833e+01    6.59366e-07     2.050187e-11      -1.754425e-12
2.537738e+01    6.59116e-07     2.041495e-11      -1.786122e-12
2.542643e+01    6.58805e-07     2.032666e-11      -1.811086e-12
2.547548e+01    6.58441e-07     2.023729e-11      -1.829945e-12
2.552452e+01    6.58034e-07     2.014714e-11      -1.843943e-12
2.557357e+01    6.57591e-07     2.005640e-11      -1.853811e-12
2.562262e+01    6.57117e-07     1.996529e-11      -1.859765e-12
2.567167e+01    6.56618e-07     1.987396e-11      -1.862615e-12
2.572072e+01    6.56098e-07     1.978257e-11      -1.862869e-12
2.576977e+01    6.55562e-07     1.969122e-11      -1.860967e-12
2.581882e+01    6.55012e-07     1.960001e-11      -1.857281e-12
2.586787e+01    6.5445e-07      1.950902e-11      -1.852129e-12
2.591692e+01    6.5388e-07      1.941832e-11      -1.845778e-12
2.596597e+01    6.53303e-07     1.932796e-11      -1.838451e-12
2.601502e+01    6.52721e-07     1.923797e-11      -1.830145e-12
2.606406e+01    6.52134e-07     1.914842e-11      -1.821395e-12
2.611311e+01    6.51544e-07     1.905930e-11      -1.812329e-12
2.616216e+01    6.50952e-07     1.897064e-11      -1.802673e-12
2.621121e+01    6.50358e-07     1.888246e-11      -1.792704e-12
2.626026e+01    6.49763e-07     1.879477e-11      -1.782497e-12
2.630931e+01    6.49168e-07     1.870760e-11      -1.772109e-12
2.635836e+01    6.48572e-07     1.862093e-11      -1.761591e-12
2.640741e+01    6.47976e-07     1.853479e-11      -1.750982e-12
2.645646e+01    6.47381e-07     1.844917e-11      -1.740316e-12
2.650551e+01    6.46787e-07     1.836407e-11      -1.729443e-12
2.655455e+01    6.46193e-07     1.827951e-11      -1.718738e-12
2.660360e+01    6.456e-07       1.819546e-11      -1.708217e-12
2.665265e+01    6.45009e-07     1.811194e-11      -1.697542e-12
2.670170e+01    6.44418e-07     1.802894e-11      -1.686901e-12
2.675075e+01    6.43829e-07     1.794646e-11      -1.676303e-12
2.679980e+01    6.43241e-07     1.786449e-11      -1.665756e-12
2.684885e+01    6.42654e-07     1.778305e-11      -1.655266e-12
2.689790e+01    6.42069e-07     1.770212e-11      -1.644837e-12
2.694695e+01    6.41485e-07     1.762169e-11      -1.634473e-12
2.699600e+01    6.40903e-07     1.754178e-11      -1.624177e-12
2.704505e+01    6.40322e-07     1.746236e-11      -1.613788e-12
2.709409e+01    6.39743e-07     1.738347e-11      -1.603636e-12
2.714314e+01    6.39165e-07     1.730505e-11      -1.593721e-12
2.719219e+01    6.38589e-07     1.722713e-11      -1.583717e-12
2.724124e+01    6.38014e-07     1.714969e-11      -1.573787e-12
2.729029e+01    6.3744e-07      1.707274e-11      -1.563932e-12
2.733934e+01    6.36868e-07     1.699627e-11      -1.554153e-12
2.738839e+01    6.36298e-07     1.692028e-11      -1.544450e-12
2.743744e+01    6.35729e-07     1.684477e-11      -1.534821e-12
2.748649e+01    6.35162e-07     1.676972e-11      -1.525267e-12
2.753554e+01    6.34596e-07     1.669514e-11      -1.515633e-12
2.758458e+01    6.34031e-07     1.662104e-11      -1.506228e-12
2.763363e+01    6.33469e-07     1.654738e-11      -1.497050e-12
2.768268e+01    6.32907e-07     1.647418e-11      -1.487790e-12
2.773173e+01    6.32347e-07     1.640143e-11      -1.478603e-12
2.778078e+01    6.31789e-07     1.632913e-11      -1.469487e-12
2.782983e+01    6.31232e-07     1.625728e-11      -1.460444e-12
2.787888e+01    6.30676e-07     1.618587e-11      -1.451472e-12
2.792793e+01    6.30122e-07     1.611489e-11      -1.442571e-12
2.797698e+01    6.2957e-07      1.604435e-11      -1.433740e-12
2.802603e+01    6.29019e-07     1.597424e-11      -1.424978e-12
2.807508e+01    6.28469e-07     1.590456e-11      -1.416142e-12
2.812412e+01    6.27921e-07     1.583532e-11      -1.407519e-12
2.817317e+01    6.27374e-07     1.576649e-11      -1.399106e-12
2.822222e+01    6.26828e-07     1.569807e-11      -1.390615e-12
2.827127e+01    6.26284e-07     1.563007e-11      -1.382191e-12
2.832032e+01    6.25742e-07     1.556248e-11      -1.373831e-12
2.836937e+01    6.25201e-07     1.549530e-11      -1.365536e-12
2.841842e+01    6.24661e-07     1.542853e-11      -1.357305e-12
2.846747e+01    6.24122e-07     1.536215e-11      -1.349138e-12
2.851652e+01    6.23585e-07     1.529618e-11      -1.341033e-12
2.856557e+01    6.2305e-07      1.523060e-11      -1.332855e-12
2.861461e+01    6.22516e-07     1.516543e-11      -1.324874e-12
2.866366e+01    6.21983e-07     1.510063e-11      -1.317090e-12
2.871271e+01    6.21451e-07     1.503622e-11      -1.309231e-12
2.876176e+01    6.20921e-07     1.497220e-11      -1.301432e-12
2.881081e+01    6.20392e-07     1.490856e-11      -1.293692e-12
2.885986e+01    6.19865e-07     1.484529e-11      -1.286012e-12
2.890891e+01    6.19339e-07     1.478240e-11      -1.278390e-12
2.895796e+01    6.18814e-07     1.471988e-11      -1.270826e-12
2.900701e+01    6.18291e-07     1.465774e-11      -1.263320e-12
2.905606e+01    6.17769e-07     1.459595e-11      -1.255871e-12
2.910511e+01    6.17248e-07     1.453454e-11      -1.248352e-12
2.915415e+01    6.16729e-07     1.447349e-11      -1.241016e-12
2.920320e+01    6.1621e-07      1.441280e-11      -1.233863e-12
2.925225e+01    6.15694e-07     1.435245e-11      -1.226637e-12
2.930130e+01    6.15178e-07     1.429247e-11      -1.219465e-12
2.935035e+01    6.14664e-07     1.423283e-11      -1.212348e-12
2.939940e+01    6.14151e-07     1.417354e-11      -1.205284e-12
2.944845e+01    6.13639e-07     1.411459e-11      -1.198273e-12
2.949750e+01    6.13129e-07     1.405599e-11      -1.191315e-12
2.954655e+01    6.1262e-07      1.399772e-11      -1.184409e-12
2.959560e+01    6.12112e-07     1.393980e-11      -1.177435e-12
2.964464e+01    6.11605e-07     1.388222e-11      -1.170632e-12
2.969369e+01    6.111e-07       1.382496e-11      -1.163998e-12
2.974274e+01    6.10596e-07     1.376803e-11      -1.157295e-12
2.979179e+01    6.10093e-07     1.371143e-11      -1.150640e-12
2.984084e+01    6.09591e-07     1.365516e-11      -1.144035e-12
2.988989e+01    6.09091e-07     1.359921e-11      -1.137478e-12
2.993894e+01    6.08592e-07     1.354357e-11      -1.130969e-12
2.998799e+01    6.08094e-07     1.348826e-11      -1.124508e-12
3.003704e+01    6.07597e-07     1.343326e-11      -1.118093e-12
3.008609e+01    6.07102e-07     1.337858e-11      -1.111725e-12
3.013514e+01    6.06607e-07     1.332420e-11      -1.105291e-12
3.018418e+01    6.06114e-07     1.327015e-11      -1.099016e-12
3.023323e+01    6.05622e-07     1.321639e-11      -1.092899e-12
3.028228e+01    6.05132e-07     1.316294e-11      -1.086714e-12
3.033133e+01    6.04642e-07     1.310979e-11      -1.080575e-12
3.038038e+01    6.04154e-07     1.305694e-11      -1.074480e-12
3.042943e+01    6.03667e-07     1.300438e-11      -1.068429e-12
3.047848e+01    6.03181e-07     1.295213e-11      -1.062423e-12
3.052753e+01    6.02696e-07     1.290016e-11      -1.056460e-12
3.057658e+01    6.02213e-07     1.284849e-11      -1.050541e-12
3.062563e+01    6.0173e-07      1.279711e-11      -1.044558e-12
3.067467e+01    6.01249e-07     1.274602e-11      -1.038725e-12
3.072372e+01    6.00769e-07     1.269521e-11      -1.033039e-12
3.077277e+01    6.0029e-07      1.264468e-11      -1.027288e-12
3.082182e+01    5.99812e-07     1.259443e-11      -1.021578e-12
3.087087e+01    5.99335e-07     1.254447e-11      -1.015910e-12
3.091992e+01    5.9886e-07      1.249478e-11      -1.010281e-12
3.096897e+01    5.98385e-07     1.244536e-11      -1.004692e-12
3.101802e+01    5.97912e-07     1.239622e-11      -9.991434e-13
3.106707e+01    5.9744e-07      1.234735e-11      -9.936335e-13
3.111612e+01    5.96969e-07     1.229874e-11      -9.881623e-13
3.116517e+01    5.96499e-07     1.225041e-11      -9.826300e-13
3.121421e+01    5.9603e-07      1.220235e-11      -9.772358e-13
3.126326e+01    5.95562e-07     1.215454e-11      -9.719790e-13
3.131231e+01    5.95096e-07     1.210700e-11      -9.666596e-13
3.136136e+01    5.9463e-07      1.205972e-11      -9.613773e-13
3.141041e+01    5.94166e-07     1.201269e-11      -9.561321e-13
3.145946e+01    5.93702e-07     1.196592e-11      -9.509237e-13
3.150851e+01    5.9324e-07      1.191941e-11      -9.457519e-13
3.155756e+01    5.92779e-07     1.187315e-11      -9.406164e-13
3.160661e+01    5.92319e-07     1.182713e-11      -9.355169e-13
3.165566e+01    5.91859e-07     1.178137e-11      -9.303588e-13
3.170470e+01    5.91402e-07     1.173587e-11      -9.253309e-13
3.175375e+01    5.90945e-07     1.169060e-11      -9.204323e-13
3.180280e+01    5.90489e-07     1.164558e-11      -9.154736e-13
3.185185e+01    5.90034e-07     1.160079e-11      -9.105491e-13
3.190090e+01    5.8958e-07      1.155625e-11      -9.056586e-13
3.194995e+01    5.89127e-07     1.151195e-11      -9.008017e-13
3.199900e+01    5.88676e-07     1.146789e-11      -8.959782e-13
3.204805e+01    5.88225e-07     1.142406e-11      -8.911877e-13
3.209710e+01    5.87775e-07     1.138046e-11      -8.864301e-13
3.214615e+01    5.87327e-07     1.133710e-11      -8.817051e-13
3.219520e+01    5.86879e-07     1.129397e-11      -8.769235e-13
3.224424e+01    5.86433e-07     1.125107e-11      -8.722635e-13
3.229329e+01    5.85987e-07     1.120840e-11      -8.677243e-13
3.234234e+01    5.85543e-07     1.116595e-11      -8.631273e-13
3.239139e+01    5.85099e-07     1.112373e-11      -8.585617e-13
3.244044e+01    5.84657e-07     1.108173e-11      -8.540272e-13
3.248949e+01    5.84215e-07     1.103995e-11      -8.495235e-13
3.253854e+01    5.83775e-07     1.099839e-11      -8.450503e-13
3.258759e+01    5.83335e-07     1.095705e-11      -8.406073e-13
3.263664e+01    5.82897e-07     1.091593e-11      -8.361942e-13
3.268569e+01    5.82459e-07     1.087502e-11      -8.317264e-13
3.273473e+01    5.82023e-07     1.083434e-11      -8.273727e-13
3.278378e+01    5.81587e-07     1.079386e-11      -8.231326e-13
3.283283e+01    5.81153e-07     1.075359e-11      -8.188366e-13
3.288188e+01    5.80719e-07     1.071353e-11      -8.145694e-13
3.293093e+01    5.80286e-07     1.067368e-11      -8.103307e-13
3.297998e+01    5.79855e-07     1.063404e-11      -8.061204e-13
3.302903e+01    5.79424e-07     1.059461e-11      -8.019382e-13
3.307808e+01    5.78994e-07     1.055537e-11      -7.977838e-13
3.312713e+01    5.78565e-07     1.051634e-11      -7.936572e-13
3.317618e+01    5.78137e-07     1.047752e-11      -7.895579e-13
3.322523e+01    5.7771e-07      1.043889e-11      -7.854062e-13
3.327427e+01    5.77285e-07     1.040047e-11      -7.813614e-13
3.332332e+01    5.7686e-07      1.036224e-11      -7.774229e-13
3.337237e+01    5.76435e-07     1.032421e-11      -7.734307e-13
3.342142e+01    5.76012e-07     1.028637e-11      -7.694648e-13
3.347047e+01    5.7559e-07      1.024872e-11      -7.655248e-13
3.351952e+01    5.75169e-07     1.021127e-11      -7.616107e-13
3.356857e+01    5.74748e-07     1.017401e-11      -7.577223e-13
3.361762e+01    5.74329e-07     1.013694e-11      -7.538594e-13
3.366667e+01    5.7391e-07      1.010006e-11      -7.500218e-13
3.371572e+01    5.73493e-07     1.006336e-11      -7.461337e-13
3.376476e+01    5.73076e-07     1.002686e-11      -7.423466e-13
3.381381e+01    5.7266e-07      9.990542e-12      -7.386600e-13
3.386286e+01    5.72246e-07     9.954403e-12      -7.349219e-13
3.391191e+01    5.71832e-07     9.918448e-12      -7.312083e-13
3.396096e+01    5.71418e-07     9.882673e-12      -7.275188e-13
3.401001e+01    5.71006e-07     9.847079e-12      -7.238533e-13
3.405906e+01    5.70595e-07     9.811665e-12      -7.202116e-13
3.410811e+01    5.70185e-07     9.776428e-12      -7.165936e-13
3.415716e+01    5.69775e-07     9.741368e-12      -7.129989e-13
3.420621e+01    5.69366e-07     9.706484e-12      -7.094273e-13
3.425526e+01    5.68959e-07     9.671775e-12      -7.058071e-13
3.430430e+01    5.68552e-07     9.637246e-12      -7.022816e-13
3.435335e+01    5.68146e-07     9.602882e-12      -6.988502e-13
3.440240e+01    5.67741e-07     9.568690e-12      -6.953691e-13
3.445145e+01    5.67336e-07     9.534668e-12      -6.919102e-13
3.450050e+01    5.66933e-07     9.500815e-12      -6.884732e-13
3.454955e+01    5.6653e-07      9.467130e-12      -6.850581e-13
3.459860e+01    5.66128e-07     9.433612e-12      -6.816647e-13
3.464765e+01    5.65728e-07     9.400260e-12      -6.782928e-13
3.469670e+01    5.65328e-07     9.367073e-12      -6.749423e-13
3.474575e+01    5.64928e-07     9.334049e-12      -6.715449e-13
3.479479e+01    5.6453e-07      9.301195e-12      -6.682371e-13
3.484384e+01    5.64133e-07     9.268497e-12      -6.650184e-13
3.489289e+01    5.63736e-07     9.235958e-12      -6.617521e-13
3.494194e+01    5.6334e-07      9.203580e-12      -6.585064e-13
3.499099e+01    5.62945e-07     9.171360e-12      -6.552813e-13
3.504004e+01    5.62551e-07     9.139298e-12      -6.520765e-13
3.508909e+01    5.62158e-07     9.107393e-12      -6.488919e-13
3.513814e+01    5.61765e-07     9.075643e-12      -6.457273e-13
3.518719e+01    5.61374e-07     9.044048e-12      -6.425825e-13
3.523624e+01    5.60983e-07     9.012607e-12      -6.394574e-13
3.528529e+01    5.60593e-07     8.981319e-12      -6.362872e-13
3.533433e+01    5.60204e-07     8.950188e-12      -6.332012e-13
3.538338e+01    5.59815e-07     8.919203e-12      -6.301989e-13
3.543243e+01    5.59427e-07     8.888367e-12      -6.271508e-13
3.548148e+01    5.59041e-07     8.857680e-12      -6.241216e-13
3.553053e+01    5.58655e-07     8.827142e-12      -6.211112e-13
3.557958e+01    5.58269e-07     8.796751e-12      -6.181195e-13
3.562863e+01    5.57885e-07     8.766506e-12      -6.151464e-13
3.567768e+01    5.57501e-07     8.736406e-12      -6.121917e-13
3.572673e+01    5.57119e-07     8.706451e-12      -6.092553e-13
3.577578e+01    5.56736e-07     8.676639e-12      -6.062756e-13
3.582482e+01    5.56355e-07     8.646976e-12      -6.033756e-13
3.587387e+01    5.55975e-07     8.617449e-12      -6.005550e-13
3.592292e+01    5.55595e-07     8.588063e-12      -5.976902e-13
3.597197e+01    5.55216e-07     8.558817e-12      -5.948428e-13
3.602102e+01    5.54838e-07     8.529710e-12      -5.920127e-13
3.607007e+01    5.54461e-07     8.500742e-12      -5.891997e-13
3.611912e+01    5.54084e-07     8.471911e-12      -5.864036e-13
3.616817e+01    5.53708e-07     8.443216e-12      -5.836244e-13
3.621722e+01    5.53333e-07     8.414658e-12      -5.808620e-13
3.626627e+01    5.52959e-07     8.386235e-12      -5.781162e-13
3.631532e+01    5.52585e-07     8.357946e-12      -5.753286e-13
3.636436e+01    5.52212e-07     8.329796e-12      -5.726161e-13
3.641341e+01    5.5184e-07      8.301774e-12      -5.699785e-13
3.646246e+01    5.51469e-07     8.273883e-12      -5.672986e-13
3.651151e+01    5.51099e-07     8.246123e-12      -5.646350e-13
3.656056e+01    5.50729e-07     8.218493e-12      -5.619876e-13
3.660961e+01    5.5036e-07      8.190993e-12      -5.593564e-13
3.665866e+01    5.49991e-07     8.163621e-12      -5.567411e-13
3.670771e+01    5.49624e-07     8.136377e-12      -5.541416e-13
3.675676e+01    5.49257e-07     8.109261e-12      -5.515579e-13
3.680581e+01    5.48891e-07     8.082271e-12      -5.489341e-13
3.685485e+01    5.48526e-07     8.055412e-12      -5.463817e-13
3.690390e+01    5.48161e-07     8.028672e-12      -5.439003e-13
3.695295e+01    5.47797e-07     8.002056e-12      -5.413782e-13
3.700200e+01    5.47434e-07     7.975564e-12      -5.388712e-13
3.705105e+01    5.47071e-07     7.949194e-12      -5.363792e-13
3.710010e+01    5.4671e-07      7.922946e-12      -5.339020e-13
3.714915e+01    5.46349e-07     7.896819e-12      -5.314395e-13
3.719820e+01    5.45988e-07     7.870813e-12      -5.289917e-13
3.724725e+01    5.45629e-07     7.844926e-12      -5.265582e-13
3.729630e+01    5.4527e-07      7.819158e-12      -5.241391e-13
3.734535e+01    5.44912e-07     7.793509e-12      -5.216812e-13
3.739439e+01    5.44554e-07     7.767982e-12      -5.192905e-13
3.744344e+01    5.44197e-07     7.742567e-12      -5.169667e-13
3.749249e+01    5.43841e-07     7.717269e-12      -5.146034e-13
3.754154e+01    5.43486e-07     7.692086e-12      -5.122539e-13
3.759059e+01    5.43131e-07     7.667018e-12      -5.099180e-13
3.763964e+01    5.42777e-07     7.642064e-12      -5.075957e-13
3.768869e+01    5.42424e-07     7.617223e-12      -5.052868e-13
3.773774e+01    5.42071e-07     7.592496e-12      -5.029915e-13
3.778679e+01    5.41719e-07     7.567881e-12      -5.007095e-13
3.783584e+01    5.41368e-07     7.543377e-12      -4.983903e-13
3.788488e+01    5.41017e-07     7.518990e-12      -4.961351e-13
3.793393e+01    5.40668e-07     7.494708e-12      -4.939437e-13
3.798298e+01    5.40318e-07     7.470535e-12      -4.917147e-13
3.803203e+01    5.3997e-07      7.446471e-12      -4.894987e-13
3.808108e+01    5.39622e-07     7.422516e-12      -4.872957e-13
3.813013e+01    5.39275e-07     7.398668e-12      -4.851055e-13
3.817918e+01    5.38928e-07     7.374928e-12      -4.829281e-13
3.822823e+01    5.38582e-07     7.351294e-12      -4.807633e-13
3.827728e+01    5.38237e-07     7.327766e-12      -4.786111e-13
3.832633e+01    5.37893e-07     7.304343e-12      -4.764712e-13
3.837538e+01    5.37549e-07     7.281025e-12      -4.742955e-13
3.842442e+01    5.37206e-07     7.257816e-12      -4.721802e-13
3.847347e+01    5.36863e-07     7.234705e-12      -4.701249e-13
3.852252e+01    5.36521e-07     7.211697e-12      -4.680332e-13
3.857157e+01    5.3618e-07      7.188792e-12      -4.659531e-13
3.862062e+01    5.35839e-07     7.165988e-12      -4.638847e-13
3.866967e+01    5.35499e-07     7.143286e-12      -4.618279e-13
3.871872e+01    5.3516e-07      7.120684e-12      -4.597826e-13
3.876777e+01    5.34821e-07     7.098182e-12      -4.577488e-13
3.881682e+01    5.34483e-07     7.075780e-12      -4.557265e-13
3.886587e+01    5.34146e-07     7.053476e-12      -4.536697e-13
3.891491e+01    5.33809e-07     7.031275e-12      -4.516705e-13
3.896396e+01    5.33473e-07     7.009168e-12      -4.497289e-13
3.901301e+01    5.33138e-07     6.987158e-12      -4.477523e-13
3.906206e+01    5.32803e-07     6.965244e-12      -4.457870e-13
3.911111e+01    5.32469e-07     6.943427e-12      -4.438330e-13
3.916016e+01    5.32135e-07     6.921705e-12      -4.418900e-13
3.920921e+01    5.31802e-07     6.900079e-12      -4.399582e-13
3.925826e+01    5.3147e-07      6.878546e-12      -4.380373e-13
3.930731e+01    5.31138e-07     6.857108e-12      -4.361272e-13
3.935636e+01    5.30807e-07     6.835763e-12      -4.342280e-13
3.940541e+01    5.30477e-07     6.814511e-12      -4.322956e-13
3.945445e+01    5.30147e-07     6.793356e-12      -4.304179e-13
3.950350e+01    5.29818e-07     6.772288e-12      -4.285947e-13
3.955255e+01    5.29489e-07     6.751311e-12      -4.267378e-13
3.960160e+01    5.29161e-07     6.730426e-12      -4.248912e-13
3.965065e+01    5.28834e-07     6.709630e-12      -4.230549e-13
3.969970e+01    5.28507e-07     6.688925e-12      -4.212288e-13
3.974875e+01    5.28181e-07     6.668308e-12      -4.194127e-13
3.979780e+01    5.27855e-07     6.647781e-12      -4.176066e-13
3.984685e+01    5.2753e-07      6.627342e-12      -4.158103e-13
3.989590e+01    5.27206e-07     6.606991e-12      -4.139819e-13
3.994494e+01    5.26882e-07     6.586731e-12      -4.122055e-13
3.999399e+01    5.26559e-07     6.566554e-12      -4.104808e-13
4.004304e+01    5.26236e-07     6.546464e-12      -4.087237e-13
4.009209e+01    5.25914e-07     6.526459e-12      -4.069762e-13
4.014114e+01    5.25593e-07     6.506540e-12      -4.052384e-13
4.019019e+01    5.25272e-07     6.486706e-12      -4.035103e-13
4.023924e+01    5.24952e-07     6.466957e-12      -4.017917e-13
4.028829e+01    5.24632e-07     6.447291e-12      -4.000826e-13
4.033734e+01    5.24313e-07     6.427709e-12      -3.983829e-13
4.038639e+01    5.23995e-07     6.408211e-12      -3.966926e-13
4.043544e+01    5.23677e-07     6.388795e-12      -3.949714e-13
4.048448e+01    5.23359e-07     6.369465e-12      -3.932996e-13
4.053353e+01    5.23043e-07     6.350213e-12      -3.916769e-13
4.058258e+01    5.22726e-07     6.331042e-12      -3.900228e-13
4.063163e+01    5.22411e-07     6.311952e-12      -3.883775e-13
4.068068e+01    5.22096e-07     6.292943e-12      -3.867410e-13
4.072973e+01    5.21781e-07     6.274014e-12      -3.851132e-13
4.077878e+01    5.21467e-07     6.255164e-12      -3.834940e-13
4.082783e+01    5.21154e-07     6.236394e-12      -3.818835e-13
4.087688e+01    5.20841e-07     6.217702e-12      -3.802815e-13
4.092593e+01    5.20529e-07     6.199089e-12      -3.786497e-13
4.097497e+01    5.20217e-07     6.180557e-12      -3.770650e-13
4.102402e+01    5.19906e-07     6.162099e-12      -3.755274e-13
4.107307e+01    5.19596e-07     6.143719e-12      -3.739596e-13
4.112212e+01    5.19286e-07     6.125415e-12      -3.724002e-13
4.117117e+01    5.18976e-07     6.107187e-12      -3.708492e-13
4.122022e+01    5.18667e-07     6.089035e-12      -3.693066e-13
4.126927e+01    5.18359e-07     6.070959e-12      -3.677721e-13
4.131832e+01    5.18051e-07     6.052957e-12      -3.662459e-13
4.136737e+01    5.17744e-07     6.035031e-12      -3.647278e-13
4.141642e+01    5.17438e-07     6.017178e-12      -3.632178e-13
4.146547e+01    5.17131e-07     5.999400e-12      -3.616791e-13
4.151451e+01    5.16826e-07     5.981698e-12      -3.601852e-13
4.156356e+01    5.16521e-07     5.964066e-12      -3.587361e-13
4.161261e+01    5.16216e-07     5.946507e-12      -3.572581e-13
4.166166e+01    5.15912e-07     5.929020e-12      -3.557881e-13
4.171071e+01    5.15609e-07     5.911605e-12      -3.543260e-13
4.175976e+01    5.15306e-07     5.894261e-12      -3.528718e-13
4.180881e+01    5.15004e-07     5.876989e-12      -3.514255e-13
4.185786e+01    5.14702e-07     5.859787e-12      -3.499870e-13
4.190691e+01    5.14401e-07     5.842655e-12      -3.485561e-13
4.195596e+01    5.141e-07       5.825594e-12      -3.471328e-13
4.200501e+01    5.138e-07       5.808602e-12      -3.456819e-13
4.205405e+01    5.135e-07       5.791683e-12      -3.442735e-13
4.210310e+01    5.13201e-07     5.774830e-12      -3.429075e-13
4.215215e+01    5.12902e-07     5.758045e-12      -3.415133e-13
4.220120e+01    5.12604e-07     5.741328e-12      -3.401262e-13
4.225025e+01    5.12306e-07     5.724679e-12      -3.387462e-13
4.229930e+01    5.12009e-07     5.708098e-12      -3.373731e-13
4.234835e+01    5.11712e-07     5.691583e-12      -3.360071e-13
4.239740e+01    5.11416e-07     5.675136e-12      -3.346481e-13
4.244645e+01    5.11121e-07     5.658755e-12      -3.332961e-13
4.249550e+01    5.10826e-07     5.642440e-12      -3.319176e-13
4.254454e+01    5.10531e-07     5.626195e-12      -3.305799e-13
4.259359e+01    5.10237e-07     5.610011e-12      -3.292831e-13
4.264264e+01    5.09944e-07     5.593893e-12      -3.279594e-13
4.269169e+01    5.09651e-07     5.577839e-12      -3.266426e-13
4.274074e+01    5.09358e-07     5.561850e-12      -3.253328e-13
4.278979e+01    5.09066e-07     5.545924e-12      -3.240297e-13
4.283884e+01    5.08775e-07     5.530063e-12      -3.227334e-13
4.288789e+01    5.08484e-07     5.514265e-12      -3.214436e-13
4.293694e+01    5.08193e-07     5.498530e-12      -3.201605e-13
4.298599e+01    5.07903e-07     5.482858e-12      -3.188838e-13
4.303504e+01    5.07613e-07     5.467248e-12      -3.175813e-13
4.308408e+01    5.07324e-07     5.451704e-12      -3.163177e-13
4.313313e+01    5.07036e-07     5.436218e-12      -3.150927e-13
4.318218e+01    5.06748e-07     5.420794e-12      -3.138418e-13
4.323123e+01    5.0646e-07      5.405431e-12      -3.125973e-13
4.328028e+01    5.06173e-07     5.390128e-12      -3.113591e-13
4.332933e+01    5.05887e-07     5.374887e-12      -3.101273e-13
4.337838e+01    5.05601e-07     5.359705e-12      -3.089016e-13
4.342743e+01    5.05315e-07     5.344584e-12      -3.076822e-13
4.347648e+01    5.0503e-07      5.329522e-12      -3.064688e-13
4.352553e+01    5.04745e-07     5.314520e-12      -3.052305e-13
4.357457e+01    5.04461e-07     5.299580e-12      -3.040293e-13
4.362362e+01    5.04177e-07     5.284695e-12      -3.028650e-13
4.367267e+01    5.03894e-07     5.269869e-12      -3.016756e-13
4.372172e+01    5.03611e-07     5.255102e-12      -3.004920e-13
4.377077e+01    5.03329e-07     5.240392e-12      -2.993144e-13
4.381982e+01    5.03047e-07     5.225739e-12      -2.981427e-13
4.386887e+01    5.02766e-07     5.211144e-12      -2.969770e-13
4.391792e+01    5.02485e-07     5.196607e-12      -2.958172e-13
4.396697e+01    5.02205e-07     5.182125e-12      -2.946635e-13
4.401602e+01    5.01925e-07     5.167701e-12      -2.935156e-13
4.406507e+01    5.01646e-07     5.153332e-12      -2.923441e-13
4.411411e+01    5.01367e-07     5.139022e-12      -2.912082e-13
4.416316e+01    5.01088e-07     5.124765e-12      -2.901078e-13
4.421221e+01    5.0081e-07      5.110563e-12      -2.889833e-13
4.426126e+01    5.00533e-07     5.096416e-12      -2.878646e-13
4.431031e+01    5.00256e-07     5.082324e-12      -2.867515e-13
4.435936e+01    4.99979e-07     5.068287e-12      -2.856440e-13
4.440841e+01    4.99703e-07     5.054303e-12      -2.845420e-13
4.445746e+01    4.99427e-07     5.040374e-12      -2.834454e-13
4.450651e+01    4.99152e-07     5.026498e-12      -2.823542e-13
4.455556e+01    4.98877e-07     5.012675e-12      -2.812397e-13
4.460460e+01    4.98602e-07     4.998909e-12      -2.801592e-13
4.465365e+01    4.98329e-07     4.985192e-12      -2.791125e-13
4.470270e+01    4.98055e-07     4.971528e-12      -2.780423e-13
4.475175e+01    4.97782e-07     4.957917e-12      -2.769772e-13
4.480080e+01    4.97509e-07     4.944357e-12      -2.759173e-13
4.484985e+01    4.97237e-07     4.930850e-12      -2.748626e-13
4.489890e+01    4.96966e-07     4.917394e-12      -2.738129e-13
4.494795e+01    4.96694e-07     4.903989e-12      -2.727683e-13
4.499700e+01    4.96424e-07     4.890636e-12      -2.717288e-13
4.504605e+01    4.96153e-07     4.877333e-12      -2.706944e-13
4.509510e+01    4.95883e-07     4.864081e-12      -2.696375e-13
4.514414e+01    4.95614e-07     4.850882e-12      -2.686132e-13
4.519319e+01    4.95345e-07     4.837731e-12      -2.676213e-13
4.524224e+01    4.95076e-07     4.824629e-12      -2.666068e-13
4.529129e+01    4.94808e-07     4.811577e-12      -2.655973e-13
4.534034e+01    4.9454e-07      4.798574e-12      -2.645927e-13
4.538939e+01    4.94273e-07     4.785621e-12      -2.635930e-13
4.543844e+01    4.94006e-07     4.772716e-12      -2.625981e-13
4.548749e+01    4.9374e-07      4.759861e-12      -2.616081e-13
4.553654e+01    4.93474e-07     4.747053e-12      -2.606228e-13
4.558559e+01    4.93208e-07     4.734294e-12      -2.596160e-13
4.563463e+01    4.92943e-07     4.721585e-12      -2.586403e-13
4.568368e+01    4.92678e-07     4.708922e-12      -2.576958e-13
4.573273e+01    4.92414e-07     4.696306e-12      -2.567294e-13
4.578178e+01    4.9215e-07      4.683737e-12      -2.557676e-13
4.583083e+01    4.91887e-07     4.671216e-12      -2.548105e-13
4.587988e+01    4.91624e-07     4.658741e-12      -2.538580e-13
4.592893e+01    4.91361e-07     4.646313e-12      -2.529100e-13
4.597798e+01    4.91099e-07     4.633931e-12      -2.519666e-13
4.602703e+01    4.90837e-07     4.621595e-12      -2.510278e-13
4.607608e+01    4.90576e-07     4.609305e-12      -2.500935e-13
4.612513e+01    4.90315e-07     4.597061e-12      -2.491385e-13
4.617417e+01    4.90055e-07     4.584865e-12      -2.482134e-13
4.622322e+01    4.89795e-07     4.572712e-12      -2.473181e-13
4.627227e+01    4.89535e-07     4.560604e-12      -2.464019e-13
4.632132e+01    4.89276e-07     4.548541e-12      -2.454901e-13
4.637037e+01    4.89017e-07     4.536522e-12      -2.445828e-13
4.641942e+01    4.88759e-07     4.524548e-12      -2.436798e-13
4.646847e+01    4.88501e-07     4.512617e-12      -2.427812e-13
4.651752e+01    4.88243e-07     4.500731e-12      -2.418869e-13
4.656657e+01    4.87986e-07     4.488889e-12      -2.409968e-13
4.661562e+01    4.87729e-07     4.477090e-12      -2.400866e-13
4.666466e+01    4.87473e-07     4.465337e-12      -2.392049e-13
4.671371e+01    4.87217e-07     4.453624e-12      -2.383518e-13
4.676276e+01    4.86961e-07     4.441955e-12      -2.374783e-13
4.681181e+01    4.86706e-07     4.430328e-12      -2.366088e-13
4.686086e+01    4.86451e-07     4.418744e-12      -2.357434e-13
4.690991e+01    4.86197e-07     4.407202e-12      -2.348820e-13
4.695896e+01    4.85943e-07     4.395702e-12      -2.340246e-13
4.700801e+01    4.85689e-07     4.384245e-12      -2.331711e-13
4.705706e+01    4.85436e-07     4.372829e-12      -2.323217e-13
4.710611e+01    4.85183e-07     4.361454e-12      -2.314762e-13
4.715516e+01    4.84931e-07     4.350121e-12      -2.306112e-13
4.720420e+01    4.84679e-07     4.338832e-12      -2.297736e-13
4.725325e+01    4.84427e-07     4.327581e-12      -2.289634e-13
4.730230e+01    4.84176e-07     4.316371e-12      -2.281335e-13
4.735135e+01    4.83925e-07     4.305202e-12      -2.273075e-13
4.740040e+01    4.83675e-07     4.294073e-12      -2.264854e-13
4.744945e+01    4.83425e-07     4.282984e-12      -2.256670e-13
4.749850e+01    4.83175e-07     4.271935e-12      -2.248524e-13
4.754755e+01    4.82926e-07     4.260926e-12      -2.240415e-13
4.759660e+01    4.82677e-07     4.249957e-12      -2.232343e-13
4.764565e+01    4.82428e-07     4.239027e-12      -2.224082e-13
4.769469e+01    4.8218e-07      4.228139e-12      -2.216085e-13
4.774374e+01    4.81932e-07     4.217288e-12      -2.208350e-13
4.779279e+01    4.81685e-07     4.206476e-12      -2.200426e-13
4.784184e+01    4.81438e-07     4.195702e-12      -2.192538e-13
4.789089e+01    4.81191e-07     4.184967e-12      -2.184687e-13
4.793994e+01    4.80945e-07     4.174271e-12      -2.176873e-13
4.798899e+01    4.80699e-07     4.163613e-12      -2.169095e-13
4.803804e+01    4.80454e-07     4.152992e-12      -2.161354e-13
4.808709e+01    4.80209e-07     4.142410e-12      -2.153650e-13
4.813614e+01    4.79964e-07     4.131866e-12      -2.145981e-13
4.818519e+01    4.7972e-07      4.121359e-12      -2.138131e-13
4.823423e+01    4.79476e-07     4.110891e-12      -2.130534e-13
4.828328e+01    4.79232e-07     4.100458e-12      -2.123188e-13
4.833233e+01    4.78989e-07     4.090063e-12      -2.115658e-13
4.838138e+01    4.78746e-07     4.079704e-12      -2.108161e-13
4.843043e+01    4.78503e-07     4.069382e-12      -2.100697e-13
4.847948e+01    4.78261e-07     4.059097e-12      -2.093266e-13
4.852853e+01    4.7802e-07      4.048848e-12      -2.085867e-13
4.857758e+01    4.77778e-07     4.038635e-12      -2.078501e-13
4.862663e+01    4.77537e-07     4.028458e-12      -2.071168e-13
4.867568e+01    4.77296e-07     4.018317e-12      -2.063657e-13
4.872472e+01    4.77056e-07     4.008214e-12      -2.056390e-13
4.877377e+01    4.76816e-07     3.998144e-12      -2.049366e-13
4.882282e+01    4.76577e-07     3.988110e-12      -2.042164e-13
4.887187e+01    4.76337e-07     3.978111e-12      -2.034996e-13
4.892092e+01    4.76099e-07     3.968147e-12      -2.027861e-13
4.896997e+01    4.7586e-07      3.958218e-12      -2.020760e-13
4.901902e+01    4.75622e-07     3.948324e-12      -2.013692e-13
4.906807e+01    4.75384e-07     3.938464e-12      -2.006657e-13
4.911712e+01    4.75147e-07     3.928639e-12      -1.999654e-13
4.916617e+01    4.7491e-07      3.918848e-12      -1.992685e-13
4.921522e+01    4.74673e-07     3.909091e-12      -1.985545e-13
4.926426e+01    4.74437e-07     3.899370e-12      -1.978639e-13
4.931331e+01    4.74201e-07     3.889681e-12      -1.971965e-13
4.936236e+01    4.73965e-07     3.880025e-12      -1.965120e-13
4.941141e+01    4.7373e-07      3.870403e-12      -1.958305e-13
4.946046e+01    4.73495e-07     3.860815e-12      -1.951519e-13
4.950951e+01    4.7326e-07      3.851259e-12      -1.944762e-13
4.955856e+01    4.73026e-07     3.841737e-12      -1.938035e-13
4.960761e+01    4.72792e-07     3.832248e-12      -1.931337e-13
4.965666e+01    4.72558e-07     3.822791e-12      -1.924667e-13
4.970571e+01    4.72325e-07     3.813367e-12      -1.917832e-13
4.975475e+01    4.72092e-07     3.803977e-12      -1.911221e-13
4.980380e+01    4.7186e-07      3.794618e-12      -1.904834e-13
4.985285e+01    4.71628e-07     3.785291e-12      -1.898281e-13
4.990190e+01    4.71396e-07     3.775997e-12      -1.891756e-13
4.995095e+01    4.71164e-07     3.766734e-12      -1.885260e-13
5.000000e+01    4.70933e-07     3.757503e-12      -9.410100e-14
