# Generated by Dust Drift Simulation (Date: Jan 23 2026 08:54:11)
# Time: 3.004979e+03 years
#--------------------------------------------------------------------------
# Radius_AU       GasSurfDensity  GasPressure     GasPressureDeriv
#--------------------------------------------------------------------------
1.000000e+00    3.32693e-06     6.636273e-08      -7.626806e-08
1.049049e+00    3.24853e-06     5.888112e-08      -1.410591e-07
1.098098e+00    3.17518e-06     5.252510e-08      -1.202349e-07
1.147147e+00    3.10637e-06     4.708630e-08      -1.031985e-07
1.196196e+00    3.04163e-06     4.240152e-08      -8.914332e-08
1.245245e+00    2.98057e-06     3.834151e-08      -7.745828e-08
1.294294e+00    2.92282e-06     3.480301e-08      -6.767506e-08
1.343343e+00    2.86807e-06     3.170272e-08      -5.943074e-08
1.392392e+00    2.81602e-06     2.897297e-08      -5.244132e-08
1.441441e+00    2.7664e-06      2.655833e-08      -4.648254e-08
1.490490e+00    2.71895e-06     2.441312e-08      -4.137623e-08
1.539540e+00    2.67345e-06     2.249940e-08      -3.697836e-08
1.588589e+00    2.6297e-06      2.078561e-08      -3.317316e-08
1.637638e+00    2.58748e-06     1.924517e-08      -2.986709e-08
1.686687e+00    2.54663e-06     1.785571e-08      -2.698230e-08
1.735736e+00    2.50697e-06     1.659826e-08      -2.445477e-08
1.784785e+00    2.46837e-06     1.545674e-08      -2.223105e-08
1.833834e+00    2.43068e-06     1.441744e-08      -2.026620e-08
1.882883e+00    2.39382e-06     1.346866e-08      -1.852205e-08
1.931932e+00    2.35771e-06     1.260046e-08      -1.696593e-08
1.980981e+00    2.32232e-06     1.180434e-08      -1.556965e-08
2.030030e+00    2.28767e-06     1.107311e-08      -1.430882e-08
2.079079e+00    2.25384e-06     1.040067e-08      -1.316226e-08
2.128128e+00    2.22095e-06     9.781912e-09      -1.211176e-08
2.177177e+00    2.1892e-06      9.212530e-09      -1.114187e-08
2.226226e+00    2.15886e-06     8.688916e-09      -1.023986e-08
2.275275e+00    2.13023e-06     8.208019e-09      -9.395827e-09
2.324324e+00    2.10367e-06     7.767204e-09      -8.602705e-09
2.373373e+00    2.07956e-06     7.364110e-09      -7.856401e-09
2.422422e+00    2.05826e-06     6.996506e-09      -7.155767e-09
2.471471e+00    2.04007e-06     6.662143e-09      -6.502433e-09
2.520521e+00    2.02518e-06     6.358629e-09      -5.900503e-09
2.569570e+00    2.01364e-06     6.083315e-09      -5.355833e-09
2.618619e+00    2.00527e-06     5.833232e-09      -4.875021e-09
2.667668e+00    1.9997e-06      5.605084e-09      -4.464193e-09
2.716717e+00    1.99629e-06     5.395304e-09      -4.127417e-09
2.765766e+00    1.99421e-06     5.200193e-09      -3.865163e-09
2.814815e+00    1.99246e-06     5.016139e-09      -3.673034e-09
2.863864e+00    1.99003e-06     4.839875e-09      -3.541234e-09
2.912913e+00    1.98598e-06     4.668750e-09      -3.455099e-09
2.961962e+00    1.97962e-06     4.500936e-09      -3.396877e-09
3.011011e+00    1.97054e-06     4.335523e-09      -3.348468e-09
3.060060e+00    1.95872e-06     4.172458e-09      -3.294428e-09
3.109109e+00    1.94442e-06     4.012346e-09      -3.224292e-09
3.158158e+00    1.92816e-06     3.856161e-09      -3.133505e-09
3.207207e+00    1.91054e-06     3.704955e-09      -3.022797e-09
3.256256e+00    1.89218e-06     3.559630e-09      -2.896488e-09
3.305305e+00    1.87358e-06     3.420815e-09      -2.760436e-09
3.354354e+00    1.85515e-06     3.288837e-09      -2.620423e-09
3.403403e+00    1.83717e-06     3.163757e-09      -2.481248e-09
3.452452e+00    1.8198e-06      3.045431e-09      -2.346259e-09
3.501502e+00    1.80314e-06     2.933593e-09      -2.217826e-09
3.550551e+00    1.78719e-06     2.827867e-09      -2.097045e-09
3.599600e+00    1.77196e-06     2.727877e-09      -1.984177e-09
3.648649e+00    1.7574e-06      2.633223e-09      -1.879271e-09
3.697698e+00    1.74349e-06     2.543524e-09      -1.781939e-09
3.746747e+00    1.73015e-06     2.458418e-09      -1.691761e-09
3.795796e+00    1.71735e-06     2.377566e-09      -1.608195e-09
3.844845e+00    1.70502e-06     2.300657e-09      -1.530571e-09
3.893894e+00    1.69313e-06     2.227419e-09      -1.458337e-09
3.942943e+00    1.68163e-06     2.157597e-09      -1.390997e-09
3.991992e+00    1.6705e-06      2.090965e-09      -1.328206e-09
4.041041e+00    1.65968e-06     2.027303e-09      -1.269444e-09
4.090090e+00    1.64917e-06     1.966435e-09      -1.214248e-09
4.139139e+00    1.63893e-06     1.908187e-09      -1.162607e-09
4.188188e+00    1.62893e-06     1.852386e-09      -1.113922e-09
4.237237e+00    1.61918e-06     1.798913e-09      -1.067939e-09
4.286286e+00    1.60964e-06     1.747623e-09      -1.024749e-09
4.335335e+00    1.6003e-06      1.698388e-09      -9.838443e-10
4.384384e+00    1.59116e-06     1.651110e-09      -9.450445e-10
4.433433e+00    1.58219e-06     1.605680e-09      -9.083977e-10
4.482482e+00    1.57339e-06     1.561998e-09      -8.735693e-10
4.531532e+00    1.56477e-06     1.519985e-09      -8.405160e-10
4.580581e+00    1.55629e-06     1.479545e-09      -8.092184e-10
4.629630e+00    1.54795e-06     1.440602e-09      -7.792977e-10
4.678679e+00    1.53976e-06     1.403097e-09      -7.508419e-10
4.727728e+00    1.53171e-06     1.366946e-09      -7.237674e-10
4.776777e+00    1.52379e-06     1.332097e-09      -6.979010e-10
4.825826e+00    1.516e-06       1.298483e-09      -6.733457e-10
4.874875e+00    1.50833e-06     1.266043e-09      -6.498588e-10
4.923924e+00    1.50078e-06     1.234733e-09      -6.273780e-10
4.972973e+00    1.49334e-06     1.204498e-09      -6.059325e-10
5.022022e+00    1.48601e-06     1.175293e-09      -5.853858e-10
5.071071e+00    1.4788e-06      1.147073e-09      -5.657683e-10
5.120120e+00    1.47169e-06     1.119792e-09      -5.470321e-10
5.169169e+00    1.46469e-06     1.093410e-09      -5.290549e-10
5.218218e+00    1.45778e-06     1.067892e-09      -5.117990e-10
5.267267e+00    1.45097e-06     1.043204e-09      -4.953008e-10
5.316316e+00    1.44426e-06     1.019304e-09      -4.795228e-10
5.365365e+00    1.43764e-06     9.961635e-10      -4.642896e-10
5.414414e+00    1.43111e-06     9.737585e-10      -4.497114e-10
5.463463e+00    1.42467e-06     9.520476e-10      -4.358296e-10
5.512513e+00    1.41831e-06     9.310044e-10      -4.223376e-10
5.561562e+00    1.41205e-06     9.106171e-10      -4.094112e-10
5.610611e+00    1.40586e-06     8.908419e-10      -3.970358e-10
5.659660e+00    1.39976e-06     8.716687e-10      -3.851141e-10
5.708709e+00    1.39372e-06     8.530630e-10      -3.736910e-10
5.757758e+00    1.38777e-06     8.350103e-10      -3.626201e-10
5.806807e+00    1.3819e-06      8.174906e-10      -3.520063e-10
5.855856e+00    1.3761e-06      8.004791e-10      -3.418297e-10
5.904905e+00    1.37037e-06     7.839578e-10      -3.320117e-10
5.953954e+00    1.36471e-06     7.679094e-10      -3.224810e-10
6.003003e+00    1.35913e-06     7.523230e-10      -3.133365e-10
6.052052e+00    1.35361e-06     7.371717e-10      -3.045634e-10
6.101101e+00    1.34816e-06     7.224459e-10      -2.960889e-10
6.150150e+00    1.34277e-06     7.081260e-10      -2.879023e-10
6.199199e+00    1.33745e-06     6.942033e-10      -2.799903e-10
6.248248e+00    1.33219e-06     6.806595e-10      -2.723944e-10
6.297297e+00    1.32699e-06     6.674819e-10      -2.650497e-10
6.346346e+00    1.32185e-06     6.546586e-10      -2.579462e-10
6.395395e+00    1.31677e-06     6.421779e-10      -2.510743e-10
6.444444e+00    1.31175e-06     6.300287e-10      -2.444249e-10
6.493493e+00    1.30679e-06     6.182003e-10      -2.380387e-10
6.542543e+00    1.30188e-06     6.066775e-10      -2.318546e-10
6.591592e+00    1.29703e-06     5.954558e-10      -2.258637e-10
6.640641e+00    1.29223e-06     5.845207e-10      -2.201087e-10
6.689690e+00    1.28748e-06     5.738635e-10      -2.144883e-10
6.738739e+00    1.28279e-06     5.634798e-10      -2.090853e-10
6.787788e+00    1.27814e-06     5.533526e-10      -2.038495e-10
6.836837e+00    1.27355e-06     5.434826e-10      -1.987295e-10
6.885886e+00    1.26901e-06     5.338576e-10      -1.938500e-10
6.934935e+00    1.26451e-06     5.244663e-10      -1.891176e-10
6.983984e+00    1.26006e-06     5.153056e-10      -1.844847e-10
7.033033e+00    1.25566e-06     5.063687e-10      -1.799895e-10
7.082082e+00    1.25131e-06     4.976489e-10      -1.756670e-10
7.131131e+00    1.247e-06       4.891361e-10      -1.715107e-10
7.180180e+00    1.24273e-06     4.808241e-10      -1.674362e-10
7.229229e+00    1.23851e-06     4.727109e-10      -1.634788e-10
7.278278e+00    1.23433e-06     4.647871e-10      -1.596732e-10
7.327327e+00    1.23019e-06     4.570473e-10      -1.559760e-10
7.376376e+00    1.22609e-06     4.494862e-10      -1.523831e-10
7.425425e+00    1.22203e-06     4.420988e-10      -1.488549e-10
7.474474e+00    1.21802e-06     4.348838e-10      -1.454621e-10
7.523524e+00    1.21404e-06     4.278292e-10      -1.421985e-10
7.572573e+00    1.2101e-06      4.209344e-10      -1.389882e-10
7.621622e+00    1.2062e-06      4.141947e-10      -1.358671e-10
7.670671e+00    1.20234e-06     4.076061e-10      -1.328650e-10
7.719720e+00    1.19851e-06     4.011609e-10      -1.299109e-10
7.768769e+00    1.19473e-06     3.948621e-10      -1.270687e-10
7.817818e+00    1.19097e-06     3.886957e-10      -1.243364e-10
7.866867e+00    1.18725e-06     3.826649e-10      -1.216107e-10
7.915916e+00    1.18357e-06     3.767660e-10      -1.189892e-10
7.964965e+00    1.17992e-06     3.709923e-10      -1.164684e-10
8.014014e+00    1.1763e-06      3.653406e-10      -1.139819e-10
8.063063e+00    1.17272e-06     3.598109e-10      -1.115596e-10
8.112112e+00    1.16917e-06     3.543969e-10      -1.092305e-10
8.161161e+00    1.16565e-06     3.490956e-10      -1.069609e-10
8.210210e+00    1.16216e-06     3.439042e-10      -1.047193e-10
8.259259e+00    1.15871e-06     3.388228e-10      -1.025635e-10
8.308308e+00    1.15528e-06     3.338429e-10      -1.004626e-10
8.357357e+00    1.15189e-06     3.289676e-10      -9.841348e-11
8.406406e+00    1.14852e-06     3.241887e-10      -9.641597e-11
8.455455e+00    1.14519e-06     3.195094e-10      -9.446797e-11
8.504505e+00    1.14188e-06     3.149216e-10      -9.259542e-11
8.553554e+00    1.1386e-06      3.104260e-10      -9.073998e-11
8.602603e+00    1.13535e-06     3.060202e-10      -8.893045e-11
8.651652e+00    1.13213e-06     3.017021e-10      -8.719149e-11
8.700701e+00    1.12893e-06     2.974669e-10      -8.549446e-11
8.749750e+00    1.12576e-06     2.933152e-10      -8.381142e-11
8.798799e+00    1.12262e-06     2.892451e-10      -8.219435e-11
8.847848e+00    1.1195e-06      2.852521e-10      -8.061569e-11
8.896897e+00    1.11641e-06     2.813369e-10      -7.904849e-11
8.945946e+00    1.11335e-06     2.774976e-10      -7.754316e-11
8.994995e+00    1.11031e-06     2.737300e-10      -7.609783e-11
9.044044e+00    1.10729e-06     2.700326e-10      -7.466115e-11
9.093093e+00    1.1043e-06      2.664059e-10      -7.323305e-11
9.142142e+00    1.10134e-06     2.628485e-10      -7.188574e-11
9.191191e+00    1.09839e-06     2.593541e-10      -7.054576e-11
9.240240e+00    1.09548e-06     2.559281e-10      -6.923538e-11
9.289289e+00    1.09258e-06     2.525622e-10      -6.797850e-11
9.338338e+00    1.08971e-06     2.492596e-10      -6.672622e-11
9.387387e+00    1.08686e-06     2.460165e-10      -6.552488e-11
9.436436e+00    1.08403e-06     2.428317e-10      -6.435004e-11
9.485485e+00    1.08122e-06     2.397039e-10      -6.317927e-11
9.534535e+00    1.07844e-06     2.366339e-10      -6.205558e-11
9.583584e+00    1.07567e-06     2.336163e-10      -6.095629e-11
9.632633e+00    1.07293e-06     2.306542e-10      -5.985928e-11
9.681682e+00    1.07021e-06     2.277443e-10      -5.880769e-11
9.730731e+00    1.06751e-06     2.248853e-10      -5.777871e-11
9.779780e+00    1.06483e-06     2.220763e-10      -5.677170e-11
9.828829e+00    1.06217e-06     2.193161e-10      -5.578611e-11
9.877878e+00    1.05953e-06     2.166038e-10      -5.482138e-11
9.926927e+00    1.05691e-06     2.139382e-10      -5.387701e-11
9.975976e+00    1.05431e-06     2.113185e-10      -5.297470e-11
1.002503e+01    1.05172e-06     2.087415e-10      -5.206543e-11
1.007407e+01    1.04916e-06     2.062110e-10      -5.115697e-11
1.012312e+01    1.04662e-06     2.037231e-10      -5.031267e-11
1.017217e+01    1.04409e-06     2.012754e-10      -4.948166e-11
1.022122e+01    1.04158e-06     1.988691e-10      -4.864817e-11
1.027027e+01    1.03909e-06     1.965031e-10      -4.783170e-11
1.031932e+01    1.03662e-06     1.941769e-10      -4.705065e-11
1.036837e+01    1.03416e-06     1.918876e-10      -4.626683e-11
1.041742e+01    1.03173e-06     1.896382e-10      -4.549849e-11
1.046647e+01    1.02931e-06     1.874243e-10      -4.478251e-11
1.051552e+01    1.0269e-06      1.852451e-10      -4.404080e-11
1.056456e+01    1.02452e-06     1.831039e-10      -4.331705e-11
1.061361e+01    1.02215e-06     1.809958e-10      -4.264712e-11
1.066266e+01    1.01979e-06     1.789203e-10      -4.196901e-11
1.071171e+01    1.01745e-06     1.768787e-10      -4.128641e-11
1.076076e+01    1.01513e-06     1.748702e-10      -4.061719e-11
1.080981e+01    1.01283e-06     1.728942e-10      -3.997824e-11
1.085886e+01    1.01054e-06     1.709484e-10      -3.936876e-11
1.090791e+01    1.00826e-06     1.690322e-10      -3.875395e-11
1.095696e+01    1.006e-06       1.671467e-10      -3.813400e-11
1.100601e+01    1.00376e-06     1.652914e-10      -3.754251e-11
1.105506e+01    1.00153e-06     1.634639e-10      -3.696762e-11
1.110410e+01    9.99315e-07     1.616649e-10      -3.639826e-11
1.115315e+01    9.97115e-07     1.598933e-10      -3.584254e-11
1.120220e+01    9.9493e-07      1.581488e-10      -3.529586e-11
1.125125e+01    9.92759e-07     1.564308e-10      -3.476095e-11
1.130030e+01    9.90602e-07     1.547388e-10      -3.423594e-11
1.134935e+01    9.88459e-07     1.530724e-10      -3.372061e-11
1.139840e+01    9.8633e-07      1.514309e-10      -3.321474e-11
1.144745e+01    9.84215e-07     1.498140e-10      -3.271965e-11
1.149650e+01    9.82113e-07     1.482212e-10      -3.223359e-11
1.154555e+01    9.80025e-07     1.466520e-10      -3.175378e-11
1.159459e+01    9.7795e-07      1.451062e-10      -3.128668e-11
1.164364e+01    9.75888e-07     1.435828e-10      -3.083053e-11
1.169269e+01    9.73839e-07     1.420818e-10      -3.038146e-11
1.174174e+01    9.71802e-07     1.406025e-10      -2.993894e-11
1.179079e+01    9.69779e-07     1.391448e-10      -2.950426e-11
1.183984e+01    9.67768e-07     1.377082e-10      -2.907872e-11
1.188889e+01    9.6577e-07      1.362923e-10      -2.866067e-11
1.193794e+01    9.63784e-07     1.348966e-10      -2.825137e-11
1.198699e+01    9.6181e-07      1.335208e-10      -2.784921e-11
1.203604e+01    9.59848e-07     1.321646e-10      -2.745405e-11
1.208509e+01    9.57898e-07     1.308277e-10      -2.706354e-11
1.213413e+01    9.5596e-07      1.295098e-10      -2.668195e-11
1.218318e+01    9.54034e-07     1.282102e-10      -2.631045e-11
1.223223e+01    9.52119e-07     1.269288e-10      -2.594314e-11
1.228128e+01    9.50216e-07     1.256652e-10      -2.558209e-11
1.233033e+01    9.48324e-07     1.244192e-10      -2.522718e-11
1.237938e+01    9.46444e-07     1.231905e-10      -2.487957e-11
1.242843e+01    9.44574e-07     1.219786e-10      -2.453783e-11
1.247748e+01    9.42716e-07     1.207834e-10      -2.420181e-11
1.252653e+01    9.40868e-07     1.196044e-10      -2.387142e-11
1.257558e+01    9.39032e-07     1.184416e-10      -2.354462e-11
1.262462e+01    9.37206e-07     1.172947e-10      -2.322641e-11
1.267367e+01    9.35391e-07     1.161632e-10      -2.291535e-11
1.272272e+01    9.33586e-07     1.150468e-10      -2.260876e-11
1.277177e+01    9.31791e-07     1.139453e-10      -2.230596e-11
1.282082e+01    9.30007e-07     1.128586e-10      -2.200810e-11
1.286987e+01    9.28233e-07     1.117863e-10      -2.171509e-11
1.291892e+01    9.2647e-07      1.107284e-10      -2.142804e-11
1.296797e+01    9.24716e-07     1.096843e-10      -2.114683e-11
1.301702e+01    9.22972e-07     1.086539e-10      -2.086894e-11
1.306607e+01    9.21238e-07     1.076371e-10      -2.059551e-11
1.311512e+01    9.19514e-07     1.066336e-10      -2.032598e-11
1.316416e+01    9.17799e-07     1.056432e-10      -2.006238e-11
1.321321e+01    9.16094e-07     1.046655e-10      -1.980458e-11
1.326226e+01    9.14398e-07     1.037004e-10      -1.954922e-11
1.331131e+01    9.12712e-07     1.027477e-10      -1.929788e-11
1.336036e+01    9.11035e-07     1.018073e-10      -1.905161e-11
1.340941e+01    9.09367e-07     1.008788e-10      -1.880807e-11
1.345846e+01    9.07709e-07     9.996224e-11      -1.856942e-11
1.350751e+01    9.06059e-07     9.905718e-11      -1.833449e-11
1.355656e+01    9.04419e-07     9.816366e-11      -1.810317e-11
1.360561e+01    9.02787e-07     9.728129e-11      -1.787507e-11
1.365465e+01    9.01164e-07     9.641015e-11      -1.765082e-11
1.370370e+01    8.9955e-07      9.554978e-11      -1.743251e-11
1.375275e+01    8.97944e-07     9.470005e-11      -1.721609e-11
1.380180e+01    8.96347e-07     9.386091e-11      -1.700190e-11
1.385085e+01    8.94759e-07     9.303220e-11      -1.679199e-11
1.389990e+01    8.93179e-07     9.221365e-11      -1.658630e-11
1.394895e+01    8.91607e-07     9.140512e-11      -1.638266e-11
1.399800e+01    8.90044e-07     9.060654e-11      -1.618308e-11
1.404705e+01    8.88488e-07     8.981759e-11      -1.598650e-11
1.409610e+01    8.86941e-07     8.903830e-11      -1.579180e-11
1.414515e+01    8.85402e-07     8.826844e-11      -1.559975e-11
1.419419e+01    8.83871e-07     8.750799e-11      -1.541179e-11
1.424324e+01    8.82348e-07     8.675657e-11      -1.522884e-11
1.429229e+01    8.80832e-07     8.601407e-11      -1.504633e-11
1.434134e+01    8.79325e-07     8.528056e-11      -1.486648e-11
1.439039e+01    8.77825e-07     8.455570e-11      -1.469024e-11
1.443944e+01    8.76333e-07     8.383947e-11      -1.451654e-11
1.448849e+01    8.74848e-07     8.313165e-11      -1.434536e-11
1.453754e+01    8.73371e-07     8.243222e-11      -1.417664e-11
1.458659e+01    8.71901e-07     8.174095e-11      -1.401035e-11
1.463564e+01    8.70439e-07     8.105783e-11      -1.384532e-11
1.468468e+01    8.68984e-07     8.038275e-11      -1.368376e-11
1.473373e+01    8.67537e-07     7.971548e-11      -1.352654e-11
1.478278e+01    8.66096e-07     7.905583e-11      -1.337044e-11
1.483183e+01    8.64663e-07     7.840386e-11      -1.321562e-11
1.488088e+01    8.63237e-07     7.775940e-11      -1.306390e-11
1.492993e+01    8.61818e-07     7.712232e-11      -1.291521e-11
1.497898e+01    8.60405e-07     7.649244e-11      -1.276770e-11
1.502803e+01    8.59e-07        7.586983e-11      -1.262135e-11
1.507708e+01    8.57602e-07     7.525431e-11      -1.247881e-11
1.512613e+01    8.5621e-07      7.464569e-11      -1.233825e-11
1.517518e+01    8.54825e-07     7.404395e-11      -1.219776e-11
1.522422e+01    8.53447e-07     7.344911e-11      -1.206019e-11
1.527327e+01    8.52076e-07     7.286087e-11      -1.192636e-11
1.532232e+01    8.50711e-07     7.227915e-11      -1.179424e-11
1.537137e+01    8.49352e-07     7.170388e-11      -1.166221e-11
1.542042e+01    8.48001e-07     7.113511e-11      -1.153282e-11
1.546947e+01    8.46655e-07     7.057253e-11      -1.140603e-11
1.551852e+01    8.45316e-07     7.001620e-11      -1.128011e-11
1.556757e+01    8.43983e-07     6.946597e-11      -1.115588e-11
1.561662e+01    8.42657e-07     6.892183e-11      -1.103332e-11
1.566567e+01    8.41337e-07     6.838362e-11      -1.091235e-11
1.571471e+01    8.40023e-07     6.785135e-11      -1.079387e-11
1.576376e+01    8.38715e-07     6.732477e-11      -1.067784e-11
1.581281e+01    8.37413e-07     6.680388e-11      -1.056247e-11
1.586186e+01    8.36117e-07     6.628861e-11      -1.044862e-11
1.591091e+01    8.34827e-07     6.577889e-11      -1.033547e-11
1.595996e+01    8.33544e-07     6.527472e-11      -1.022461e-11
1.600901e+01    8.32266e-07     6.477587e-11      -1.011598e-11
1.605806e+01    8.30994e-07     6.428236e-11      -1.000877e-11
1.610711e+01    8.29727e-07     6.379403e-11      -9.902182e-12
1.615616e+01    8.28467e-07     6.331097e-11      -9.796966e-12
1.620521e+01    8.27212e-07     6.283297e-11      -9.693103e-12
1.625425e+01    8.25963e-07     6.236010e-11      -9.590596e-12
1.630330e+01    8.2472e-07      6.189215e-11      -9.490947e-12
1.635235e+01    8.23482e-07     6.142905e-11      -9.391798e-12
1.640140e+01    8.2225e-07      6.097083e-11      -9.293911e-12
1.645045e+01    8.21023e-07     6.051734e-11      -9.197276e-12
1.649950e+01    8.19802e-07     6.006860e-11      -9.101863e-12
1.654855e+01    8.18586e-07     5.962446e-11      -9.007664e-12
1.659760e+01    8.17376e-07     5.918496e-11      -8.915380e-12
1.664665e+01    8.1617e-07      5.874988e-11      -8.823540e-12
1.669570e+01    8.14971e-07     5.831939e-11      -8.732134e-12
1.674474e+01    8.13776e-07     5.789328e-11      -8.643306e-12
1.679379e+01    8.12587e-07     5.747150e-11      -8.555572e-12
1.684284e+01    8.11403e-07     5.705399e-11      -8.468939e-12
1.689189e+01    8.10224e-07     5.664071e-11      -8.383379e-12
1.694094e+01    8.0905e-07      5.623160e-11      -8.298178e-12
1.698999e+01    8.07882e-07     5.582667e-11      -8.214723e-12
1.703904e+01    8.06718e-07     5.542575e-11      -8.132993e-12
1.708809e+01    8.05559e-07     5.502884e-11      -8.050883e-12
1.713714e+01    8.04406e-07     5.463597e-11      -7.970461e-12
1.718619e+01    8.03257e-07     5.424696e-11      -7.891708e-12
1.723524e+01    8.02113e-07     5.386181e-11      -7.812599e-12
1.728428e+01    8.00974e-07     5.348055e-11      -7.735078e-12
1.733333e+01    7.9984e-07      5.310301e-11      -7.659128e-12
1.738238e+01    7.98711e-07     5.272921e-11      -7.584129e-12
1.743143e+01    7.97586e-07     5.235903e-11      -7.509375e-12
1.748048e+01    7.96467e-07     5.199255e-11      -7.436168e-12
1.752953e+01    7.95351e-07     5.162955e-11      -7.363846e-12
1.757858e+01    7.94241e-07     5.127017e-11      -7.291725e-12
1.762763e+01    7.93135e-07     5.091425e-11      -7.221115e-12
1.767668e+01    7.92034e-07     5.056180e-11      -7.150697e-12
1.772573e+01    7.90938e-07     5.021278e-11      -7.081182e-12
1.777477e+01    7.89846e-07     4.986715e-11      -7.013698e-12
1.782382e+01    7.88758e-07     4.952475e-11      -6.946945e-12
1.787287e+01    7.87675e-07     4.918566e-11      -6.880397e-12
1.792192e+01    7.86596e-07     4.884979e-11      -6.814633e-12
1.797097e+01    7.85522e-07     4.851716e-11      -6.749632e-12
1.802002e+01    7.84452e-07     4.818767e-11      -6.685391e-12
1.806907e+01    7.83387e-07     4.786134e-11      -6.621894e-12
1.811812e+01    7.82326e-07     4.753807e-11      -6.559747e-12
1.816717e+01    7.81269e-07     4.721784e-11      -6.497709e-12
1.821622e+01    7.80217e-07     4.690066e-11      -6.436988e-12
1.826527e+01    7.79168e-07     4.658638e-11      -6.376453e-12
1.831431e+01    7.78124e-07     4.627514e-11      -6.316517e-12
1.836336e+01    7.77084e-07     4.596674e-11      -6.257786e-12
1.841241e+01    7.76049e-07     4.566126e-11      -6.199803e-12
1.846146e+01    7.75017e-07     4.535856e-11      -6.143072e-12
1.851051e+01    7.73989e-07     4.505864e-11      -6.085805e-12
1.855956e+01    7.72966e-07     4.476155e-11      -6.029183e-12
1.860861e+01    7.71947e-07     4.446719e-11      -5.974365e-12
1.865766e+01    7.70931e-07     4.417548e-11      -5.919587e-12
1.870671e+01    7.6992e-07      4.388649e-11      -5.864843e-12
1.875576e+01    7.68913e-07     4.360015e-11      -5.811387e-12
1.880480e+01    7.67909e-07     4.331640e-11      -5.758430e-12
1.885385e+01    7.6691e-07      4.303525e-11      -5.706528e-12
1.890290e+01    7.65914e-07     4.275660e-11      -5.655299e-12
1.895195e+01    7.64922e-07     4.248048e-11      -5.604073e-12
1.900100e+01    7.63934e-07     4.220686e-11      -5.553412e-12
1.905005e+01    7.6295e-07      4.193570e-11      -5.503311e-12
1.909910e+01    7.6197e-07      4.166699e-11      -5.454311e-12
1.914815e+01    7.60993e-07     4.140064e-11      -5.405302e-12
1.919720e+01    7.60021e-07     4.113674e-11      -5.357369e-12
1.924625e+01    7.59051e-07     4.087510e-11      -5.309965e-12
1.929530e+01    7.58086e-07     4.061584e-11      -5.262102e-12
1.934434e+01    7.57124e-07     4.035889e-11      -5.215725e-12
1.939339e+01    7.56166e-07     4.010419e-11      -5.169739e-12
1.944244e+01    7.55212e-07     3.985175e-11      -5.124356e-12
1.949149e+01    7.54261e-07     3.960150e-11      -5.079464e-12
1.954054e+01    7.53314e-07     3.935347e-11      -5.035052e-12
1.958959e+01    7.5237e-07      3.910757e-11      -4.991116e-12
1.963864e+01    7.5143e-07      3.886385e-11      -4.947647e-12
1.968769e+01    7.50493e-07     3.862222e-11      -4.904642e-12
1.973674e+01    7.4956e-07      3.838271e-11      -4.861577e-12
1.978579e+01    7.48631e-07     3.814531e-11      -4.819605e-12
1.983483e+01    7.47704e-07     3.790992e-11      -4.777960e-12
1.988388e+01    7.46782e-07     3.767660e-11      -4.737137e-12
1.993293e+01    7.45862e-07     3.744521e-11      -4.696865e-12
1.998198e+01    7.44946e-07     3.721584e-11      -4.656004e-12
2.003103e+01    7.44034e-07     3.698847e-11      -4.616574e-12
2.008008e+01    7.43124e-07     3.676297e-11      -4.577558e-12
2.012913e+01    7.42218e-07     3.653942e-11      -4.537950e-12
2.017818e+01    7.41316e-07     3.631780e-11      -4.499742e-12
2.022723e+01    7.40416e-07     3.609800e-11      -4.461932e-12
2.027628e+01    7.3952e-07      3.588010e-11      -4.423529e-12
2.032533e+01    7.38628e-07     3.566406e-11      -4.386141e-12
2.037437e+01    7.37738e-07     3.544982e-11      -4.349978e-12
2.042342e+01    7.36851e-07     3.523734e-11      -4.313571e-12
2.047247e+01    7.35969e-07     3.502667e-11      -4.277175e-12
2.052152e+01    7.35089e-07     3.481776e-11      -4.241628e-12
2.057057e+01    7.34212e-07     3.461057e-11      -4.205964e-12
2.061962e+01    7.33339e-07     3.440516e-11      -4.171130e-12
2.066867e+01    7.32468e-07     3.420139e-11      -4.137115e-12
2.071772e+01    7.31601e-07     3.399931e-11      -4.102496e-12
2.076677e+01    7.30737e-07     3.379895e-11      -4.068680e-12
2.081582e+01    7.29875e-07     3.360019e-11      -4.034866e-12
2.086486e+01    7.29018e-07     3.340313e-11      -4.001240e-12
2.091391e+01    7.28163e-07     3.320767e-11      -3.969182e-12
2.096296e+01    7.27311e-07     3.301377e-11      -3.936638e-12
2.101201e+01    7.26463e-07     3.282149e-11      -3.904385e-12
2.106106e+01    7.25617e-07     3.263075e-11      -3.872424e-12
2.111011e+01    7.24775e-07     3.244162e-11      -3.840735e-12
2.115916e+01    7.23936e-07     3.225398e-11      -3.809315e-12
2.120821e+01    7.23101e-07     3.206793e-11      -3.778143e-12
2.125726e+01    7.22268e-07     3.188336e-11      -3.747653e-12
2.130631e+01    7.21439e-07     3.170029e-11      -3.716941e-12
2.135536e+01    7.20614e-07     3.151873e-11      -3.686093e-12
2.140440e+01    7.19792e-07     3.133869e-11      -3.655735e-12
2.145345e+01    7.18974e-07     3.116011e-11      -3.626272e-12
2.150250e+01    7.18159e-07     3.098296e-11      -3.596147e-12
2.155155e+01    7.1735e-07      3.080733e-11      -3.566090e-12
2.160060e+01    7.16544e-07     3.063314e-11      -3.536479e-12
2.164965e+01    7.15744e-07     3.046041e-11      -3.506390e-12
2.169870e+01    7.14948e-07     3.028917e-11      -3.476606e-12
2.174775e+01    7.14158e-07     3.011936e-11      -3.446613e-12
2.179680e+01    7.13375e-07     2.995106e-11      -3.415961e-12
2.184585e+01    7.12598e-07     2.978427e-11      -3.384809e-12
2.189489e+01    7.1183e-07      2.961902e-11      -3.353061e-12
2.194394e+01    7.11071e-07     2.945534e-11      -3.321373e-12
2.199299e+01    7.10322e-07     2.929320e-11      -3.288240e-12
2.204204e+01    7.09586e-07     2.913277e-11      -3.253507e-12
2.209109e+01    7.08864e-07     2.897403e-11      -3.217622e-12
2.214014e+01    7.0816e-07      2.881712e-11      -3.179788e-12
2.218919e+01    7.07475e-07     2.866210e-11      -3.139540e-12
2.223824e+01    7.06814e-07     2.850914e-11      -3.095945e-12
2.228729e+01    7.06181e-07     2.835840e-11      -3.049109e-12
2.233634e+01    7.05582e-07     2.821003e-11      -2.998392e-12
2.238539e+01    7.05022e-07     2.806426e-11      -2.940445e-12
2.243443e+01    7.04515e-07     2.792158e-11      -2.877407e-12
2.248348e+01    7.04061e-07     2.778199e-11      -2.807112e-12
2.253253e+01    7.0368e-07      2.764620e-11      -2.725738e-12
2.258158e+01    7.03383e-07     2.751460e-11      -2.633247e-12
2.263063e+01    7.03189e-07     2.738789e-11      -2.526764e-12
2.267968e+01    7.03116e-07     2.726673e-11      -2.403787e-12
2.272873e+01    7.03191e-07     2.715208e-11      -2.260308e-12
2.277778e+01    7.03444e-07     2.704500e-11      -2.093709e-12
2.282683e+01    7.03909e-07     2.694669e-11      -1.901249e-12
2.287588e+01    7.04624e-07     2.685849e-11      -1.668382e-12
2.292492e+01    7.0566e-07      2.678303e-11      -1.402379e-12
2.297397e+01    7.07039e-07     2.672092e-11      -1.099546e-12
2.302302e+01    7.08846e-07     2.667516e-11      -7.431564e-13
2.307207e+01    7.11145e-07     2.664802e-11      -3.393624e-13
2.312112e+01    7.14007e-07     2.664187e-11       1.107756e-13
2.317017e+01    7.17497e-07     2.665888e-11       5.968289e-13
2.321922e+01    7.21661e-07     2.670042e-11       1.093861e-12
2.326827e+01    7.26498e-07     2.676619e-11       1.554702e-12
2.331732e+01    7.31929e-07     2.685293e-11       1.902536e-12
2.336637e+01    7.37746e-07     2.695283e-11       2.029249e-12
2.341542e+01    7.43572e-07     2.705200e-11       1.817482e-12
2.346446e+01    7.48874e-07     2.713112e-11       1.131148e-12
2.351351e+01    7.52891e-07     2.716296e-11      -8.886914e-14
2.356256e+01    7.54906e-07     2.712240e-11      -1.786221e-12
2.361161e+01    7.54289e-07     2.698774e-11      -3.829523e-12
2.366066e+01    7.50662e-07     2.674673e-11      -5.997854e-12
2.370971e+01    7.43988e-07     2.639936e-11      -8.043045e-12
2.375876e+01    7.34571e-07     2.595772e-11      -9.745137e-12
2.380781e+01    7.22992e-07     2.544338e-11      -1.095199e-11
2.385686e+01    7.09995e-07     2.488335e-11      -1.159477e-11
2.390591e+01    6.96375e-07     2.430596e-11      -1.167651e-11
2.395495e+01    6.82893e-07     2.373791e-11      -1.127563e-11
2.400400e+01    6.7015e-07      2.319984e-11      -1.049312e-11
2.405305e+01    6.58642e-07     2.270856e-11      -9.432296e-12
2.410210e+01    6.48692e-07     2.227455e-11      -8.211308e-12
2.415115e+01    6.40472e-07     2.190304e-11      -6.928783e-12
2.420020e+01    6.34027e-07     2.159485e-11      -5.664660e-12
2.424925e+01    6.29304e-07     2.134735e-11      -4.478730e-12
2.429830e+01    6.26174e-07     2.115549e-11      -3.411674e-12
2.434735e+01    6.2446e-07      2.101267e-11      -2.487503e-12
2.439640e+01    6.23959e-07     2.091147e-11      -1.716596e-12
2.444545e+01    6.24457e-07     2.084428e-11      -1.097569e-12
2.449449e+01    6.25748e-07     2.080380e-11      -6.253218e-13
2.454354e+01    6.27626e-07     2.078293e-11      -2.867754e-13
2.459259e+01    6.29917e-07     2.077567e-11      -6.333189e-14
2.464164e+01    6.32464e-07     2.077672e-11       6.091428e-14
2.469069e+01    6.35135e-07     2.078165e-11       1.034756e-13
2.473974e+01    6.37822e-07     2.078687e-11       8.112949e-14
2.478879e+01    6.40438e-07     2.078961e-11       9.309623e-15
2.483784e+01    6.42918e-07     2.078778e-11      -9.826604e-14
2.488689e+01    6.45217e-07     2.077997e-11      -2.297788e-13
2.493594e+01    6.47304e-07     2.076524e-11      -3.749766e-13
2.498498e+01    6.49162e-07     2.074318e-11      -5.266295e-13
2.503403e+01    6.50784e-07     2.071358e-11      -6.784353e-13
2.508308e+01    6.52171e-07     2.067663e-11      -8.249049e-13
2.513213e+01    6.53332e-07     2.063266e-11      -9.630783e-13
2.518118e+01    6.54279e-07     2.058215e-11      -1.090721e-12
2.523023e+01    6.55028e-07     2.052566e-11      -1.206525e-12
2.527928e+01    6.55595e-07     2.046379e-11      -1.309914e-12
2.532833e+01    6.55998e-07     2.039716e-11      -1.400872e-12
2.537738e+01    6.56256e-07     2.032637e-11      -1.479793e-12
2.542643e+01    6.56385e-07     2.025200e-11      -1.547353e-12
2.547548e+01    6.56401e-07     2.017458e-11      -1.604191e-12
2.552452e+01    6.56319e-07     2.009463e-11      -1.651704e-12
2.557357e+01    6.56153e-07     2.001255e-11      -1.690880e-12
2.562262e+01    6.55914e-07     1.992876e-11      -1.722258e-12
2.567167e+01    6.55615e-07     1.984360e-11      -1.747004e-12
2.572072e+01    6.55263e-07     1.975738e-11      -1.765996e-12
2.576977e+01    6.54867e-07     1.967036e-11      -1.780037e-12
2.581882e+01    6.54435e-07     1.958276e-11      -1.789849e-12
2.586787e+01    6.53973e-07     1.949478e-11      -1.796074e-12
2.591692e+01    6.53485e-07     1.940657e-11      -1.799275e-12
2.596597e+01    6.52976e-07     1.931827e-11      -1.799940e-12
2.601502e+01    6.5245e-07      1.923000e-11      -1.798302e-12
2.606406e+01    6.51911e-07     1.914186e-11      -1.795101e-12
2.611311e+01    6.5136e-07      1.905390e-11      -1.790642e-12
2.616216e+01    6.508e-07       1.896620e-11      -1.784803e-12
2.621121e+01    6.50233e-07     1.887882e-11      -1.777993e-12
2.626026e+01    6.4966e-07      1.879179e-11      -1.770395e-12
2.630931e+01    6.49083e-07     1.870515e-11      -1.762162e-12
2.635836e+01    6.48502e-07     1.861892e-11      -1.753419e-12
2.640741e+01    6.47919e-07     1.853314e-11      -1.744272e-12
2.645646e+01    6.47334e-07     1.844781e-11      -1.734808e-12
2.650551e+01    6.46748e-07     1.836296e-11      -1.724923e-12
2.655455e+01    6.46161e-07     1.827860e-11      -1.715030e-12
2.660360e+01    6.45574e-07     1.819472e-11      -1.705176e-12
2.665265e+01    6.44987e-07     1.811133e-11      -1.695047e-12
2.670170e+01    6.444e-07       1.802843e-11      -1.684855e-12
2.675075e+01    6.43814e-07     1.794604e-11      -1.674625e-12
2.679980e+01    6.43229e-07     1.786416e-11      -1.664380e-12
2.684885e+01    6.42644e-07     1.778277e-11      -1.654138e-12
2.689790e+01    6.42061e-07     1.770189e-11      -1.643912e-12
2.694695e+01    6.41479e-07     1.762151e-11      -1.633715e-12
2.699600e+01    6.40898e-07     1.754163e-11      -1.623556e-12
2.704505e+01    6.40318e-07     1.746224e-11      -1.613280e-12
2.709409e+01    6.39739e-07     1.738337e-11      -1.603220e-12
2.714314e+01    6.39162e-07     1.730497e-11      -1.593380e-12
2.719219e+01    6.38586e-07     1.722706e-11      -1.583437e-12
2.724124e+01    6.38012e-07     1.714963e-11      -1.573557e-12
2.729029e+01    6.37439e-07     1.707269e-11      -1.563744e-12
2.733934e+01    6.36867e-07     1.699623e-11      -1.553998e-12
2.738839e+01    6.36297e-07     1.692025e-11      -1.544321e-12
2.743744e+01    6.35728e-07     1.684474e-11      -1.534715e-12
2.748649e+01    6.35161e-07     1.676970e-11      -1.525179e-12
2.753554e+01    6.34595e-07     1.669512e-11      -1.515561e-12
2.758458e+01    6.34031e-07     1.662102e-11      -1.506169e-12
2.763363e+01    6.33468e-07     1.654737e-11      -1.497001e-12
2.768268e+01    6.32907e-07     1.647417e-11      -1.487751e-12
2.773173e+01    6.32347e-07     1.640142e-11      -1.478571e-12
2.778078e+01    6.31789e-07     1.632913e-11      -1.469463e-12
2.782983e+01    6.31232e-07     1.625727e-11      -1.460425e-12
2.787888e+01    6.30676e-07     1.618586e-11      -1.451458e-12
2.792793e+01    6.30122e-07     1.611489e-11      -1.442560e-12
2.797698e+01    6.2957e-07      1.604435e-11      -1.433731e-12
2.802603e+01    6.29018e-07     1.597424e-11      -1.424971e-12
2.807508e+01    6.28469e-07     1.590456e-11      -1.416136e-12
2.812412e+01    6.27921e-07     1.583532e-11      -1.407513e-12
2.817317e+01    6.27374e-07     1.576649e-11      -1.399100e-12
2.822222e+01    6.26828e-07     1.569807e-11      -1.390610e-12
2.827127e+01    6.26284e-07     1.563007e-11      -1.382185e-12
2.832032e+01    6.25742e-07     1.556248e-11      -1.373826e-12
2.836937e+01    6.25201e-07     1.549530e-11      -1.365531e-12
2.841842e+01    6.24661e-07     1.542853e-11      -1.357300e-12
2.846747e+01    6.24122e-07     1.536215e-11      -1.349133e-12
2.851652e+01    6.23585e-07     1.529618e-11      -1.341028e-12
2.856557e+01    6.2305e-07      1.523060e-11      -1.332851e-12
2.861461e+01    6.22516e-07     1.516543e-11      -1.324872e-12
2.866366e+01    6.21983e-07     1.510063e-11      -1.317088e-12
2.871271e+01    6.21451e-07     1.503623e-11      -1.309230e-12
2.876176e+01    6.20921e-07     1.497220e-11      -1.301431e-12
2.881081e+01    6.20392e-07     1.490856e-11      -1.293692e-12
2.885986e+01    6.19865e-07     1.484529e-11      -1.286013e-12
2.890891e+01    6.19339e-07     1.478240e-11      -1.278391e-12
2.895796e+01    6.18814e-07     1.471988e-11      -1.270828e-12
2.900701e+01    6.18291e-07     1.465774e-11      -1.263322e-12
2.905606e+01    6.17769e-07     1.459595e-11      -1.255873e-12
2.910511e+01    6.17248e-07     1.453454e-11      -1.248355e-12
2.915415e+01    6.16729e-07     1.447349e-11      -1.241019e-12
2.920320e+01    6.1621e-07      1.441280e-11      -1.233865e-12
2.925225e+01    6.15694e-07     1.435245e-11      -1.226639e-12
2.930130e+01    6.15178e-07     1.429246e-11      -1.219468e-12
2.935035e+01    6.14664e-07     1.423283e-11      -1.212350e-12
2.939940e+01    6.14151e-07     1.417354e-11      -1.205286e-12
2.944845e+01    6.13639e-07     1.411459e-11      -1.198275e-12
2.949750e+01    6.13129e-07     1.405599e-11      -1.191316e-12
2.954655e+01    6.1262e-07      1.399772e-11      -1.184409e-12
2.959560e+01    6.12112e-07     1.393980e-11      -1.177435e-12
2.964464e+01    6.11605e-07     1.388222e-11      -1.170631e-12
2.969369e+01    6.111e-07       1.382496e-11      -1.163997e-12
2.974274e+01    6.10596e-07     1.376803e-11      -1.157292e-12
2.979179e+01    6.10093e-07     1.371143e-11      -1.150638e-12
2.984084e+01    6.09591e-07     1.365516e-11      -1.144032e-12
2.988989e+01    6.09091e-07     1.359921e-11      -1.137475e-12
2.993894e+01    6.08592e-07     1.354357e-11      -1.130966e-12
2.998799e+01    6.08094e-07     1.348826e-11      -1.124504e-12
3.003704e+01    6.07597e-07     1.343326e-11      -1.118090e-12
3.008609e+01    6.07102e-07     1.337858e-11      -1.111723e-12
3.013514e+01    6.06607e-07     1.332421e-11      -1.105290e-12
3.018418e+01    6.06114e-07     1.327015e-11      -1.099016e-12
3.023323e+01    6.05622e-07     1.321639e-11      -1.092899e-12
3.028228e+01    6.05132e-07     1.316294e-11      -1.086715e-12
3.033133e+01    6.04642e-07     1.310979e-11      -1.080577e-12
3.038038e+01    6.04154e-07     1.305694e-11      -1.074482e-12
3.042943e+01    6.03667e-07     1.300438e-11      -1.068432e-12
3.047848e+01    6.03181e-07     1.295213e-11      -1.062426e-12
3.052753e+01    6.02696e-07     1.290016e-11      -1.056463e-12
3.057658e+01    6.02213e-07     1.284849e-11      -1.050543e-12
3.062563e+01    6.0173e-07      1.279711e-11      -1.044561e-12
3.067467e+01    6.01249e-07     1.274602e-11      -1.038726e-12
3.072372e+01    6.00769e-07     1.269521e-11      -1.033040e-12
3.077277e+01    6.0029e-07      1.264468e-11      -1.027289e-12
3.082182e+01    5.99812e-07     1.259443e-11      -1.021578e-12
3.087087e+01    5.99335e-07     1.254447e-11      -1.015909e-12
3.091992e+01    5.9886e-07      1.249478e-11      -1.010280e-12
3.096897e+01    5.98385e-07     1.244536e-11      -1.004691e-12
3.101802e+01    5.97912e-07     1.239622e-11      -9.991412e-13
3.106707e+01    5.9744e-07      1.234735e-11      -9.936310e-13
3.111612e+01    5.96969e-07     1.229874e-11      -9.881597e-13
3.116517e+01    5.96499e-07     1.225041e-11      -9.826274e-13
3.121421e+01    5.9603e-07      1.220235e-11      -9.772336e-13
3.126326e+01    5.95562e-07     1.215454e-11      -9.719773e-13
3.131231e+01    5.95096e-07     1.210700e-11      -9.666584e-13
3.136136e+01    5.9463e-07      1.205972e-11      -9.613769e-13
3.141041e+01    5.94166e-07     1.201269e-11      -9.561324e-13
3.145946e+01    5.93702e-07     1.196592e-11      -9.509246e-13
3.150851e+01    5.9324e-07      1.191941e-11      -9.457532e-13
3.155756e+01    5.92779e-07     1.187315e-11      -9.406180e-13
3.160661e+01    5.92319e-07     1.182713e-11      -9.355185e-13
3.165566e+01    5.91859e-07     1.178137e-11      -9.303603e-13
3.170470e+01    5.91402e-07     1.173587e-11      -9.253321e-13
3.175375e+01    5.90945e-07     1.169060e-11      -9.204332e-13
3.180280e+01    5.90489e-07     1.164558e-11      -9.154741e-13
3.185185e+01    5.90034e-07     1.160079e-11      -9.105493e-13
3.190090e+01    5.8958e-07      1.155625e-11      -9.056586e-13
3.194995e+01    5.89127e-07     1.151195e-11      -9.008016e-13
3.199900e+01    5.88676e-07     1.146789e-11      -8.959781e-13
3.204805e+01    5.88225e-07     1.142406e-11      -8.911878e-13
3.209710e+01    5.87775e-07     1.138046e-11      -8.864303e-13
3.214615e+01    5.87327e-07     1.133710e-11      -8.817055e-13
3.219520e+01    5.86879e-07     1.129397e-11      -8.769241e-13
3.224424e+01    5.86433e-07     1.125107e-11      -8.722642e-13
3.229329e+01    5.85987e-07     1.120840e-11      -8.677250e-13
3.234234e+01    5.85543e-07     1.116595e-11      -8.631280e-13
3.239139e+01    5.85099e-07     1.112373e-11      -8.585623e-13
3.244044e+01    5.84657e-07     1.108173e-11      -8.540275e-13
3.248949e+01    5.84215e-07     1.103995e-11      -8.495235e-13
3.253854e+01    5.83775e-07     1.099839e-11      -8.450500e-13
3.258759e+01    5.83335e-07     1.095705e-11      -8.406068e-13
3.263664e+01    5.82897e-07     1.091593e-11      -8.361935e-13
3.268569e+01    5.82459e-07     1.087502e-11      -8.317256e-13
3.273473e+01    5.82023e-07     1.083434e-11      -8.273720e-13
3.278378e+01    5.81587e-07     1.079386e-11      -8.231319e-13
3.283283e+01    5.81153e-07     1.075359e-11      -8.188361e-13
3.288188e+01    5.80719e-07     1.071353e-11      -8.145690e-13
3.293093e+01    5.80286e-07     1.067368e-11      -8.103305e-13
3.297998e+01    5.79855e-07     1.063404e-11      -8.061202e-13
3.302903e+01    5.79424e-07     1.059461e-11      -8.019380e-13
3.307808e+01    5.78994e-07     1.055537e-11      -7.977836e-13
3.312713e+01    5.78565e-07     1.051634e-11      -7.936568e-13
3.317618e+01    5.78137e-07     1.047752e-11      -7.895574e-13
3.322523e+01    5.7771e-07      1.043889e-11      -7.854055e-13
3.327427e+01    5.77285e-07     1.040047e-11      -7.813606e-13
3.332332e+01    5.7686e-07      1.036224e-11      -7.774220e-13
3.337237e+01    5.76436e-07     1.032421e-11      -7.734299e-13
3.342142e+01    5.76012e-07     1.028637e-11      -7.694641e-13
3.347047e+01    5.7559e-07      1.024872e-11      -7.655244e-13
3.351952e+01    5.75169e-07     1.021127e-11      -7.616106e-13
3.356857e+01    5.74748e-07     1.017401e-11      -7.577225e-13
3.361762e+01    5.74329e-07     1.013694e-11      -7.538599e-13
3.366667e+01    5.7391e-07      1.010006e-11      -7.500226e-13
3.371572e+01    5.73493e-07     1.006337e-11      -7.461347e-13
3.376476e+01    5.73076e-07     1.002686e-11      -7.423478e-13
3.381381e+01    5.7266e-07      9.990542e-12      -7.386613e-13
3.386286e+01    5.72246e-07     9.954403e-12      -7.349232e-13
3.391191e+01    5.71832e-07     9.918448e-12      -7.312095e-13
3.396096e+01    5.71418e-07     9.882673e-12      -7.275199e-13
3.401001e+01    5.71006e-07     9.847079e-12      -7.238542e-13
3.405906e+01    5.70595e-07     9.811664e-12      -7.202123e-13
3.410811e+01    5.70185e-07     9.776428e-12      -7.165939e-13
3.415716e+01    5.69775e-07     9.741368e-12      -7.129989e-13
3.420621e+01    5.69366e-07     9.706484e-12      -7.094270e-13
3.425526e+01    5.68959e-07     9.671775e-12      -7.058065e-13
3.430430e+01    5.68552e-07     9.637246e-12      -7.022807e-13
3.435335e+01    5.68146e-07     9.602882e-12      -6.988492e-13
3.440240e+01    5.67741e-07     9.568690e-12      -6.953680e-13
3.445145e+01    5.67336e-07     9.534668e-12      -6.919091e-13
3.450050e+01    5.66933e-07     9.500815e-12      -6.884723e-13
3.454955e+01    5.6653e-07      9.467130e-12      -6.850574e-13
3.459860e+01    5.66128e-07     9.433612e-12      -6.816642e-13
3.464765e+01    5.65728e-07     9.400260e-12      -6.782925e-13
3.469670e+01    5.65328e-07     9.367073e-12      -6.749422e-13
3.474575e+01    5.64928e-07     9.334050e-12      -6.715451e-13
3.479479e+01    5.6453e-07      9.301196e-12      -6.682375e-13
3.484384e+01    5.64133e-07     9.268497e-12      -6.650190e-13
3.489289e+01    5.63736e-07     9.235958e-12      -6.617527e-13
3.494194e+01    5.6334e-07      9.203580e-12      -6.585071e-13
3.499099e+01    5.62945e-07     9.171360e-12      -6.552819e-13
3.504004e+01    5.62551e-07     9.139298e-12      -6.520770e-13
3.508909e+01    5.62158e-07     9.107393e-12      -6.488923e-13
3.513814e+01    5.61765e-07     9.075643e-12      -6.457276e-13
3.518719e+01    5.61374e-07     9.044048e-12      -6.425826e-13
3.523624e+01    5.60983e-07     9.012607e-12      -6.394574e-13
3.528529e+01    5.60593e-07     8.981318e-12      -6.362872e-13
3.533433e+01    5.60204e-07     8.950188e-12      -6.332012e-13
3.538338e+01    5.59815e-07     8.919203e-12      -6.301989e-13
3.543243e+01    5.59427e-07     8.888367e-12      -6.271509e-13
3.548148e+01    5.59041e-07     8.857680e-12      -6.241218e-13
3.553053e+01    5.58655e-07     8.827142e-12      -6.211115e-13
3.557958e+01    5.58269e-07     8.796750e-12      -6.181199e-13
3.562863e+01    5.57885e-07     8.766505e-12      -6.151468e-13
3.567768e+01    5.57501e-07     8.736406e-12      -6.121920e-13
3.572673e+01    5.57119e-07     8.706451e-12      -6.092554e-13
3.577578e+01    5.56736e-07     8.676639e-12      -6.062754e-13
3.582482e+01    5.56355e-07     8.646976e-12      -6.033751e-13
3.587387e+01    5.55975e-07     8.617449e-12      -6.005540e-13
3.592292e+01    5.55595e-07     8.588063e-12      -5.976889e-13
3.597197e+01    5.55216e-07     8.558817e-12      -5.948412e-13
3.602102e+01    5.54838e-07     8.529710e-12      -5.920109e-13
3.607007e+01    5.54461e-07     8.500742e-12      -5.891978e-13
3.611912e+01    5.54084e-07     8.471911e-12      -5.864018e-13
3.616817e+01    5.53708e-07     8.443217e-12      -5.836229e-13
3.621722e+01    5.53333e-07     8.414659e-12      -5.808607e-13
3.626627e+01    5.52959e-07     8.386235e-12      -5.781154e-13
3.631532e+01    5.52585e-07     8.357947e-12      -5.753283e-13
3.636436e+01    5.52213e-07     8.329797e-12      -5.726164e-13
3.641341e+01    5.5184e-07      8.301774e-12      -5.699793e-13
3.646246e+01    5.51469e-07     8.273883e-12      -5.672998e-13
3.651151e+01    5.51099e-07     8.246123e-12      -5.646366e-13
3.656056e+01    5.50729e-07     8.218493e-12      -5.619894e-13
3.660961e+01    5.5036e-07      8.190993e-12      -5.593583e-13
3.665866e+01    5.49991e-07     8.163621e-12      -5.567431e-13
3.670771e+01    5.49624e-07     8.136377e-12      -5.541436e-13
3.675676e+01    5.49257e-07     8.109261e-12      -5.515598e-13
3.680581e+01    5.48891e-07     8.082270e-12      -5.489358e-13
3.685485e+01    5.48526e-07     8.055411e-12      -5.463832e-13
3.690390e+01    5.48161e-07     8.028671e-12      -5.439017e-13
3.695295e+01    5.47797e-07     8.002056e-12      -5.413793e-13
3.700200e+01    5.47434e-07     7.975563e-12      -5.388720e-13
3.705105e+01    5.47071e-07     7.949193e-12      -5.363797e-13
3.710010e+01    5.4671e-07      7.922945e-12      -5.339021e-13
3.714915e+01    5.46349e-07     7.896818e-12      -5.314393e-13
3.719820e+01    5.45988e-07     7.870812e-12      -5.289910e-13
3.724725e+01    5.45629e-07     7.844925e-12      -5.265573e-13
3.729630e+01    5.4527e-07      7.819158e-12      -5.241378e-13
3.734535e+01    5.44912e-07     7.793508e-12      -5.216797e-13
3.739439e+01    5.44554e-07     7.767982e-12      -5.192888e-13
3.744344e+01    5.44197e-07     7.742567e-12      -5.169649e-13
3.749249e+01    5.43841e-07     7.717269e-12      -5.146017e-13
3.754154e+01    5.43486e-07     7.692086e-12      -5.122524e-13
3.759059e+01    5.43131e-07     7.667018e-12      -5.099168e-13
3.763964e+01    5.42777e-07     7.642064e-12      -5.075948e-13
3.768869e+01    5.42424e-07     7.617224e-12      -5.052864e-13
3.773774e+01    5.42071e-07     7.592496e-12      -5.029914e-13
3.778679e+01    5.41719e-07     7.567881e-12      -5.007098e-13
3.783584e+01    5.41368e-07     7.543378e-12      -4.983910e-13
3.788488e+01    5.41017e-07     7.518990e-12      -4.961361e-13
3.793393e+01    5.40668e-07     7.494708e-12      -4.939449e-13
3.798298e+01    5.40318e-07     7.470535e-12      -4.917160e-13
3.803203e+01    5.3997e-07      7.446471e-12      -4.895000e-13
3.808108e+01    5.39622e-07     7.422516e-12      -4.872969e-13
3.813013e+01    5.39275e-07     7.398668e-12      -4.851065e-13
3.817918e+01    5.38928e-07     7.374928e-12      -4.829287e-13
3.822823e+01    5.38582e-07     7.351294e-12      -4.807635e-13
3.827728e+01    5.38237e-07     7.327766e-12      -4.786108e-13
3.832633e+01    5.37893e-07     7.304343e-12      -4.764704e-13
3.837538e+01    5.37549e-07     7.281025e-12      -4.742941e-13
3.842442e+01    5.37206e-07     7.257816e-12      -4.721784e-13
3.847347e+01    5.36863e-07     7.234705e-12      -4.701228e-13
3.852252e+01    5.36521e-07     7.211698e-12      -4.680309e-13
3.857157e+01    5.3618e-07      7.188792e-12      -4.659509e-13
3.862062e+01    5.35839e-07     7.165989e-12      -4.638827e-13
3.866967e+01    5.35499e-07     7.143286e-12      -4.618262e-13
3.871872e+01    5.3516e-07      7.120684e-12      -4.597813e-13
3.876777e+01    5.34821e-07     7.098183e-12      -4.577481e-13
3.881682e+01    5.34483e-07     7.075780e-12      -4.557264e-13
3.886587e+01    5.34146e-07     7.053477e-12      -4.536701e-13
3.891491e+01    5.33809e-07     7.031276e-12      -4.516714e-13
3.896396e+01    5.33473e-07     7.009169e-12      -4.497301e-13
3.901301e+01    5.33138e-07     6.987158e-12      -4.477538e-13
3.906206e+01    5.32803e-07     6.965245e-12      -4.457887e-13
3.911111e+01    5.32469e-07     6.943427e-12      -4.438348e-13
3.916016e+01    5.32135e-07     6.921705e-12      -4.418919e-13
3.920921e+01    5.31802e-07     6.900079e-12      -4.399599e-13
3.925826e+01    5.3147e-07      6.878546e-12      -4.380389e-13
3.930731e+01    5.31138e-07     6.857108e-12      -4.361288e-13
3.935636e+01    5.30807e-07     6.835763e-12      -4.342294e-13
3.940541e+01    5.30477e-07     6.814511e-12      -4.322967e-13
3.945445e+01    5.30147e-07     6.793355e-12      -4.304188e-13
3.950350e+01    5.29818e-07     6.772287e-12      -4.285952e-13
3.955255e+01    5.29489e-07     6.751311e-12      -4.267381e-13
3.960160e+01    5.29161e-07     6.730425e-12      -4.248912e-13
3.965065e+01    5.28834e-07     6.709630e-12      -4.230547e-13
3.969970e+01    5.28507e-07     6.688924e-12      -4.212283e-13
3.974875e+01    5.28181e-07     6.668308e-12      -4.194121e-13
3.979780e+01    5.27855e-07     6.647781e-12      -4.176059e-13
3.984685e+01    5.2753e-07      6.627342e-12      -4.158098e-13
3.989590e+01    5.27206e-07     6.606991e-12      -4.139815e-13
3.994494e+01    5.26882e-07     6.586731e-12      -4.122053e-13
3.999399e+01    5.26559e-07     6.566554e-12      -4.104808e-13
4.004304e+01    5.26236e-07     6.546464e-12      -4.087239e-13
4.009209e+01    5.25914e-07     6.526459e-12      -4.069767e-13
4.014114e+01    5.25593e-07     6.506540e-12      -4.052390e-13
4.019019e+01    5.25272e-07     6.486706e-12      -4.035109e-13
4.023924e+01    5.24952e-07     6.466956e-12      -4.017923e-13
4.028829e+01    5.24632e-07     6.447291e-12      -4.000830e-13
4.033734e+01    5.24313e-07     6.427709e-12      -3.983830e-13
4.038639e+01    5.23995e-07     6.408210e-12      -3.966924e-13
4.043544e+01    5.23677e-07     6.388794e-12      -3.949708e-13
4.048448e+01    5.23359e-07     6.369464e-12      -3.932986e-13
4.053353e+01    5.23043e-07     6.350212e-12      -3.916755e-13
4.058258e+01    5.22726e-07     6.331042e-12      -3.900212e-13
4.063163e+01    5.22411e-07     6.311952e-12      -3.883758e-13
4.068068e+01    5.22096e-07     6.292943e-12      -3.867393e-13
4.072973e+01    5.21781e-07     6.274014e-12      -3.851115e-13
4.077878e+01    5.21467e-07     6.255164e-12      -3.834925e-13
4.082783e+01    5.21154e-07     6.236394e-12      -3.818822e-13
4.087688e+01    5.20841e-07     6.217702e-12      -3.802806e-13
4.092593e+01    5.20529e-07     6.199089e-12      -3.786490e-13
4.097497e+01    5.20217e-07     6.180557e-12      -3.770646e-13
4.102402e+01    5.19906e-07     6.162100e-12      -3.755272e-13
4.107307e+01    5.19596e-07     6.143719e-12      -3.739596e-13
4.112212e+01    5.19286e-07     6.125415e-12      -3.724003e-13
4.117117e+01    5.18976e-07     6.107187e-12      -3.708494e-13
4.122022e+01    5.18667e-07     6.089035e-12      -3.693069e-13
4.126927e+01    5.18359e-07     6.070959e-12      -3.677725e-13
4.131832e+01    5.18051e-07     6.052958e-12      -3.662464e-13
4.136737e+01    5.17744e-07     6.035031e-12      -3.647285e-13
4.141642e+01    5.17438e-07     6.017178e-12      -3.632187e-13
4.146547e+01    5.17131e-07     5.999400e-12      -3.616802e-13
4.151451e+01    5.16826e-07     5.981698e-12      -3.601866e-13
4.156356e+01    5.16521e-07     5.964066e-12      -3.587378e-13
4.161261e+01    5.16216e-07     5.946507e-12      -3.572599e-13
4.166166e+01    5.15912e-07     5.929020e-12      -3.557900e-13
4.171071e+01    5.15609e-07     5.911604e-12      -3.543279e-13
4.175976e+01    5.15306e-07     5.894261e-12      -3.528735e-13
4.180881e+01    5.15004e-07     5.876988e-12      -3.514269e-13
4.185786e+01    5.14702e-07     5.859786e-12      -3.499879e-13
4.190691e+01    5.14401e-07     5.842655e-12      -3.485565e-13
4.195596e+01    5.141e-07       5.825594e-12      -3.471326e-13
4.200501e+01    5.138e-07       5.808602e-12      -3.456811e-13
4.205405e+01    5.135e-07       5.791683e-12      -3.442723e-13
4.210310e+01    5.13201e-07     5.774830e-12      -3.429059e-13
4.215215e+01    5.12902e-07     5.758045e-12      -3.415116e-13
4.220120e+01    5.12604e-07     5.741328e-12      -3.401245e-13
4.225025e+01    5.12306e-07     5.724679e-12      -3.387446e-13
4.229930e+01    5.12009e-07     5.708098e-12      -3.373719e-13
4.234835e+01    5.11713e-07     5.691584e-12      -3.360063e-13
4.239740e+01    5.11416e-07     5.675136e-12      -3.346478e-13
4.244645e+01    5.11121e-07     5.658755e-12      -3.332963e-13
4.249550e+01    5.10826e-07     5.642440e-12      -3.319181e-13
4.254454e+01    5.10531e-07     5.626195e-12      -3.305807e-13
4.259359e+01    5.10237e-07     5.610011e-12      -3.292840e-13
4.264264e+01    5.09944e-07     5.593893e-12      -3.279602e-13
4.269169e+01    5.09651e-07     5.577839e-12      -3.266434e-13
4.274074e+01    5.09358e-07     5.561849e-12      -3.253333e-13
4.278979e+01    5.09066e-07     5.545924e-12      -3.240300e-13
4.283884e+01    5.08775e-07     5.530063e-12      -3.227333e-13
4.288789e+01    5.08484e-07     5.514265e-12      -3.214434e-13
4.293694e+01    5.08193e-07     5.498530e-12      -3.201601e-13
4.298599e+01    5.07903e-07     5.482858e-12      -3.188833e-13
4.303504e+01    5.07613e-07     5.467248e-12      -3.175808e-13
4.308408e+01    5.07324e-07     5.451703e-12      -3.163172e-13
4.313313e+01    5.07036e-07     5.436218e-12      -3.150923e-13
4.318218e+01    5.06748e-07     5.420794e-12      -3.138414e-13
4.323123e+01    5.0646e-07      5.405431e-12      -3.125968e-13
4.328028e+01    5.06173e-07     5.390128e-12      -3.113585e-13
4.332933e+01    5.05887e-07     5.374887e-12      -3.101265e-13
4.337838e+01    5.05601e-07     5.359706e-12      -3.089008e-13
4.342743e+01    5.05315e-07     5.344584e-12      -3.076812e-13
4.347648e+01    5.0503e-07      5.329523e-12      -3.064677e-13
4.352553e+01    5.04745e-07     5.314520e-12      -3.052294e-13
4.357457e+01    5.04461e-07     5.299580e-12      -3.040283e-13
4.362362e+01    5.04177e-07     5.284696e-12      -3.028643e-13
4.367267e+01    5.03894e-07     5.269870e-12      -3.016752e-13
4.372172e+01    5.03611e-07     5.255102e-12      -3.004920e-13
4.377077e+01    5.03329e-07     5.240392e-12      -2.993149e-13
4.381982e+01    5.03047e-07     5.225740e-12      -2.981436e-13
4.386887e+01    5.02766e-07     5.211145e-12      -2.969783e-13
4.391792e+01    5.02485e-07     5.196607e-12      -2.958189e-13
4.396697e+01    5.02205e-07     5.182125e-12      -2.946654e-13
4.401602e+01    5.01925e-07     5.167701e-12      -2.935177e-13
4.406507e+01    5.01646e-07     5.153332e-12      -2.923461e-13
4.411411e+01    5.01367e-07     5.139022e-12      -2.912101e-13
4.416316e+01    5.01088e-07     5.124765e-12      -2.901095e-13
4.421221e+01    5.0081e-07      5.110563e-12      -2.889847e-13
4.426126e+01    5.00533e-07     5.096416e-12      -2.878657e-13
4.431031e+01    5.00255e-07     5.082324e-12      -2.867522e-13
4.435936e+01    4.99979e-07     5.068286e-12      -2.856442e-13
4.440841e+01    4.99703e-07     5.054303e-12      -2.845418e-13
4.445746e+01    4.99427e-07     5.040373e-12      -2.834449e-13
4.450651e+01    4.99152e-07     5.026497e-12      -2.823534e-13
4.455556e+01    4.98877e-07     5.012675e-12      -2.812387e-13
4.460460e+01    4.98602e-07     4.998908e-12      -2.801580e-13
4.465365e+01    4.98329e-07     4.985192e-12      -2.791111e-13
4.470270e+01    4.98055e-07     4.971528e-12      -2.780409e-13
4.475175e+01    4.97782e-07     4.957917e-12      -2.769759e-13
4.480080e+01    4.97509e-07     4.944357e-12      -2.759160e-13
4.484985e+01    4.97237e-07     4.930850e-12      -2.748614e-13
4.489890e+01    4.96966e-07     4.917394e-12      -2.738118e-13
4.494795e+01    4.96694e-07     4.903989e-12      -2.727674e-13
4.499700e+01    4.96424e-07     4.890636e-12      -2.717280e-13
4.504605e+01    4.96153e-07     4.877333e-12      -2.706937e-13
4.509510e+01    4.95883e-07     4.864081e-12      -2.696370e-13
4.514414e+01    4.95614e-07     4.850882e-12      -2.686128e-13
4.519319e+01    4.95345e-07     4.837731e-12      -2.676210e-13
4.524224e+01    4.95076e-07     4.824629e-12      -2.666066e-13
4.529129e+01    4.94808e-07     4.811577e-12      -2.655972e-13
4.534034e+01    4.9454e-07      4.798575e-12      -2.645926e-13
4.538939e+01    4.94273e-07     4.785621e-12      -2.635929e-13
4.543844e+01    4.94006e-07     4.772717e-12      -2.625981e-13
4.548749e+01    4.9374e-07      4.759861e-12      -2.616080e-13
4.553654e+01    4.93474e-07     4.747053e-12      -2.606228e-13
4.558559e+01    4.93208e-07     4.734294e-12      -2.596160e-13
4.563463e+01    4.92943e-07     4.721586e-12      -2.586403e-13
4.568368e+01    4.92678e-07     4.708922e-12      -2.576958e-13
4.573273e+01    4.92414e-07     4.696306e-12      -2.567295e-13
4.578178e+01    4.9215e-07      4.683737e-12      -2.557678e-13
4.583083e+01    4.91887e-07     4.671216e-12      -2.548108e-13
4.587988e+01    4.91624e-07     4.658741e-12      -2.538584e-13
4.592893e+01    4.91361e-07     4.646313e-12      -2.529106e-13
4.597798e+01    4.91099e-07     4.633931e-12      -2.519674e-13
4.602703e+01    4.90838e-07     4.621595e-12      -2.510288e-13
4.607608e+01    4.90576e-07     4.609306e-12      -2.500946e-13
4.612513e+01    4.90315e-07     4.597061e-12      -2.491397e-13
4.617417e+01    4.90055e-07     4.584865e-12      -2.482146e-13
4.622322e+01    4.89795e-07     4.572712e-12      -2.473194e-13
4.627227e+01    4.89535e-07     4.560604e-12      -2.464031e-13
4.632132e+01    4.89276e-07     4.548540e-12      -2.454912e-13
4.637037e+01    4.89017e-07     4.536522e-12      -2.445837e-13
4.641942e+01    4.88759e-07     4.524547e-12      -2.436806e-13
4.646847e+01    4.88501e-07     4.512617e-12      -2.427818e-13
4.651752e+01    4.88243e-07     4.500731e-12      -2.418872e-13
4.656657e+01    4.87986e-07     4.488888e-12      -2.409969e-13
4.661562e+01    4.87729e-07     4.477089e-12      -2.400864e-13
4.666466e+01    4.87473e-07     4.465336e-12      -2.392046e-13
4.671371e+01    4.87217e-07     4.453624e-12      -2.383513e-13
4.676276e+01    4.86961e-07     4.441955e-12      -2.374777e-13
4.681181e+01    4.86706e-07     4.430328e-12      -2.366082e-13
4.686086e+01    4.86451e-07     4.418744e-12      -2.357428e-13
4.690991e+01    4.86197e-07     4.407202e-12      -2.348814e-13
4.695896e+01    4.85943e-07     4.395702e-12      -2.340240e-13
4.700801e+01    4.85689e-07     4.384245e-12      -2.331706e-13
4.705706e+01    4.85436e-07     4.372829e-12      -2.323212e-13
4.710611e+01    4.85183e-07     4.361454e-12      -2.314757e-13
4.715516e+01    4.84931e-07     4.350121e-12      -2.306108e-13
4.720420e+01    4.84679e-07     4.338832e-12      -2.297733e-13
4.725325e+01    4.84427e-07     4.327581e-12      -2.289630e-13
4.730230e+01    4.84176e-07     4.316371e-12      -2.281332e-13
4.735135e+01    4.83925e-07     4.305202e-12      -2.273072e-13
4.740040e+01    4.83675e-07     4.294073e-12      -2.264850e-13
4.744945e+01    4.83425e-07     4.282984e-12      -2.256666e-13
4.749850e+01    4.83175e-07     4.271935e-12      -2.248520e-13
4.754755e+01    4.82926e-07     4.260926e-12      -2.240411e-13
4.759660e+01    4.82677e-07     4.249957e-12      -2.232340e-13
4.764565e+01    4.82428e-07     4.239027e-12      -2.224081e-13
4.769469e+01    4.8218e-07      4.228139e-12      -2.216085e-13
4.774374e+01    4.81932e-07     4.217288e-12      -2.208352e-13
4.779279e+01    4.81685e-07     4.206476e-12      -2.200429e-13
4.784184e+01    4.81438e-07     4.195702e-12      -2.192543e-13
4.789089e+01    4.81191e-07     4.184967e-12      -2.184693e-13
4.793994e+01    4.80945e-07     4.174271e-12      -2.176880e-13
4.798899e+01    4.80699e-07     4.163613e-12      -2.169102e-13
4.803804e+01    4.80454e-07     4.152992e-12      -2.161360e-13
4.808709e+01    4.80209e-07     4.142410e-12      -2.153654e-13
4.813614e+01    4.79964e-07     4.131865e-12      -2.145983e-13
4.818519e+01    4.7972e-07      4.121358e-12      -2.138129e-13
4.823423e+01    4.79476e-07     4.110891e-12      -2.130529e-13
4.828328e+01    4.79232e-07     4.100458e-12      -2.123180e-13
4.833233e+01    4.78989e-07     4.090063e-12      -2.115648e-13
4.838138e+01    4.78746e-07     4.079704e-12      -2.108150e-13
4.843043e+01    4.78503e-07     4.069382e-12      -2.100685e-13
4.847948e+01    4.78261e-07     4.059097e-12      -2.093255e-13
4.852853e+01    4.7802e-07      4.048848e-12      -2.085858e-13
4.857758e+01    4.77778e-07     4.038635e-12      -2.078494e-13
4.862663e+01    4.77537e-07     4.028458e-12      -2.071163e-13
4.867568e+01    4.77296e-07     4.018317e-12      -2.063657e-13
4.872472e+01    4.77056e-07     4.008214e-12      -2.056393e-13
4.877377e+01    4.76816e-07     3.998144e-12      -2.049372e-13
4.882282e+01    4.76577e-07     3.988110e-12      -2.042174e-13
4.887187e+01    4.76337e-07     3.978111e-12      -2.035008e-13
4.892092e+01    4.76099e-07     3.968147e-12      -2.027875e-13
4.896997e+01    4.7586e-07      3.958218e-12      -2.020775e-13
4.901902e+01    4.75622e-07     3.948324e-12      -2.013706e-13
4.906807e+01    4.75384e-07     3.938464e-12      -2.006670e-13
4.911712e+01    4.75147e-07     3.928639e-12      -1.999666e-13
4.916617e+01    4.7491e-07      3.918848e-12      -1.992693e-13
4.921522e+01    4.74673e-07     3.909091e-12      -1.985550e-13
4.926426e+01    4.74437e-07     3.899370e-12      -1.978641e-13
4.931331e+01    4.74201e-07     3.889681e-12      -1.971964e-13
4.936236e+01    4.73965e-07     3.880025e-12      -1.965116e-13
4.941141e+01    4.7373e-07      3.870403e-12      -1.958298e-13
4.946046e+01    4.73495e-07     3.860815e-12      -1.951510e-13
4.950951e+01    4.7326e-07      3.851259e-12      -1.944753e-13
4.955856e+01    4.73026e-07     3.841737e-12      -1.938025e-13
4.960761e+01    4.72792e-07     3.832248e-12      -1.931327e-13
4.965666e+01    4.72558e-07     3.822791e-12      -1.924658e-13
4.970571e+01    4.72325e-07     3.813367e-12      -1.917824e-13
4.975475e+01    4.72092e-07     3.803978e-12      -1.911215e-13
4.980380e+01    4.7186e-07      3.794618e-12      -1.904829e-13
4.985285e+01    4.71628e-07     3.785292e-12      -1.898277e-13
4.990190e+01    4.71396e-07     3.775997e-12      -1.891754e-13
4.995095e+01    4.71164e-07     3.766734e-12      -1.885259e-13
5.000000e+01    4.70933e-07     3.757503e-12      -9.410095e-14
