# Generated by Dust Drift Simulation (Date: Jan 23 2026 08:54:11)
# Main Dust Particle Motion and Properties
# Columns: 1. Time Step (Simulation Time), 2. Particle Index, 3. Radius [AU]
1  2.41126e-07 
1.05  5.40584e-07 
1.1  7.14688e-07 
1.15  9.40352e-07 
1.2  1.15953e-06 
1.25  1.31982e-06 
1.3  1.4767e-06 
1.35  1.68074e-06 
1.4  1.83007e-06 
1.45  1.9763e-06 
1.5  2.11952e-06 
1.55  2.25982e-06 
1.6  2.39727e-06 
1.65  2.53192e-06 
1.7  2.66386e-06 
1.75  2.79313e-06 
1.8  2.91978e-06 
1.85  3.00278e-06 
1.9  3.12515e-06 
1.95  3.20532e-06 
2  3.32349e-06 
2.05  3.40088e-06 
2.1  3.51488e-06 
2.15  3.5895e-06 
2.2  3.663e-06 
2.25  3.73539e-06 
2.3  3.80666e-06 
2.35  3.87682e-06 
2.4  3.94585e-06 
2.45  4.01375e-06 
2.5  4.08051e-06 
2.55  3.29439e-08 
2.6  6.50022e-08 
2.65  3.20443e-08 
2.7  6.3126e-08 
2.75  3.10466e-08 
2.8  3.0666e-08 
2.85  3.02418e-08 
2.9  2.98009e-08 
2.95  2.93747e-08 
3  2.89619e-08 
3.05  2.85619e-08 
3.1  2.81742e-08 
3.15  2.77984e-08 
3.2  2.74337e-08 
3.25  2.70797e-08 
3.3  2.67365e-08 
3.35  2.64029e-08 
3.4  2.60793e-08 
3.45  2.57643e-08 
3.5  2.54585e-08 
3.55  2.5161e-08 
3.6  2.48719e-08 
3.65  2.45903e-08 
3.7  2.43165e-08 
3.75  2.40496e-08 
3.8  2.37899e-08 
3.85  2.35365e-08 
3.9  2.32897e-08 
3.95  2.30487e-08 
4  2.28142e-08 
4.05  2.25851e-08 
4.1  2.23614e-08 
4.15  2.2143e-08 
4.2  2.19298e-08 
4.25  2.17214e-08 
4.3  2.15179e-08 
4.35  2.13187e-08 
4.4  2.11242e-08 
4.45  2.09339e-08 
4.5  2.07479e-08 
4.55  2.05656e-08 
4.6  2.03872e-08 
4.65  2.02127e-08 
4.7  2.00418e-08 
4.75  1.98743e-08 
4.8  1.97103e-08 
4.85  1.95495e-08 
4.9  1.9392e-08 
4.95  1.92376e-08 
5  1.90862e-08 
5.05  1.89376e-08 
5.1  1.8792e-08 
5.15  1.86491e-08 
5.2  1.85088e-08 
5.25  1.83712e-08 
5.3  1.8236e-08 
5.35  1.81033e-08 
5.4  1.7973e-08 
5.45  1.7845e-08 
5.5  1.77193e-08 
5.55  3.50702e-08 
5.6  1.73551e-08 
5.65  1.72378e-08 
5.7  1.71225e-08 
5.75  1.70091e-08 
5.8  1.68976e-08 
5.85  1.67879e-08 
5.9  1.66799e-08 
5.95  1.65738e-08 
6  1.64693e-08 
6.05  1.63665e-08 
6.1  1.62653e-08 
6.15  1.61656e-08 
6.2  1.60675e-08 
6.25  1.59709e-08 
6.3  1.58758e-08 
6.35  1.57821e-08 
6.4  1.56898e-08 
6.45  1.55988e-08 
6.5  1.55092e-08 
6.55  1.54209e-08 
6.6  1.53339e-08 
6.65  1.52481e-08 
6.7  1.51635e-08 
6.75  1.50802e-08 
6.8  1.4998e-08 
6.85  1.49169e-08 
6.9  1.4837e-08 
6.95  1.47582e-08 
7  1.46804e-08 
7.05  1.46037e-08 
7.1  1.4528e-08 
7.15  1.44533e-08 
7.2  1.43796e-08 
7.25  1.43068e-08 
7.3  1.4235e-08 
7.35  1.41642e-08 
7.4  1.40942e-08 
7.45  1.40251e-08 
7.5  1.39569e-08 
7.55  1.38896e-08 
7.6  1.38231e-08 
7.65  1.37574e-08 
7.7  1.36925e-08 
7.75  1.36284e-08 
7.8  1.35651e-08 
7.85  1.35026e-08 
7.9  1.34408e-08 
7.95  1.33797e-08 
8  1.33194e-08 
8.05  1.32598e-08 
8.1  1.32008e-08 
8.15  1.31426e-08 
8.2  1.3085e-08 
8.25  1.30281e-08 
8.3  1.29718e-08 
8.35  1.29162e-08 
8.4  1.28611e-08 
8.45  1.28067e-08 
8.5  1.27529e-08 
8.55  1.26997e-08 
8.6  1.26471e-08 
8.65  1.2595e-08 
8.7  1.25435e-08 
8.75  1.24926e-08 
8.8  1.24422e-08 
8.85  1.23923e-08 
8.9  1.2343e-08 
8.95  1.22942e-08 
9  1.22458e-08 
9.05  1.2198e-08 
9.1  1.21507e-08 
9.15  1.21039e-08 
9.2  1.20575e-08 
9.25  1.20117e-08 
9.3  1.19662e-08 
9.35  1.19213e-08 
9.4  1.18767e-08 
9.45  1.18326e-08 
9.5  1.1789e-08 
9.55  1.17458e-08 
9.6  1.1703e-08 
9.65  1.16606e-08 
9.7  1.16186e-08 
9.75  1.1577e-08 
9.8  1.15359e-08 
9.85  1.14951e-08 
9.9  1.14547e-08 
9.95  1.14146e-08 
10  1.1375e-08 
10.05  1.13357e-08 
10.1  1.12968e-08 
10.15  1.12582e-08 
10.2  1.122e-08 
10.25  1.11821e-08 
10.3  1.11446e-08 
10.35  1.11074e-08 
10.4  1.10705e-08 
10.45  1.1034e-08 
10.5  1.09978e-08 
10.55  1.09619e-08 
10.6  1.09263e-08 
10.65  1.08911e-08 
10.7  1.08561e-08 
10.75  1.08215e-08 
10.8  1.07871e-08 
10.85  1.07531e-08 
10.9  1.07193e-08 
10.95  1.06858e-08 
11  1.06526e-08 
11.05  1.06196e-08 
11.1  1.0587e-08 
11.15  1.05546e-08 
11.2  1.05225e-08 
11.25  1.04907e-08 
11.3  1.04591e-08 
11.35  1.04277e-08 
11.4  1.03966e-08 
11.45  1.03658e-08 
11.5  1.03352e-08 
11.55  1.03049e-08 
11.6  1.02748e-08 
11.65  1.02449e-08 
11.7  1.02153e-08 
11.75  1.01859e-08 
11.8  1.01568e-08 
11.85  1.01278e-08 
11.9  1.00991e-08 
11.95  1.00706e-08 
12  1.00424e-08 
12.05  1.00143e-08 
12.1  9.98648e-09 
12.15  9.95885e-09 
12.2  9.93143e-09 
12.25  9.90422e-09 
12.3  9.8772e-09 
12.35  9.85039e-09 
12.4  9.82378e-09 
12.45  9.79737e-09 
12.5  9.77114e-09 
12.55  9.74511e-09 
12.6  9.71927e-09 
12.65  9.69361e-09 
12.7  9.66815e-09 
12.75  9.64286e-09 
12.8  9.61776e-09 
12.85  9.59284e-09 
12.9  9.56809e-09 
12.95  9.54351e-09 
13  9.51911e-09 
13.05  9.49488e-09 
13.1  9.47082e-09 
13.15  9.44693e-09 
13.2  9.4232e-09 
13.25  9.39963e-09 
13.3  9.37624e-09 
13.35  9.353e-09 
13.4  9.32991e-09 
13.45  9.30699e-09 
13.5  9.28421e-09 
13.55  9.2616e-09 
13.6  9.23913e-09 
13.65  9.21681e-09 
13.7  9.19464e-09 
13.75  9.17262e-09 
13.8  9.15075e-09 
13.85  9.12902e-09 
13.9  9.10743e-09 
13.95  9.08598e-09 
14  9.06467e-09 
14.05  9.0435e-09 
14.1  9.02246e-09 
14.15  9.00157e-09 
14.2  8.9808e-09 
14.25  8.96017e-09 
14.3  8.93966e-09 
14.35  8.9193e-09 
14.4  8.89906e-09 
14.45  8.87894e-09 
14.5  8.85895e-09 
14.55  8.83908e-09 
14.6  8.81934e-09 
14.65  8.79972e-09 
14.7  8.78022e-09 
14.75  8.76084e-09 
14.8  8.74158e-09 
14.85  8.72244e-09 
14.9  8.70341e-09 
14.95  8.68451e-09 
15  8.66571e-09 
15.05  8.64702e-09 
15.1  8.62845e-09 
15.15  8.60999e-09 
15.2  8.59164e-09 
15.25  8.5734e-09 
15.3  8.55526e-09 
15.35  8.53723e-09 
15.4  8.51931e-09 
15.45  8.50149e-09 
15.5  8.48379e-09 
15.55  8.46617e-09 
15.6  8.44866e-09 
15.65  8.43126e-09 
15.7  8.41395e-09 
15.75  8.39674e-09 
15.8  8.37963e-09 
15.85  8.36261e-09 
15.9  8.3457e-09 
15.95  8.32888e-09 
16  8.31215e-09 
16.05  8.29552e-09 
16.1  8.27897e-09 
16.15  8.26253e-09 
16.2  8.24617e-09 
16.25  8.2299e-09 
16.3  8.21372e-09 
16.35  8.19763e-09 
16.4  8.18163e-09 
16.45  8.16571e-09 
16.5  8.14988e-09 
16.55  8.13413e-09 
16.6  8.11847e-09 
16.65  8.10288e-09 
16.7  8.08738e-09 
16.75  8.07196e-09 
16.8  8.05661e-09 
16.85  8.04134e-09 
16.9  8.02614e-09 
16.95  8.01102e-09 
17  7.99596e-09 
17.05  7.98097e-09 
17.1  7.96605e-09 
17.15  7.95119e-09 
17.2  7.93638e-09 
17.25  7.92163e-09 
17.3  7.90693e-09 
17.35  7.89227e-09 
17.4  7.87766e-09 
17.45  7.86309e-09 
17.5  7.84855e-09 
17.55  7.83405e-09 
17.6  7.8196e-09 
17.65  7.80519e-09 
17.7  7.79084e-09 
17.75  7.77657e-09 
17.8  7.76238e-09 
17.85  7.7483e-09 
17.9  7.73436e-09 
17.95  7.72055e-09 
18  7.70689e-09 
18.05  7.69333e-09 
18.1  7.67991e-09 
18.15  7.66659e-09 
18.2  7.65331e-09 
18.25  7.64009e-09 
18.3  7.62691e-09 
18.35  7.6137e-09 
18.4  7.60047e-09 
18.45  7.58725e-09 
18.5  7.57394e-09 
18.55  7.56057e-09 
18.6  7.54717e-09 
18.65  7.53373e-09 
18.7  7.52021e-09 
18.75  7.50656e-09 
18.8  7.4929e-09 
18.85  7.47915e-09 
18.9  7.46525e-09 
18.95  7.45148e-09 
19.05  7.43736e-09 
19.1  7.42346e-09 
19.15  7.40909e-09 
19.2  7.39499e-09 
19.25  7.3807e-09 
19.3  7.36605e-09 
19.35  7.35163e-09 
19.4  7.33648e-09 
19.5  7.32176e-09 
19.55  7.30605e-09 
19.6  7.29069e-09 
19.65  7.27499e-09 
19.75  7.25852e-09 
19.8  7.24226e-09 
19.85  7.2247e-09 
19.95  7.20555e-09 
20  7.18554e-09 
20.1  7.16352e-09 
20.15  7.13952e-09 
20.25  7.11099e-09 
20.4  7.07651e-09 
20.55  7.02848e-09 
20.85  6.93696e-09 
23.5  2.82475e-07 
23.55  6.39534e-09 
23.7  6.356e-09 
23.95  6.30292e-09 
24.25  6.23458e-09 
24.5  6.16549e-09 
24.6  6.14816e-09 
24.65  1.22927e-08 
24.7  4.30458e-08 
24.75  9.86272e-08 
24.8  1.66999e-07 
24.85  2.10742e-07 
24.9  2.35802e-07 
24.95  2.6089e-07 
25  2.73439e-07 
25.05  2.85986e-07 
25.1  2.98527e-07 
25.15  3.11058e-07 
25.2  6.25995e-09 
25.25  6.25548e-09 
25.3  6.25036e-09 
25.35  1.2483e-08 
25.4  6.23161e-09 
25.45  6.22472e-09 
25.5  6.21776e-09 
25.55  6.21076e-09 
25.6  6.20373e-09 
25.65  6.19669e-09 
25.7  6.18963e-09 
25.75  6.18258e-09 
25.8  6.17552e-09 
25.85  6.16847e-09 
25.9  6.16142e-09 
25.95  6.15439e-09 
26  6.14738e-09 
26.05  6.14037e-09 
26.1  6.13339e-09 
26.15  6.12642e-09 
26.2  6.11947e-09 
26.25  6.11253e-09 
26.3  6.10562e-09 
26.35  6.09873e-09 
26.4  6.09186e-09 
26.45  6.08501e-09 
26.5  6.07818e-09 
26.55  6.07137e-09 
26.6  6.06459e-09 
26.65  6.05782e-09 
26.7  6.05108e-09 
26.75  6.04435e-09 
26.8  6.03765e-09 
26.85  6.03097e-09 
26.9  6.02431e-09 
26.95  6.01767e-09 
27  6.01106e-09 
27.05  6.00446e-09 
27.1  5.99788e-09 
27.15  5.99133e-09 
27.2  5.98479e-09 
27.25  5.97828e-09 
27.3  5.97178e-09 
27.35  5.96531e-09 
27.4  5.95886e-09 
27.45  5.95242e-09 
27.5  5.94601e-09 
27.55  5.93962e-09 
27.6  5.93325e-09 
27.65  5.92689e-09 
27.7  5.92056e-09 
27.75  5.91425e-09 
27.8  5.90796e-09 
27.85  5.90168e-09 
27.9  5.89543e-09 
27.95  5.88919e-09 
28  5.88298e-09 
28.05  5.87678e-09 
28.1  5.8706e-09 
28.15  5.86444e-09 
28.2  5.8583e-09 
28.25  5.85217e-09 
28.3  5.84607e-09 
28.35  5.83999e-09 
28.4  5.83392e-09 
28.45  5.82787e-09 
28.5  5.82184e-09 
28.55  5.81583e-09 
28.6  5.80984e-09 
28.65  5.80386e-09 
28.7  5.7979e-09 
28.75  5.79196e-09 
28.8  5.78603e-09 
28.85  5.78013e-09 
28.9  5.77424e-09 
28.95  5.76837e-09 
29  5.76252e-09 
29.05  5.75668e-09 
29.1  5.75087e-09 
29.15  5.74506e-09 
29.2  5.73928e-09 
29.25  5.73351e-09 
29.3  5.72776e-09 
29.35  5.72203e-09 
29.4  5.71631e-09 
29.45  5.71061e-09 
29.5  5.70492e-09 
29.55  5.69926e-09 
29.6  5.69361e-09 
29.65  5.68797e-09 
29.7  5.68235e-09 
29.75  5.67675e-09 
29.8  5.67116e-09 
29.85  5.66559e-09 
29.9  5.66004e-09 
29.95  5.6545e-09 
30  5.64898e-09 
30.05  5.64347e-09 
30.1  5.63798e-09 
30.15  5.6325e-09 
30.2  5.62704e-09 
30.25  5.6216e-09 
30.3  5.61617e-09 
30.35  5.61075e-09 
30.4  5.60535e-09 
30.45  5.59997e-09 
30.5  5.5946e-09 
30.55  5.58925e-09 
30.6  5.58391e-09 
30.65  5.57859e-09 
30.7  5.57328e-09 
30.75  5.56798e-09 
30.8  5.5627e-09 
30.85  5.55744e-09 
30.9  5.55218e-09 
30.95  5.54695e-09 
31  5.54173e-09 
31.05  5.53652e-09 
31.1  5.53132e-09 
31.15  5.52615e-09 
31.2  5.52098e-09 
31.25  5.51583e-09 
31.3  5.51069e-09 
31.35  5.50557e-09 
31.4  5.50046e-09 
31.45  5.49537e-09 
31.5  5.49028e-09 
31.55  5.48522e-09 
31.6  5.48016e-09 
31.65  5.47512e-09 
31.7  5.4701e-09 
31.75  5.46508e-09 
31.8  5.46008e-09 
31.85  5.4551e-09 
31.9  5.45012e-09 
31.95  5.44516e-09 
32  5.44022e-09 
32.05  5.43528e-09 
32.1  5.43036e-09 
32.15  5.42546e-09 
32.2  5.42056e-09 
32.25  5.41568e-09 
32.3  5.41081e-09 
32.35  5.40595e-09 
32.4  5.40111e-09 
32.45  5.39628e-09 
32.5  5.39146e-09 
32.55  5.38665e-09 
32.6  5.38186e-09 
32.65  5.37708e-09 
32.7  5.37231e-09 
32.75  5.36756e-09 
32.8  5.36282e-09 
32.85  5.35808e-09 
32.9  5.35336e-09 
32.95  5.34866e-09 
33  5.34396e-09 
33.05  5.33928e-09 
33.1  5.33461e-09 
33.15  5.32995e-09 
33.2  5.3253e-09 
33.25  5.32067e-09 
33.3  5.31604e-09 
33.35  5.31143e-09 
33.4  5.30683e-09 
33.45  5.30225e-09 
33.5  5.29767e-09 
33.55  5.2931e-09 
33.6  5.28855e-09 
33.65  5.28401e-09 
33.7  5.27948e-09 
33.75  5.27496e-09 
33.8  5.27045e-09 
33.85  5.26596e-09 
33.9  5.26147e-09 
33.95  5.257e-09 
34  5.25253e-09 
34.05  5.24808e-09 
34.1  5.24364e-09 
34.15  5.23921e-09 
34.2  5.23479e-09 
34.25  5.23038e-09 
34.3  5.22599e-09 
34.35  5.2216e-09 
34.4  5.21723e-09 
34.45  5.21286e-09 
34.5  5.20851e-09 
34.55  5.20416e-09 
34.6  5.19983e-09 
34.65  5.19551e-09 
34.7  5.1912e-09 
34.75  1.03695e-08 
34.8  5.17833e-09 
34.85  5.17406e-09 
34.9  5.1698e-09 
34.95  5.16555e-09 
35  5.16131e-09 
35.05  5.15708e-09 
35.1  5.15286e-09 
35.15  5.14865e-09 
35.2  5.14445e-09 
35.25  5.14027e-09 
35.3  5.13609e-09 
35.35  5.13192e-09 
35.4  5.12776e-09 
35.45  5.12361e-09 
35.5  5.11947e-09 
35.55  5.11534e-09 
35.6  5.11122e-09 
35.65  5.10711e-09 
35.7  5.10301e-09 
35.75  5.09892e-09 
35.8  5.09484e-09 
35.85  5.09077e-09 
35.9  5.08671e-09 
35.95  5.08266e-09 
36  5.07862e-09 
36.05  5.07458e-09 
36.1  5.07056e-09 
36.15  5.06655e-09 
36.2  5.06254e-09 
36.25  5.05855e-09 
36.3  5.05456e-09 
36.35  5.05058e-09 
36.4  5.04662e-09 
36.45  5.04266e-09 
36.5  5.03871e-09 
36.55  5.03477e-09 
36.6  5.03083e-09 
36.65  5.02691e-09 
36.7  5.023e-09 
36.75  5.01909e-09 
36.8  5.0152e-09 
36.85  5.01131e-09 
36.9  5.00743e-09 
36.95  5.00356e-09 
37  4.9997e-09 
37.05  4.99585e-09 
37.1  4.99201e-09 
37.15  4.98818e-09 
37.2  4.98435e-09 
37.25  4.98053e-09 
37.3  4.97673e-09 
37.35  4.97293e-09 
37.4  4.96914e-09 
37.45  4.96535e-09 
37.5  4.96158e-09 
37.55  4.95781e-09 
37.6  4.95406e-09 
37.65  4.95031e-09 
37.7  4.94657e-09 
37.75  4.94283e-09 
37.8  4.93911e-09 
37.85  4.93539e-09 
37.9  4.93169e-09 
37.95  4.92799e-09 
38  4.9243e-09 
38.05  4.92061e-09 
38.1  4.91694e-09 
38.15  4.91327e-09 
38.2  4.90961e-09 
38.25  4.90596e-09 
38.3  4.90232e-09 
38.35  4.89868e-09 
38.4  4.89506e-09 
38.45  4.89144e-09 
38.5  4.88783e-09 
38.55  4.88422e-09 
38.6  4.88063e-09 
38.65  4.87704e-09 
38.7  4.87346e-09 
38.75  4.86989e-09 
38.8  4.86632e-09 
38.85  4.86277e-09 
38.9  4.85922e-09 
38.95  4.85568e-09 
39  4.85214e-09 
39.05  4.84862e-09 
39.1  4.8451e-09 
39.15  4.84159e-09 
39.2  4.83808e-09 
39.25  4.83458e-09 
39.3  4.8311e-09 
39.35  4.82761e-09 
39.4  4.82414e-09 
39.45  4.82067e-09 
39.5  4.81721e-09 
39.55  4.81376e-09 
39.6  4.81032e-09 
39.65  4.80688e-09 
39.7  4.80345e-09 
39.75  4.80003e-09 
39.8  4.79661e-09 
39.85  4.7932e-09 
39.9  4.7898e-09 
39.95  4.78641e-09 
40  4.78302e-09 
40.05  4.77964e-09 
40.1  4.77627e-09 
40.15  4.7729e-09 
40.2  4.76954e-09 
40.25  4.76619e-09 
40.3  4.76284e-09 
40.35  4.7595e-09 
40.4  4.75617e-09 
40.45  4.75285e-09 
40.5  4.74953e-09 
40.55  4.74622e-09 
40.6  4.74291e-09 
40.65  4.73962e-09 
40.7  4.73633e-09 
40.75  4.73304e-09 
40.8  4.72976e-09 
40.85  4.72649e-09 
40.9  4.72323e-09 
40.95  4.71997e-09 
41  4.71672e-09 
41.05  4.71348e-09 
41.1  4.71024e-09 
41.15  4.70701e-09 
41.2  4.70379e-09 
41.25  4.70057e-09 
41.3  4.69736e-09 
41.35  4.69415e-09 
41.4  4.69095e-09 
41.45  4.68776e-09 
41.5  4.68458e-09 
41.55  4.6814e-09 
41.6  4.67823e-09 
41.65  4.67506e-09 
41.7  4.6719e-09 
41.75  4.66875e-09 
41.8  4.6656e-09 
41.85  4.66246e-09 
41.9  4.65932e-09 
41.95  4.65619e-09 
42  4.65307e-09 
42.05  4.64995e-09 
42.1  4.64684e-09 
42.15  4.64374e-09 
42.2  4.64064e-09 
42.25  4.63755e-09 
42.3  4.63447e-09 
42.35  4.63139e-09 
42.4  4.62831e-09 
42.45  4.62524e-09 
42.5  4.62218e-09 
42.55  4.61913e-09 
42.6  4.61608e-09 
42.65  4.61303e-09 
42.7  4.61e-09 
42.75  4.60696e-09 
42.8  4.60394e-09 
42.85  4.60092e-09 
42.9  4.5979e-09 
42.95  4.59489e-09 
43  4.59189e-09 
43.05  4.5889e-09 
43.1  4.5859e-09 
43.15  4.58292e-09 
43.2  4.57994e-09 
43.25  4.57697e-09 
43.3  4.574e-09 
43.35  4.57103e-09 
43.4  4.56808e-09 
43.45  4.56513e-09 
43.5  4.56218e-09 
43.55  4.55924e-09 
43.6  4.55631e-09 
43.65  4.55338e-09 
43.7  4.55046e-09 
43.75  4.54754e-09 
43.8  4.54463e-09 
43.85  4.54172e-09 
43.9  4.53882e-09 
43.95  4.53592e-09 
44  4.53303e-09 
44.05  4.53015e-09 
44.1  4.52727e-09 
44.15  4.52439e-09 
44.2  4.52153e-09 
44.25  4.51866e-09 
44.3  4.51581e-09 
44.35  4.51295e-09 
44.4  4.51011e-09 
