# Generated by Dust Drift Simulation (Date: Jan 23 2026 08:54:11)
# Main Dust Particle Motion and Properties
# Columns: 1. Time Step (Simulation Time), 2. Particle Index, 3. Radius [AU]
1  3.27223e-08 
1.05  6.48963e-08 
1.1  3.12132e-08 
1.15  3.05287e-08 
1.2  2.98983e-08 
1.25  2.92904e-08 
1.3  2.87145e-08 
1.35  5.5836e-08 
1.4  2.71777e-08 
1.45  2.67185e-08 
1.5  2.62879e-08 
1.55  2.58754e-08 
1.6  2.54889e-08 
1.65  4.98851e-08 
1.7  2.4444e-08 
1.75  2.41375e-08 
1.8  2.38501e-08 
1.85  4.69205e-08 
1.9  2.31103e-08 
1.95  2.29051e-08 
2  4.52772e-08 
2.05  2.24157e-08 
2.1  4.44949e-08 
2.15  8.86934e-08 
2.2  1.54719e-07 
2.25  1.98537e-07 
2.3  2.42154e-07 
2.35  2.8553e-07 
2.4  3.28622e-07 
2.45  3.71383e-07 
2.5  2.12379e-08 
2.55  4.21534e-08 
2.6  2.08938e-08 
2.65  4.13593e-08 
2.7  2.04315e-08 
2.75  2.02355e-08 
2.8  2.00133e-08 
2.85  1.97915e-08 
2.9  1.95763e-08 
2.95  1.93674e-08 
3  1.91644e-08 
3.05  1.89673e-08 
3.1  1.87759e-08 
3.15  1.85898e-08 
3.2  1.84086e-08 
3.25  1.82324e-08 
3.3  1.80609e-08 
3.35  1.78937e-08 
3.4  1.77307e-08 
3.45  1.75719e-08 
3.5  1.74174e-08 
3.55  1.72662e-08 
3.6  1.71187e-08 
3.65  1.69748e-08 
3.7  1.68342e-08 
3.75  1.6697e-08 
3.8  1.65628e-08 
3.85  1.64317e-08 
3.9  1.63035e-08 
3.95  1.61781e-08 
4  3.19906e-08 
4.05  1.58178e-08 
4.1  1.57028e-08 
4.15  1.55901e-08 
4.2  1.54798e-08 
4.25  1.53716e-08 
4.3  1.52657e-08 
4.35  1.51618e-08 
4.4  1.50599e-08 
4.45  1.49601e-08 
4.5  1.4862e-08 
4.55  1.47658e-08 
4.6  1.46713e-08 
4.65  1.45786e-08 
4.7  1.44875e-08 
4.75  1.43981e-08 
4.8  1.43103e-08 
4.85  1.4224e-08 
4.9  1.41392e-08 
4.95  1.40558e-08 
5  1.39738e-08 
5.05  1.38933e-08 
5.1  1.3814e-08 
5.15  1.37361e-08 
5.2  1.36594e-08 
5.25  1.3584e-08 
5.3  1.35097e-08 
5.35  1.34366e-08 
5.4  1.33647e-08 
5.45  1.32939e-08 
5.5  1.32242e-08 
5.55  1.31555e-08 
5.6  1.30879e-08 
5.65  1.30212e-08 
5.7  1.29556e-08 
5.75  1.28909e-08 
5.8  1.28271e-08 
5.85  1.27642e-08 
5.9  1.27023e-08 
5.95  1.26412e-08 
6  1.25809e-08 
6.05  1.25214e-08 
6.1  1.24629e-08 
6.15  1.24051e-08 
6.2  1.2348e-08 
6.25  1.22918e-08 
6.3  1.22363e-08 
6.35  1.21815e-08 
6.4  1.21274e-08 
6.45  1.2074e-08 
6.5  1.20214e-08 
6.55  1.19693e-08 
6.6  1.1918e-08 
6.65  1.18672e-08 
6.7  1.18171e-08 
6.75  1.17676e-08 
6.8  1.17188e-08 
6.85  1.16705e-08 
6.9  1.16228e-08 
6.95  2.31047e-08 
7  1.1483e-08 
7.05  1.14375e-08 
7.1  1.13925e-08 
7.15  1.13481e-08 
7.2  1.13041e-08 
7.25  1.12607e-08 
7.3  1.12177e-08 
7.35  1.11752e-08 
7.4  1.11332e-08 
7.45  1.10917e-08 
7.5  1.10506e-08 
7.55  1.10099e-08 
7.6  1.09697e-08 
7.65  1.09299e-08 
7.7  1.08906e-08 
7.75  1.08516e-08 
7.8  1.08131e-08 
7.85  1.07749e-08 
7.9  1.07372e-08 
7.95  1.06999e-08 
8  1.06629e-08 
8.05  1.06263e-08 
8.1  1.059e-08 
8.15  1.05542e-08 
8.2  1.05186e-08 
8.25  1.04835e-08 
8.3  1.04487e-08 
8.35  1.04142e-08 
8.4  1.03801e-08 
8.45  1.03463e-08 
8.5  1.03128e-08 
8.55  1.02796e-08 
8.6  1.02467e-08 
8.65  1.02142e-08 
8.7  1.01819e-08 
8.75  1.015e-08 
8.8  1.01184e-08 
8.85  1.0087e-08 
8.9  1.00559e-08 
8.95  1.00251e-08 
9  9.99461e-09 
9.05  9.96437e-09 
9.1  9.93436e-09 
9.15  9.90469e-09 
9.2  9.87525e-09 
9.25  9.84605e-09 
9.3  9.81713e-09 
9.35  9.78844e-09 
9.4  9.75999e-09 
9.45  9.73182e-09 
9.5  9.70385e-09 
9.55  9.67613e-09 
9.6  9.64864e-09 
9.65  9.62143e-09 
9.7  9.59439e-09 
9.75  9.56757e-09 
9.8  9.541e-09 
9.85  9.51465e-09 
9.9  9.4885e-09 
9.95  9.46255e-09 
10  1.88481e-08 
10.05  9.38599e-09 
10.1  9.36088e-09 
10.15  9.33596e-09 
10.2  9.31123e-09 
10.25  9.28671e-09 
10.3  9.26238e-09 
10.35  9.23822e-09 
10.4  9.21426e-09 
10.45  9.19048e-09 
10.5  9.16688e-09 
10.55  9.14346e-09 
10.6  9.12022e-09 
10.65  9.09716e-09 
10.7  9.07426e-09 
10.75  9.05153e-09 
10.8  9.02898e-09 
10.85  9.00659e-09 
10.9  8.98436e-09 
10.95  8.9623e-09 
11  8.9404e-09 
11.05  8.91865e-09 
11.1  8.89706e-09 
11.15  8.87563e-09 
11.2  8.85435e-09 
11.25  8.83322e-09 
11.3  8.81223e-09 
11.35  8.79141e-09 
11.4  8.77072e-09 
11.45  8.75017e-09 
11.5  8.72977e-09 
11.55  8.70951e-09 
11.6  8.68939e-09 
11.65  8.66941e-09 
11.7  8.64956e-09 
11.75  8.62985e-09 
11.8  8.61027e-09 
11.85  8.59082e-09 
11.9  8.5715e-09 
11.95  8.55231e-09 
12  8.53325e-09 
12.05  8.51432e-09 
12.1  8.4955e-09 
12.15  8.47682e-09 
12.2  8.45825e-09 
12.25  8.43981e-09 
12.3  8.42148e-09 
12.35  8.40327e-09 
12.4  8.38518e-09 
12.45  8.3672e-09 
12.5  8.34934e-09 
12.55  8.33159e-09 
12.6  8.31395e-09 
12.65  8.29643e-09 
12.7  8.27901e-09 
12.75  8.26171e-09 
12.8  8.2445e-09 
12.85  8.22741e-09 
12.9  8.21042e-09 
12.95  8.19353e-09 
13  8.17675e-09 
13.05  1.63036e-08 
13.1  8.12701e-09 
13.15  8.11063e-09 
13.2  8.09435e-09 
13.25  8.07816e-09 
13.3  8.06207e-09 
13.35  8.04607e-09 
13.4  8.03018e-09 
13.45  8.01437e-09 
13.5  7.99866e-09 
13.55  7.98303e-09 
13.6  7.9675e-09 
13.65  7.95206e-09 
13.7  7.9367e-09 
13.75  7.92144e-09 
13.8  7.90626e-09 
13.85  7.89117e-09 
13.9  7.87616e-09 
13.95  7.86124e-09 
14  7.8464e-09 
14.05  7.83165e-09 
14.1  7.81698e-09 
14.15  7.80238e-09 
14.2  7.78788e-09 
14.25  7.77345e-09 
14.3  7.7591e-09 
14.35  7.74483e-09 
14.4  7.73063e-09 
14.45  7.71652e-09 
14.5  7.70248e-09 
14.55  7.68851e-09 
14.6  7.67462e-09 
14.65  7.66081e-09 
14.7  7.64707e-09 
14.75  7.63341e-09 
14.8  7.61982e-09 
14.85  7.60629e-09 
14.9  7.59284e-09 
14.95  7.57946e-09 
15  7.56615e-09 
15.05  7.55291e-09 
15.1  7.53974e-09 
15.15  7.52664e-09 
15.2  7.5136e-09 
15.25  7.50064e-09 
15.3  7.48773e-09 
15.35  7.4749e-09 
15.4  7.46213e-09 
15.45  7.44942e-09 
15.5  7.43678e-09 
15.55  7.42421e-09 
15.6  7.41169e-09 
15.65  7.39924e-09 
15.7  7.38685e-09 
15.75  7.37453e-09 
15.8  7.36226e-09 
15.85  7.35006e-09 
15.9  7.33791e-09 
15.95  7.32583e-09 
16  7.3138e-09 
16.05  1.45918e-08 
16.1  7.27808e-09 
16.15  7.26628e-09 
16.2  7.25454e-09 
16.25  7.24287e-09 
16.3  7.23124e-09 
16.35  7.21967e-09 
16.4  7.20816e-09 
16.45  7.1967e-09 
16.5  7.1853e-09 
16.55  7.17395e-09 
16.6  7.16265e-09 
16.65  7.1514e-09 
16.7  7.14021e-09 
16.75  7.12907e-09 
16.8  7.11799e-09 
16.85  7.10695e-09 
16.9  7.09596e-09 
16.95  7.08503e-09 
17  7.07414e-09 
17.05  7.06331e-09 
17.1  7.05252e-09 
17.15  7.04178e-09 
17.2  7.0311e-09 
17.25  7.02046e-09 
17.3  7.00987e-09 
17.35  6.99932e-09 
17.4  6.98883e-09 
17.45  6.97838e-09 
17.5  6.96798e-09 
17.55  6.95762e-09 
17.6  6.94731e-09 
17.65  6.93704e-09 
17.7  6.92682e-09 
17.75  6.91664e-09 
17.8  6.90651e-09 
17.85  6.89643e-09 
17.9  6.88638e-09 
17.95  6.87639e-09 
18  6.86643e-09 
18.05  6.85651e-09 
18.1  6.84665e-09 
18.15  6.83682e-09 
18.2  6.82703e-09 
18.25  6.81729e-09 
18.3  6.80758e-09 
18.35  6.79792e-09 
18.4  6.7883e-09 
18.45  6.77872e-09 
18.5  6.76918e-09 
18.55  6.75968e-09 
18.6  6.75022e-09 
18.65  6.7408e-09 
18.7  6.73142e-09 
18.75  6.72208e-09 
18.8  6.71277e-09 
18.85  6.70351e-09 
18.9  6.69428e-09 
18.95  6.68509e-09 
19  6.67594e-09 
19.05  6.66682e-09 
19.1  1.33065e-08 
19.15  6.6397e-09 
19.2  6.63074e-09 
19.25  6.6218e-09 
19.3  6.61291e-09 
19.35  6.60405e-09 
19.4  6.59523e-09 
19.45  6.58644e-09 
19.5  6.57768e-09 
19.55  6.56896e-09 
19.6  6.56028e-09 
19.65  6.55163e-09 
19.7  6.54301e-09 
19.75  6.53443e-09 
19.8  6.52588e-09 
19.85  6.51736e-09 
19.9  6.50888e-09 
19.95  6.50043e-09 
20  6.49201e-09 
20.05  6.48363e-09 
20.1  6.47527e-09 
20.15  6.46695e-09 
20.2  6.45867e-09 
20.25  6.45041e-09 
20.3  6.44218e-09 
20.35  6.43399e-09 
20.4  6.42583e-09 
20.45  6.4177e-09 
20.5  6.4096e-09 
20.55  6.40152e-09 
20.6  6.39348e-09 
20.65  6.38547e-09 
20.7  6.37749e-09 
20.75  6.36954e-09 
20.8  6.36162e-09 
20.85  6.35373e-09 
20.9  6.34587e-09 
20.95  6.33803e-09 
21  6.33023e-09 
21.05  6.32245e-09 
21.1  6.3147e-09 
21.15  6.30698e-09 
21.2  6.29929e-09 
21.25  6.29163e-09 
21.3  6.28399e-09 
21.35  6.27638e-09 
21.4  6.2688e-09 
21.45  6.26124e-09 
21.5  6.25371e-09 
21.55  6.24621e-09 
21.6  6.23873e-09 
21.65  6.23128e-09 
21.7  6.22385e-09 
21.75  6.21645e-09 
21.8  6.20907e-09 
21.85  6.20171e-09 
21.9  6.19437e-09 
21.95  6.18706e-09 
22  6.17977e-09 
22.05  6.1725e-09 
22.1  6.16524e-09 
22.15  6.158e-09 
22.2  6.15078e-09 
22.25  1.22799e-08 
22.3  6.12917e-09 
22.35  6.12199e-09 
22.4  6.11482e-09 
22.45  6.10765e-09 
22.5  6.10049e-09 
22.55  6.09335e-09 
22.6  6.08622e-09 
22.65  6.07912e-09 
22.7  6.07206e-09 
22.75  6.06505e-09 
22.8  6.0581e-09 
22.85  6.05124e-09 
22.9  6.04448e-09 
22.95  6.03783e-09 
23  6.03126e-09 
23.05  6.02481e-09 
23.1  6.01847e-09 
23.15  6.01222e-09 
23.2  6.00609e-09 
23.25  6.00007e-09 
23.3  5.99413e-09 
23.35  5.9883e-09 
23.4  5.98256e-09 
23.45  5.97687e-09 
23.5  5.97116e-09 
23.55  5.96538e-09 
23.6  5.95942e-09 
23.65  5.95324e-09 
23.7  5.94679e-09 
23.75  5.94011e-09 
23.8  5.93324e-09 
23.85  5.92621e-09 
23.9  5.91909e-09 
23.95  5.9119e-09 
24  5.90467e-09 
24.05  5.89743e-09 
24.1  5.89021e-09 
24.15  5.88304e-09 
24.2  5.87594e-09 
24.25  5.86895e-09 
24.3  5.86211e-09 
24.35  5.85545e-09 
24.4  5.84901e-09 
24.45  5.84278e-09 
24.5  5.83675e-09 
24.55  5.83087e-09 
24.6  5.82509e-09 
24.65  5.81937e-09 
24.7  5.81367e-09 
24.75  5.80798e-09 
24.8  5.80228e-09 
24.85  5.79655e-09 
24.9  5.79081e-09 
24.95  5.78506e-09 
25  5.77929e-09 
25.05  5.77351e-09 
25.1  5.76772e-09 
25.15  5.76193e-09 
25.2  5.75615e-09 
25.25  1.14949e-08 
25.3  5.73881e-09 
25.35  5.73305e-09 
25.4  5.7273e-09 
25.45  5.72157e-09 
25.5  5.71584e-09 
25.55  5.71013e-09 
25.6  5.70443e-09 
25.65  5.69875e-09 
25.7  5.69308e-09 
25.75  5.68742e-09 
25.8  5.68179e-09 
25.85  5.67616e-09 
25.9  5.67056e-09 
25.95  5.66496e-09 
26  5.65939e-09 
26.05  5.65383e-09 
26.1  5.64829e-09 
26.15  5.64276e-09 
26.2  5.63725e-09 
26.25  5.63175e-09 
26.3  5.62627e-09 
26.35  5.6208e-09 
26.4  5.61536e-09 
26.45  5.60992e-09 
26.5  5.60451e-09 
26.55  5.5991e-09 
26.6  5.59372e-09 
26.65  5.58835e-09 
26.7  5.58299e-09 
26.75  5.57765e-09 
26.8  5.57232e-09 
26.85  5.56702e-09 
26.9  5.56172e-09 
26.95  5.55644e-09 
27  5.55118e-09 
27.05  5.54593e-09 
27.1  5.54069e-09 
27.15  5.53547e-09 
27.2  5.53027e-09 
27.25  5.52508e-09 
27.3  5.5199e-09 
27.35  5.51474e-09 
27.4  5.50959e-09 
27.45  5.50446e-09 
27.5  5.49934e-09 
27.55  5.49423e-09 
27.6  5.48914e-09 
27.65  5.48407e-09 
27.7  5.47901e-09 
27.75  5.47396e-09 
27.8  5.46892e-09 
27.85  5.4639e-09 
27.9  5.45889e-09 
27.95  5.4539e-09 
28  5.44892e-09 
28.05  5.44396e-09 
28.1  5.439e-09 
28.15  1.08632e-08 
28.2  5.42423e-09 
28.25  5.41933e-09 
28.3  5.41445e-09 
28.35  5.40957e-09 
28.4  5.40471e-09 
28.45  5.39987e-09 
28.5  5.39503e-09 
28.55  5.39021e-09 
28.6  5.38541e-09 
28.65  5.38061e-09 
28.7  5.37583e-09 
28.75  5.37106e-09 
28.8  5.36631e-09 
28.85  5.36156e-09 
28.9  5.35683e-09 
28.95  5.35211e-09 
29  5.34741e-09 
29.05  5.34271e-09 
29.1  5.33803e-09 
29.15  5.33336e-09 
29.2  5.32871e-09 
29.25  5.32406e-09 
29.3  5.31943e-09 
29.35  5.31481e-09 
29.4  5.3102e-09 
29.45  5.3056e-09 
29.5  5.30102e-09 
29.55  5.29644e-09 
29.6  5.29188e-09 
29.65  5.28733e-09 
29.7  5.2828e-09 
29.75  5.27827e-09 
29.8  5.27376e-09 
29.85  5.26925e-09 
29.9  5.26476e-09 
29.95  5.26028e-09 
30  5.25581e-09 
30.05  5.25135e-09 
30.1  5.24691e-09 
30.15  5.24247e-09 
30.2  5.23805e-09 
30.25  5.23364e-09 
30.3  5.22924e-09 
30.35  5.22485e-09 
30.4  5.22047e-09 
30.45  5.2161e-09 
30.5  5.21174e-09 
30.55  5.2074e-09 
30.6  5.20306e-09 
30.65  5.19874e-09 
30.7  5.19443e-09 
30.75  5.19012e-09 
30.8  5.18583e-09 
30.85  5.18155e-09 
30.9  5.17728e-09 
30.95  5.17302e-09 
31  5.16877e-09 
31.05  5.16453e-09 
31.1  5.1603e-09 
31.15  1.03079e-08 
31.2  5.14767e-09 
31.25  5.14348e-09 
31.3  5.13931e-09 
31.35  5.13514e-09 
31.4  5.13098e-09 
31.45  5.12683e-09 
31.5  5.12269e-09 
31.55  5.11857e-09 
31.6  5.11445e-09 
31.65  5.11034e-09 
31.7  5.10624e-09 
31.75  5.10216e-09 
31.8  5.09808e-09 
31.85  5.09401e-09 
31.9  5.08995e-09 
31.95  5.0859e-09 
32  5.08186e-09 
32.05  5.07783e-09 
32.1  5.07381e-09 
32.15  5.0698e-09 
32.2  5.0658e-09 
32.25  5.06181e-09 
32.3  5.05783e-09 
32.35  5.05385e-09 
32.4  5.04989e-09 
32.45  5.04594e-09 
32.5  5.04199e-09 
32.55  5.03806e-09 
32.6  5.03413e-09 
32.65  5.03021e-09 
32.7  5.0263e-09 
32.75  5.0224e-09 
32.8  5.01851e-09 
32.85  5.01463e-09 
32.9  5.01076e-09 
32.95  5.0069e-09 
33  5.00304e-09 
33.05  4.9992e-09 
33.1  4.99536e-09 
33.15  4.99153e-09 
33.2  4.98771e-09 
33.25  4.9839e-09 
33.3  4.9801e-09 
33.35  4.97631e-09 
33.4  4.97253e-09 
33.45  4.96875e-09 
33.5  4.96498e-09 
33.55  4.96122e-09 
33.6  4.95747e-09 
33.65  4.95373e-09 
33.7  4.95e-09 
33.75  4.94628e-09 
33.8  4.94256e-09 
33.85  4.93885e-09 
33.9  4.93515e-09 
33.95  4.93146e-09 
34  4.92778e-09 
34.05  4.9241e-09 
34.1  4.92044e-09 
34.15  9.82991e-09 
34.2  4.90949e-09 
34.25  4.90585e-09 
34.3  4.90223e-09 
34.35  4.89861e-09 
34.4  4.895e-09 
34.45  4.8914e-09 
34.5  4.8878e-09 
34.55  4.88422e-09 
34.6  4.88064e-09 
34.65  4.87707e-09 
34.7  4.8735e-09 
34.75  4.86995e-09 
34.8  4.8664e-09 
34.85  4.86287e-09 
34.9  4.85933e-09 
34.95  4.85581e-09 
35  4.85229e-09 
35.05  4.84878e-09 
35.1  4.84528e-09 
35.15  4.84179e-09 
35.2  4.8383e-09 
35.25  4.83483e-09 
35.3  4.83135e-09 
35.35  4.82789e-09 
35.4  4.82444e-09 
35.45  4.82099e-09 
35.5  4.81755e-09 
35.55  4.81411e-09 
35.6  4.81069e-09 
35.65  4.80727e-09 
35.7  4.80385e-09 
35.75  4.80045e-09 
35.8  4.79705e-09 
35.85  4.79366e-09 
35.9  4.79028e-09 
35.95  4.7869e-09 
36  4.78354e-09 
36.05  4.78017e-09 
36.1  4.77682e-09 
36.15  4.77347e-09 
36.2  4.77013e-09 
36.25  4.7668e-09 
36.3  4.76347e-09 
36.35  4.76015e-09 
36.4  4.75684e-09 
36.45  4.75353e-09 
36.5  4.75023e-09 
36.55  4.74694e-09 
36.6  4.74365e-09 
36.65  4.74038e-09 
36.7  4.7371e-09 
36.75  4.73384e-09 
36.8  4.73058e-09 
36.85  4.72733e-09 
36.9  4.72409e-09 
36.95  4.72085e-09 
37  4.71762e-09 
37.05  4.71439e-09 
37.1  4.71117e-09 
37.15  9.41272e-09 
37.2  4.70156e-09 
37.25  4.69837e-09 
37.3  4.69518e-09 
37.35  4.692e-09 
37.4  4.68883e-09 
37.45  4.68566e-09 
37.5  4.6825e-09 
37.55  4.67935e-09 
37.6  4.6762e-09 
37.65  4.67306e-09 
37.7  4.66993e-09 
37.75  4.6668e-09 
37.8  4.66368e-09 
37.85  4.66056e-09 
37.9  4.65745e-09 
37.95  4.65435e-09 
38  4.65125e-09 
38.05  4.64816e-09 
38.1  4.64508e-09 
38.15  4.642e-09 
38.2  4.63893e-09 
38.25  4.63586e-09 
38.3  4.6328e-09 
38.35  4.62975e-09 
38.4  4.6267e-09 
38.45  4.62366e-09 
38.5  4.62062e-09 
38.55  4.61759e-09 
38.6  4.61457e-09 
38.65  4.61155e-09 
38.7  4.60853e-09 
38.75  4.60553e-09 
38.8  4.60253e-09 
38.85  4.59953e-09 
38.9  4.59654e-09 
38.95  4.59356e-09 
39  4.59058e-09 
39.05  4.58761e-09 
39.1  4.58465e-09 
39.15  4.58169e-09 
39.2  4.57873e-09 
39.25  4.57578e-09 
39.3  4.57284e-09 
39.35  4.5699e-09 
39.4  4.56697e-09 
39.45  4.56405e-09 
39.5  4.56113e-09 
39.55  4.55821e-09 
39.6  4.5553e-09 
39.65  4.5524e-09 
39.7  4.5495e-09 
39.75  4.54661e-09 
39.8  4.54372e-09 
39.85  4.54084e-09 
39.9  4.53797e-09 
39.95  4.53509e-09 
40  4.53223e-09 
40.05  4.52937e-09 
40.1  4.52652e-09 
40.15  9.04449e-09 
40.2  4.51799e-09 
40.25  4.51515e-09 
40.3  4.51233e-09 
40.35  4.5095e-09 
40.4  4.50669e-09 
40.45  4.50387e-09 
40.5  4.50107e-09 
40.55  4.49827e-09 
40.6  4.49547e-09 
40.65  4.49268e-09 
40.7  4.4899e-09 
40.75  4.48711e-09 
40.8  4.48434e-09 
40.85  4.48157e-09 
40.9  4.4788e-09 
40.95  4.47604e-09 
41  4.47329e-09 
41.05  4.47054e-09 
41.1  4.4678e-09 
41.15  4.46506e-09 
41.2  4.46232e-09 
41.25  4.45959e-09 
41.3  4.45687e-09 
41.35  4.45415e-09 
41.4  4.45143e-09 
41.45  4.44872e-09 
41.5  4.44602e-09 
41.55  4.44332e-09 
41.6  4.44063e-09 
41.65  4.43794e-09 
41.7  4.43525e-09 
41.75  4.43257e-09 
41.8  4.4299e-09 
41.85  4.42722e-09 
41.9  4.42456e-09 
41.95  4.4219e-09 
42  4.41924e-09 
42.05  4.41659e-09 
42.1  4.41394e-09 
42.15  4.4113e-09 
42.2  4.40867e-09 
42.25  4.40603e-09 
42.3  4.40341e-09 
42.35  4.40078e-09 
42.4  4.39816e-09 
42.45  4.39555e-09 
42.5  4.39294e-09 
42.55  4.39034e-09 
42.6  4.38774e-09 
42.65  4.38514e-09 
42.7  4.38255e-09 
42.75  4.37997e-09 
42.8  4.37739e-09 
42.85  4.37481e-09 
42.9  4.37224e-09 
42.95  4.36967e-09 
43  4.36711e-09 
43.05  4.36455e-09 
43.1  8.72144e-09 
43.15  4.3569e-09 
43.2  4.35436e-09 
43.25  4.35182e-09 
43.3  4.34929e-09 
43.35  4.34677e-09 
43.4  4.34424e-09 
43.45  4.34172e-09 
43.5  4.33921e-09 
43.55  4.3367e-09 
43.6  4.33419e-09 
43.65  4.33169e-09 
43.7  4.32919e-09 
43.75  4.3267e-09 
43.8  4.32422e-09 
43.85  4.32173e-09 
43.9  4.31925e-09 
43.95  4.31678e-09 
44  4.3143e-09 
44.05  4.31184e-09 
44.1  4.30938e-09 
44.15  4.30692e-09 
44.2  4.30446e-09 
44.25  4.30201e-09 
44.3  4.29957e-09 
44.35  4.29712e-09 
44.4  4.29469e-09 
44.45  4.29225e-09 
44.5  4.28982e-09 
44.55  4.2874e-09 
44.6  4.28498e-09 
44.65  4.28256e-09 
44.7  4.28015e-09 
44.75  4.27774e-09 
44.8  4.27534e-09 
44.85  4.27294e-09 
44.9  4.27054e-09 
44.95  4.26814e-09 
45  4.26576e-09 
45.05  4.26337e-09 
45.1  4.26099e-09 
45.15  4.25861e-09 
45.2  4.25624e-09 
45.25  4.25387e-09 
45.3  4.25151e-09 
45.35  4.24915e-09 
45.4  4.24679e-09 
45.45  4.24444e-09 
45.5  4.24209e-09 
45.55  4.23974e-09 
45.6  4.2374e-09 
45.65  4.23506e-09 
45.7  4.23273e-09 
45.75  4.2304e-09 
45.8  4.22808e-09 
45.85  4.22575e-09 
45.9  4.22344e-09 
45.95  4.22112e-09 
46  4.21881e-09 
46.05  8.4307e-09 
46.1  4.2119e-09 
46.15  4.20961e-09 
46.2  4.20731e-09 
46.25  4.20503e-09 
46.3  4.20274e-09 
46.35  4.20046e-09 
46.4  4.19818e-09 
46.45  4.19591e-09 
46.5  4.19364e-09 
46.55  4.19138e-09 
46.6  4.18911e-09 
46.65  4.18686e-09 
46.7  4.1846e-09 
46.75  4.18235e-09 
46.8  4.1801e-09 
46.85  4.17786e-09 
46.9  4.17562e-09 
46.95  4.17338e-09 
47  4.17115e-09 
47.05  4.16892e-09 
47.1  4.16669e-09 
47.15  4.16447e-09 
47.2  4.16225e-09 
47.25  4.16004e-09 
47.3  4.15783e-09 
47.35  4.15562e-09 
47.4  4.15341e-09 
47.45  4.15121e-09 
47.5  4.14901e-09 
47.55  4.14682e-09 
47.6  4.14463e-09 
47.65  4.14244e-09 
47.7  4.14026e-09 
47.75  4.13808e-09 
47.8  4.1359e-09 
47.85  4.13373e-09 
47.9  4.13156e-09 
47.95  4.12939e-09 
48  4.12723e-09 
48.05  4.12507e-09 
48.1  4.12291e-09 
48.15  4.12076e-09 
48.2  4.11861e-09 
48.25  4.11646e-09 
48.3  4.11432e-09 
48.35  4.11218e-09 
48.4  4.11004e-09 
48.45  4.10791e-09 
48.5  4.10578e-09 
48.55  4.10365e-09 
48.6  4.10153e-09 
48.65  4.09941e-09 
48.7  4.09729e-09 
48.75  4.09518e-09 
48.8  4.09307e-09 
48.85  4.09096e-09 
48.9  4.08886e-09 
48.95  4.08676e-09 
49  4.08466e-09 
49.05  4.08257e-09 
