# Generated by Dust Drift Simulation (Date: Jan 23 2026 08:54:11)
# Main Dust Particle Motion and Properties
# Columns: 1. Time Step (Simulation Time), 2. Particle Index, 3. Radius [AU]
1  2.10914e-07 
1.05  4.74758e-07 
1.1  6.28827e-07 
1.15  8.29663e-07 
1.2  1.0257e-06 
1.25  1.16964e-06 
1.3  1.311e-06 
1.35  1.49552e-06 
1.4  1.63101e-06 
1.45  1.76406e-06 
1.5  1.89472e-06 
1.55  2.02302e-06 
1.6  2.14902e-06 
1.65  2.27275e-06 
1.7  2.39425e-06 
1.75  2.51354e-06 
1.8  2.63066e-06 
1.85  2.70754e-06 
1.9  2.82107e-06 
1.95  2.93246e-06 
2  3.00555e-06 
2.05  3.11339e-06 
2.1  3.18411e-06 
2.15  3.25386e-06 
2.2  3.32266e-06 
2.25  3.39049e-06 
2.3  3.45735e-06 
2.35  3.52323e-06 
2.4  3.58811e-06 
2.45  3.65198e-06 
2.5  3.71483e-06 
2.55  3.77663e-06 
2.6  3.04926e-08 
2.65  6.01257e-08 
2.7  2.96119e-08 
2.75  2.92847e-08 
2.8  2.89287e-08 
2.85  2.85332e-08 
2.9  2.81268e-08 
2.95  2.77343e-08 
3  2.73538e-08 
3.05  2.6985e-08 
3.1  2.66278e-08 
3.15  2.62812e-08 
3.2  2.59451e-08 
3.25  2.56191e-08 
3.3  2.53021e-08 
3.35  2.49949e-08 
3.4  2.46959e-08 
3.45  2.44054e-08 
3.5  2.41233e-08 
3.55  4.74307e-08 
3.6  2.3322e-08 
3.65  2.30689e-08 
3.7  2.28224e-08 
3.75  2.25822e-08 
3.8  2.23483e-08 
3.85  2.21202e-08 
3.9  2.18976e-08 
3.95  2.16804e-08 
4  2.14686e-08 
4.05  2.12616e-08 
4.1  2.10598e-08 
4.15  2.08626e-08 
4.2  2.06697e-08 
4.25  2.04813e-08 
4.3  2.02971e-08 
4.35  2.0117e-08 
4.4  1.99409e-08 
4.45  1.97684e-08 
4.5  1.95997e-08 
4.55  1.94345e-08 
4.6  1.92728e-08 
4.65  1.91144e-08 
4.7  1.89592e-08 
4.75  1.88072e-08 
4.8  1.86582e-08 
4.85  1.85121e-08 
4.9  1.83689e-08 
4.95  1.82283e-08 
5  1.80907e-08 
5.05  1.79555e-08 
5.1  1.78228e-08 
5.15  1.76927e-08 
5.2  1.75649e-08 
5.25  1.74394e-08 
5.3  1.73163e-08 
5.35  1.71952e-08 
5.4  1.70763e-08 
5.45  1.69595e-08 
5.5  1.68448e-08 
5.55  1.67319e-08 
5.6  1.6621e-08 
5.65  1.6512e-08 
5.7  1.64048e-08 
5.75  1.62994e-08 
5.8  1.61957e-08 
5.85  1.60936e-08 
5.9  1.59932e-08 
5.95  1.58945e-08 
6  1.57972e-08 
6.05  1.57015e-08 
6.1  1.56073e-08 
6.15  1.55146e-08 
6.2  1.54232e-08 
6.25  1.53333e-08 
6.3  1.52447e-08 
6.35  1.51574e-08 
6.4  1.50713e-08 
6.45  1.49866e-08 
6.5  1.49031e-08 
6.55  1.48208e-08 
6.6  1.47397e-08 
6.65  1.46597e-08 
6.7  1.45808e-08 
6.75  1.45031e-08 
6.8  1.44264e-08 
6.85  1.43508e-08 
6.9  1.42762e-08 
6.95  1.42026e-08 
7  1.413e-08 
7.05  1.40584e-08 
7.1  1.39878e-08 
7.15  1.3918e-08 
7.2  1.38492e-08 
7.25  1.37813e-08 
7.3  1.37142e-08 
7.35  1.3648e-08 
7.4  1.35826e-08 
7.45  1.35181e-08 
7.5  1.34543e-08 
7.55  1.33914e-08 
7.6  1.33292e-08 
7.65  1.32678e-08 
7.7  1.32071e-08 
7.75  1.31472e-08 
7.8  1.3088e-08 
7.85  1.30295e-08 
7.9  1.29716e-08 
7.95  1.29145e-08 
8  1.2858e-08 
8.05  1.28022e-08 
8.1  1.27471e-08 
8.15  1.26925e-08 
8.2  1.26386e-08 
8.25  1.25853e-08 
8.3  1.25326e-08 
8.35  1.24804e-08 
8.4  1.24289e-08 
8.45  1.23779e-08 
8.5  1.23275e-08 
8.55  1.22776e-08 
8.6  1.22283e-08 
8.65  1.21795e-08 
8.7  1.21312e-08 
8.75  1.20834e-08 
8.8  1.20361e-08 
8.85  1.19893e-08 
8.9  1.19431e-08 
8.95  1.18973e-08 
9  1.18519e-08 
9.05  1.18071e-08 
9.1  1.17626e-08 
9.15  1.17187e-08 
9.2  1.16752e-08 
9.25  1.16321e-08 
9.3  1.15894e-08 
9.35  1.15472e-08 
9.4  1.15053e-08 
9.45  1.14639e-08 
9.5  1.14229e-08 
9.55  1.13823e-08 
9.6  1.13421e-08 
9.65  1.13023e-08 
9.7  1.12628e-08 
9.75  1.12237e-08 
9.8  1.1185e-08 
9.85  1.11466e-08 
9.9  1.11086e-08 
9.95  1.1071e-08 
10  1.10337e-08 
10.05  1.09967e-08 
10.1  1.09601e-08 
10.15  1.09238e-08 
10.2  1.08878e-08 
10.25  1.08522e-08 
10.3  1.08169e-08 
10.35  1.07818e-08 
10.4  1.07471e-08 
10.45  1.07127e-08 
10.5  1.06786e-08 
10.55  1.06448e-08 
10.6  1.06113e-08 
10.65  1.05781e-08 
10.7  1.05452e-08 
10.75  1.05125e-08 
10.8  1.04801e-08 
10.85  1.0448e-08 
10.9  1.04162e-08 
10.95  1.03846e-08 
11  1.03533e-08 
11.05  1.03222e-08 
11.1  1.02914e-08 
11.15  1.02609e-08 
11.2  1.02306e-08 
11.25  1.02006e-08 
11.3  1.01708e-08 
11.35  1.01412e-08 
11.4  1.01118e-08 
11.45  1.00828e-08 
11.5  1.00539e-08 
11.55  1.00253e-08 
11.6  9.99684e-09 
11.65  9.96864e-09 
11.7  9.94067e-09 
11.75  9.91291e-09 
11.8  9.88537e-09 
11.85  9.85804e-09 
11.9  1.96349e-08 
11.95  9.77729e-09 
12  9.75078e-09 
12.05  9.72446e-09 
12.1  9.69834e-09 
12.15  9.67242e-09 
12.2  9.64669e-09 
12.25  9.62115e-09 
12.3  9.5958e-09 
12.35  9.57063e-09 
12.4  9.54564e-09 
12.45  9.52084e-09 
12.5  9.49621e-09 
12.55  9.47176e-09 
12.6  9.44749e-09 
12.65  9.42339e-09 
12.7  9.39946e-09 
12.75  9.3757e-09 
12.8  9.35211e-09 
12.85  9.32867e-09 
12.9  9.3054e-09 
12.95  9.2823e-09 
13  9.25936e-09 
13.05  9.23657e-09 
13.1  9.21394e-09 
13.15  9.19146e-09 
13.2  9.16914e-09 
13.25  9.14697e-09 
13.3  9.12495e-09 
13.35  9.10307e-09 
13.4  9.08135e-09 
13.45  9.05977e-09 
13.5  9.03832e-09 
13.55  9.01703e-09 
13.6  8.99587e-09 
13.65  8.97485e-09 
13.7  8.95397e-09 
13.75  8.93322e-09 
13.8  8.91261e-09 
13.85  8.89214e-09 
13.9  8.87179e-09 
13.95  8.85157e-09 
14  8.83148e-09 
14.05  8.81153e-09 
14.1  8.79169e-09 
14.15  8.77199e-09 
14.2  8.7524e-09 
14.25  8.73294e-09 
14.3  8.7136e-09 
14.35  8.69438e-09 
14.4  8.67528e-09 
14.45  8.6563e-09 
14.5  8.63744e-09 
14.55  8.61869e-09 
14.6  8.60005e-09 
14.65  8.58153e-09 
14.7  8.56312e-09 
14.75  8.54482e-09 
14.8  8.52663e-09 
14.85  8.50855e-09 
14.9  8.49058e-09 
14.95  8.47272e-09 
15  8.45495e-09 
15.05  8.4373e-09 
15.1  8.41975e-09 
15.15  8.4023e-09 
15.2  8.38496e-09 
15.25  8.36771e-09 
15.3  8.35057e-09 
15.35  8.33352e-09 
15.4  8.31658e-09 
15.45  8.29973e-09 
15.5  8.28298e-09 
15.55  8.26632e-09 
15.6  8.24976e-09 
15.65  8.23329e-09 
15.7  8.21691e-09 
15.75  8.20063e-09 
15.8  8.18443e-09 
15.85  8.16833e-09 
15.9  8.15232e-09 
15.95  8.1364e-09 
16  8.12056e-09 
16.05  8.10481e-09 
16.1  8.08915e-09 
16.15  8.07357e-09 
16.2  8.05808e-09 
16.25  8.04267e-09 
16.3  8.02735e-09 
16.35  8.01211e-09 
16.4  7.99695e-09 
16.45  7.98187e-09 
16.5  7.96688e-09 
16.55  7.95196e-09 
16.6  7.93712e-09 
16.65  7.92236e-09 
16.7  7.90768e-09 
16.75  7.89308e-09 
16.8  7.87855e-09 
16.85  7.8641e-09 
16.9  7.84972e-09 
16.95  7.83542e-09 
17  7.8212e-09 
17.05  7.80704e-09 
17.1  7.79296e-09 
17.15  7.77895e-09 
17.2  7.76501e-09 
17.25  7.75114e-09 
17.3  7.73734e-09 
17.35  7.72361e-09 
17.4  7.70995e-09 
17.45  7.69636e-09 
17.5  7.68283e-09 
17.55  7.66937e-09 
17.6  7.65598e-09 
17.65  7.64265e-09 
17.7  7.62938e-09 
17.75  7.61617e-09 
17.8  7.60303e-09 
17.85  7.58994e-09 
17.9  7.57691e-09 
17.95  7.56394e-09 
18  7.55103e-09 
18.05  7.53816e-09 
18.1  7.52534e-09 
18.15  7.51258e-09 
18.2  7.49985e-09 
18.25  7.48716e-09 
18.3  7.47452e-09 
18.35  7.4619e-09 
18.4  7.44932e-09 
18.45  7.43676e-09 
18.5  7.42423e-09 
18.55  7.41173e-09 
18.6  7.39926e-09 
18.65  7.38682e-09 
18.7  7.37443e-09 
18.75  7.36211e-09 
18.8  7.34985e-09 
18.85  7.33768e-09 
18.9  7.32562e-09 
18.95  7.31368e-09 
19  7.30186e-09 
19.05  7.29013e-09 
19.1  7.27852e-09 
19.15  7.26699e-09 
19.2  7.25549e-09 
19.25  7.24404e-09 
19.3  7.23262e-09 
19.35  7.22116e-09 
19.4  7.20969e-09 
19.45  7.19821e-09 
19.5  7.18665e-09 
19.55  7.17503e-09 
19.6  7.16338e-09 
19.65  7.15168e-09 
19.7  7.13991e-09 
19.75  7.12801e-09 
19.8  7.1161e-09 
19.85  7.1041e-09 
19.9  7.09196e-09 
19.95  7.07992e-09 
20  7.06758e-09 
20.1  7.05542e-09 
20.15  7.04283e-09 
20.2  7.03048e-09 
20.25  7.01795e-09 
20.3  7.00509e-09 
20.35  6.99243e-09 
20.4  6.97911e-09 
20.45  6.96617e-09 
20.55  6.95233e-09 
20.6  6.93879e-09 
20.65  6.92495e-09 
20.7  6.91039e-09 
20.8  6.89603e-09 
20.85  6.88048e-09 
20.9  6.86348e-09 
21  6.8457e-09 
21.05  6.82609e-09 
21.15  6.80467e-09 
21.25  6.77913e-09 
21.4  6.74819e-09 
21.55  6.70493e-09 
21.85  6.62214e-09 
23.5  2.25082e-07 
23.55  6.34203e-09 
23.65  6.32375e-09 
23.75  6.30206e-09 
23.85  6.28218e-09 
23.95  6.25974e-09 
24.1  6.23381e-09 
24.2  6.21076e-09 
24.3  6.18445e-09 
24.45  6.15868e-09 
24.5  6.14656e-09 
24.55  6.14116e-09 
24.6  1.22765e-08 
24.65  3.68409e-08 
24.7  6.75979e-08 
24.75  9.84218e-08 
24.8  1.23125e-07 
24.85  1.41671e-07 
24.9  1.60227e-07 
24.95  1.72598e-07 
25  1.84965e-07 
25.05  1.97324e-07 
25.1  6.17521e-09 
25.15  6.17148e-09 
25.2  1.23293e-08 
25.25  6.1567e-09 
25.3  6.15061e-09 
25.35  6.14408e-09 
25.4  6.13743e-09 
25.45  6.13073e-09 
25.5  6.12398e-09 
25.55  6.11721e-09 
25.6  6.11042e-09 
25.65  6.10361e-09 
25.7  6.09681e-09 
25.75  6.09001e-09 
25.8  6.08321e-09 
25.85  6.07642e-09 
25.9  6.06964e-09 
25.95  6.06287e-09 
26  6.05612e-09 
26.05  6.04938e-09 
26.1  6.04266e-09 
26.15  6.03595e-09 
26.2  6.02927e-09 
26.25  6.0226e-09 
26.3  6.01595e-09 
26.35  6.00933e-09 
26.4  6.00272e-09 
26.45  5.99613e-09 
26.5  5.98956e-09 
26.55  5.98302e-09 
26.6  5.97649e-09 
26.65  5.96998e-09 
26.7  5.96349e-09 
26.75  5.95703e-09 
26.8  5.95058e-09 
26.85  5.94415e-09 
26.9  5.93774e-09 
26.95  5.93136e-09 
27  5.92499e-09 
27.05  5.91864e-09 
27.1  5.91232e-09 
27.15  5.90601e-09 
27.2  5.89972e-09 
27.25  5.89345e-09 
27.3  5.8872e-09 
27.35  5.88097e-09 
27.4  5.87476e-09 
27.45  5.86857e-09 
27.5  5.8624e-09 
27.55  5.85624e-09 
27.6  5.85011e-09 
27.65  5.84399e-09 
27.7  5.83789e-09 
27.75  5.83182e-09 
27.8  5.82576e-09 
27.85  5.81971e-09 
27.9  5.81369e-09 
27.95  5.80769e-09 
28  5.8017e-09 
28.05  5.79573e-09 
28.1  5.78978e-09 
28.15  5.78385e-09 
28.2  5.77793e-09 
28.25  5.77203e-09 
28.3  5.76615e-09 
28.35  5.76029e-09 
28.4  5.75444e-09 
28.45  5.74861e-09 
28.5  5.74281e-09 
28.55  5.73701e-09 
28.6  5.73124e-09 
28.65  5.72547e-09 
28.7  1.14337e-08 
28.75  5.7083e-09 
28.8  5.70261e-09 
28.85  5.69693e-09 
28.9  5.69127e-09 
28.95  5.68563e-09 
29  5.68e-09 
29.05  5.67439e-09 
29.1  5.6688e-09 
29.15  5.66322e-09 
29.2  5.65766e-09 
29.25  5.65212e-09 
29.3  5.64659e-09 
29.35  5.64107e-09 
29.4  5.63557e-09 
29.45  5.63009e-09 
29.5  5.62463e-09 
29.55  5.61918e-09 
29.6  5.61374e-09 
29.65  5.60832e-09 
29.7  5.60292e-09 
29.75  5.59753e-09 
29.8  5.59215e-09 
29.85  5.58679e-09 
29.9  5.58145e-09 
29.95  5.57612e-09 
30  5.5708e-09 
30.05  5.56551e-09 
30.1  5.56022e-09 
30.15  5.55495e-09 
30.2  5.5497e-09 
30.25  5.54446e-09 
30.3  5.53923e-09 
30.35  5.53402e-09 
30.4  5.52882e-09 
30.45  5.52364e-09 
30.5  5.51847e-09 
30.55  5.51332e-09 
30.6  5.50818e-09 
30.65  5.50305e-09 
30.7  5.49794e-09 
30.75  5.49284e-09 
30.8  5.48775e-09 
30.85  5.48268e-09 
30.9  5.47763e-09 
30.95  5.47258e-09 
31  5.46756e-09 
31.05  5.46254e-09 
31.1  5.45754e-09 
31.15  5.45255e-09 
31.2  5.44757e-09 
31.25  5.44261e-09 
31.3  5.43766e-09 
31.35  5.43272e-09 
31.4  5.4278e-09 
31.45  5.42289e-09 
31.5  5.418e-09 
31.55  5.41311e-09 
31.6  5.40824e-09 
31.65  5.40338e-09 
31.7  5.39854e-09 
31.75  5.39371e-09 
31.8  5.38889e-09 
31.85  5.38408e-09 
31.9  5.37929e-09 
31.95  5.3745e-09 
32  5.36973e-09 
32.05  5.36498e-09 
32.1  5.36023e-09 
32.15  5.3555e-09 
32.2  5.35078e-09 
32.25  5.34608e-09 
32.3  5.34138e-09 
32.35  5.3367e-09 
32.4  5.33203e-09 
32.45  5.32737e-09 
32.5  5.32272e-09 
32.55  5.31808e-09 
32.6  5.31346e-09 
32.65  5.30885e-09 
32.7  5.30425e-09 
32.75  5.29966e-09 
32.8  5.29509e-09 
32.85  5.29052e-09 
32.9  5.28597e-09 
32.95  5.28143e-09 
33  5.2769e-09 
33.05  5.27238e-09 
33.1  5.26787e-09 
33.15  5.26337e-09 
33.2  5.25889e-09 
33.25  5.25442e-09 
33.3  5.24995e-09 
33.35  5.2455e-09 
33.4  5.24106e-09 
33.45  5.23663e-09 
33.5  5.23222e-09 
33.55  5.22781e-09 
33.6  5.22341e-09 
33.65  5.21903e-09 
33.7  5.21465e-09 
33.75  5.21029e-09 
33.8  5.20594e-09 
33.85  5.2016e-09 
33.9  5.19727e-09 
33.95  5.19294e-09 
34  5.18863e-09 
34.05  5.18433e-09 
34.1  5.18004e-09 
34.15  5.17577e-09 
34.2  5.1715e-09 
34.25  5.16724e-09 
34.3  5.16299e-09 
34.35  5.15876e-09 
34.4  5.15453e-09 
34.45  5.15031e-09 
34.5  5.14611e-09 
34.55  5.14191e-09 
34.6  5.13772e-09 
34.65  5.13355e-09 
34.7  5.12938e-09 
34.75  5.12522e-09 
34.8  5.12108e-09 
34.85  5.11694e-09 
34.9  5.11281e-09 
34.95  5.1087e-09 
35  5.10459e-09 
35.05  5.10049e-09 
35.1  5.0964e-09 
35.15  5.09233e-09 
35.2  5.08826e-09 
35.25  5.0842e-09 
35.3  5.08015e-09 
35.35  5.07611e-09 
35.4  5.07208e-09 
35.45  5.06806e-09 
35.5  5.06405e-09 
35.55  5.06005e-09 
35.6  5.05605e-09 
35.65  5.05207e-09 
35.7  5.04809e-09 
35.75  5.04413e-09 
35.8  5.04017e-09 
35.85  5.03623e-09 
35.9  5.03229e-09 
35.95  5.02836e-09 
36  5.02444e-09 
36.05  5.02053e-09 
36.1  5.01663e-09 
36.15  5.01274e-09 
36.2  5.00885e-09 
36.25  5.00498e-09 
36.3  9.99837e-09 
36.35  4.99341e-09 
36.4  4.98957e-09 
36.45  4.98574e-09 
36.5  4.98192e-09 
36.55  4.9781e-09 
36.6  4.9743e-09 
36.65  4.9705e-09 
36.7  4.96671e-09 
36.75  4.96294e-09 
36.8  4.95916e-09 
36.85  4.9554e-09 
36.9  4.95165e-09 
36.95  4.9479e-09 
37  4.94417e-09 
37.05  4.94044e-09 
37.1  4.93672e-09 
37.15  4.93301e-09 
37.2  4.9293e-09 
37.25  4.92561e-09 
37.3  4.92192e-09 
37.35  4.91824e-09 
37.4  4.91457e-09 
37.45  4.91091e-09 
37.5  4.90725e-09 
37.55  4.9036e-09 
37.6  4.89997e-09 
37.65  4.89633e-09 
37.7  4.89271e-09 
37.75  4.8891e-09 
37.8  4.88549e-09 
37.85  4.88189e-09 
37.9  4.8783e-09 
37.95  4.87471e-09 
38  4.87114e-09 
38.05  4.86757e-09 
38.1  4.86401e-09 
38.15  4.86046e-09 
38.2  4.85691e-09 
38.25  4.85337e-09 
38.3  4.84984e-09 
38.35  4.84632e-09 
38.4  4.84281e-09 
38.45  4.8393e-09 
38.5  4.8358e-09 
38.55  4.83231e-09 
38.6  4.82882e-09 
38.65  4.82535e-09 
38.7  4.82188e-09 
38.75  4.81841e-09 
38.8  4.81496e-09 
38.85  4.81151e-09 
38.9  4.80807e-09 
38.95  4.80464e-09 
39  4.80121e-09 
39.05  4.79779e-09 
39.1  4.79438e-09 
39.15  4.79098e-09 
39.2  4.78758e-09 
39.25  4.78419e-09 
39.3  4.78081e-09 
39.35  4.77743e-09 
39.4  4.77406e-09 
39.45  4.7707e-09 
39.5  4.76735e-09 
39.55  4.764e-09 
39.6  4.76066e-09 
39.65  4.75732e-09 
39.7  4.754e-09 
39.75  4.75068e-09 
39.8  4.74736e-09 
39.85  4.74406e-09 
39.9  4.74076e-09 
39.95  4.73746e-09 
40  4.73418e-09 
40.05  4.7309e-09 
40.1  4.72763e-09 
40.15  4.72436e-09 
40.2  4.7211e-09 
40.25  4.71785e-09 
40.3  4.7146e-09 
40.35  4.71136e-09 
40.4  4.70813e-09 
40.45  4.70491e-09 
40.5  4.70169e-09 
40.55  4.69848e-09 
40.6  4.69527e-09 
40.65  4.69207e-09 
40.7  4.68887e-09 
40.75  4.68569e-09 
40.8  4.6825e-09 
40.85  4.67933e-09 
40.9  4.67616e-09 
40.95  4.673e-09 
41  4.66984e-09 
41.05  4.6667e-09 
41.1  4.66356e-09 
41.15  4.66042e-09 
41.2  4.65729e-09 
41.25  4.65416e-09 
41.3  4.65105e-09 
41.35  4.64793e-09 
41.4  4.64483e-09 
41.45  4.64173e-09 
41.5  4.63864e-09 
41.55  4.63555e-09 
41.6  4.63247e-09 
41.65  4.62939e-09 
41.7  4.62633e-09 
41.75  4.62326e-09 
41.8  4.62021e-09 
41.85  4.61715e-09 
41.9  4.61411e-09 
41.95  4.61107e-09 
42  4.60804e-09 
42.05  4.60501e-09 
42.1  4.60199e-09 
42.15  4.59898e-09 
42.2  4.59597e-09 
42.25  4.59296e-09 
42.3  4.58996e-09 
42.35  4.58697e-09 
42.4  4.58399e-09 
42.45  4.58101e-09 
42.5  4.57803e-09 
42.55  4.57506e-09 
42.6  4.5721e-09 
42.65  4.56914e-09 
42.7  4.56619e-09 
42.75  4.56324e-09 
42.8  4.5603e-09 
42.85  4.55737e-09 
42.9  4.55444e-09 
42.95  4.55152e-09 
43  4.5486e-09 
43.05  4.54569e-09 
43.1  4.54278e-09 
43.15  4.53988e-09 
43.2  4.53698e-09 
43.25  4.53409e-09 
43.3  4.5312e-09 
43.35  4.52832e-09 
43.4  9.04803e-09 
43.45  4.51972e-09 
43.5  4.51686e-09 
43.55  4.51401e-09 
43.6  4.51116e-09 
43.65  4.50832e-09 
43.7  4.50548e-09 
43.75  4.50265e-09 
43.8  4.49982e-09 
43.85  4.497e-09 
43.9  4.49419e-09 
43.95  4.49138e-09 
44  4.48857e-09 
44.05  4.48577e-09 
44.1  4.48298e-09 
44.15  4.48019e-09 
44.2  4.4774e-09 
44.25  4.47462e-09 
44.3  4.47185e-09 
44.35  4.46908e-09 
44.4  4.46632e-09 
44.45  4.46356e-09 
44.5  4.4608e-09 
44.55  4.45805e-09 
44.6  4.45531e-09 
44.65  4.45257e-09 
44.7  4.44984e-09 
44.75  4.44711e-09 
44.8  4.44439e-09 
44.85  4.44167e-09 
44.9  4.43895e-09 
44.95  4.43624e-09 
45  4.43354e-09 
45.05  4.43084e-09 
45.1  4.42815e-09 
45.15  4.42546e-09 
45.2  4.42277e-09 
45.25  4.42009e-09 
45.3  4.41742e-09 
