# Generated by Dust Drift Simulation (Date: Jan 23 2026 08:54:11)
# Main Dust Particle Motion and Properties
# Columns: 1. Time Step (Simulation Time), 2. Particle Index, 3. Radius [AU]
1  2.6795e-07 
1.05  5.99212e-07 
1.1  7.91123e-07 
1.15  1.03908e-06 
1.2  1.27908e-06 
1.25  1.45411e-06 
1.3  1.62503e-06 
1.35  1.84677e-06 
1.4  2.00865e-06 
1.45  2.16687e-06 
1.5  2.32154e-06 
1.55  2.47277e-06 
1.6  2.62066e-06 
1.65  2.76532e-06 
1.7  2.90682e-06 
1.75  3.04523e-06 
1.8  3.18062e-06 
1.85  3.26923e-06 
1.9  3.3997e-06 
1.95  3.48508e-06 
2  3.61076e-06 
2.05  3.69297e-06 
2.1  3.77392e-06 
2.15  3.893e-06 
2.2  3.97082e-06 
2.25  4.04739e-06 
2.3  4.12272e-06 
2.35  4.1968e-06 
2.4  4.26964e-06 
2.45  3.59533e-08 
2.5  7.097e-08 
2.55  1.40687e-07 
2.6  2.09135e-07 
2.65  3.37311e-08 
2.7  6.64378e-08 
2.75  3.267e-08 
2.8  3.22662e-08 
2.85  3.18126e-08 
2.9  3.13408e-08 
2.95  3.08857e-08 
3  3.04435e-08 
3.05  3.00155e-08 
3.1  2.96001e-08 
3.15  2.9198e-08 
3.2  2.88074e-08 
3.25  2.8429e-08 
3.3  2.80611e-08 
3.35  2.77044e-08 
3.4  2.73579e-08 
3.45  2.70214e-08 
3.5  2.66941e-08 
3.55  2.63758e-08 
3.6  2.60666e-08 
3.65  2.57656e-08 
3.7  2.54726e-08 
3.75  2.51875e-08 
3.8  2.49094e-08 
3.85  2.46388e-08 
3.9  2.4375e-08 
3.95  2.41177e-08 
4  2.38669e-08 
4.05  2.3622e-08 
4.1  2.33831e-08 
4.15  2.31499e-08 
4.2  2.29222e-08 
4.25  2.26997e-08 
4.3  2.24823e-08 
4.35  2.22697e-08 
4.4  2.20621e-08 
4.45  2.18589e-08 
4.5  2.16602e-08 
4.55  2.14658e-08 
4.6  2.12755e-08 
4.65  2.10892e-08 
4.7  2.09069e-08 
4.75  2.07282e-08 
4.8  2.05533e-08 
4.85  2.03818e-08 
4.9  2.02138e-08 
4.95  2.00491e-08 
5  1.98877e-08 
5.05  1.97293e-08 
5.1  1.95741e-08 
5.15  1.94217e-08 
5.2  1.92722e-08 
5.25  1.91255e-08 
5.3  1.89815e-08 
5.35  1.88402e-08 
5.4  1.87013e-08 
5.45  1.85649e-08 
5.5  1.84311e-08 
5.55  1.82995e-08 
5.6  1.81702e-08 
5.65  1.80432e-08 
5.7  1.79182e-08 
5.75  1.77955e-08 
5.8  1.76748e-08 
5.85  1.75562e-08 
5.9  1.74394e-08 
5.95  1.73246e-08 
6  1.72117e-08 
6.05  1.71005e-08 
6.1  1.69911e-08 
6.15  1.68835e-08 
6.2  1.67775e-08 
6.25  1.66732e-08 
6.3  1.65705e-08 
6.35  1.64693e-08 
6.4  1.63697e-08 
6.45  1.62716e-08 
6.5  1.61749e-08 
6.55  1.60797e-08 
6.6  1.59858e-08 
6.65  1.58933e-08 
6.7  1.58022e-08 
6.75  1.57124e-08 
6.8  1.56238e-08 
6.85  1.55365e-08 
6.9  1.54504e-08 
6.95  1.53656e-08 
7  1.52818e-08 
7.05  1.51993e-08 
7.1  1.51178e-08 
7.15  1.50375e-08 
7.2  1.49582e-08 
7.25  1.488e-08 
7.3  1.48028e-08 
7.35  1.47266e-08 
7.4  1.46514e-08 
7.45  1.45772e-08 
7.5  1.45039e-08 
7.55  1.44316e-08 
7.6  1.43602e-08 
7.65  1.42897e-08 
7.7  1.42201e-08 
7.75  1.41513e-08 
7.8  1.40834e-08 
7.85  1.40163e-08 
7.9  1.395e-08 
7.95  1.38845e-08 
8  1.38198e-08 
8.05  1.37558e-08 
8.1  1.36927e-08 
8.15  1.36303e-08 
8.2  1.35686e-08 
8.25  1.35076e-08 
8.3  1.34473e-08 
8.35  1.33877e-08 
8.4  1.33288e-08 
8.45  1.32705e-08 
8.5  1.32129e-08 
8.55  1.3156e-08 
8.6  1.30997e-08 
8.65  1.3044e-08 
8.7  1.29889e-08 
8.75  1.29344e-08 
8.8  1.28805e-08 
8.85  1.28272e-08 
8.9  1.27744e-08 
8.95  1.27223e-08 
9  1.26706e-08 
9.05  1.26195e-08 
9.1  1.2569e-08 
9.15  1.2519e-08 
9.2  1.24695e-08 
9.25  1.24205e-08 
9.3  1.2372e-08 
9.35  1.23239e-08 
9.4  1.22764e-08 
9.45  1.22294e-08 
9.5  1.21828e-08 
9.55  1.21367e-08 
9.6  1.2091e-08 
9.65  1.20458e-08 
9.7  1.20011e-08 
9.75  1.19567e-08 
9.8  1.19128e-08 
9.85  1.18694e-08 
9.9  1.18263e-08 
9.95  1.17837e-08 
10  1.17414e-08 
10.05  1.16995e-08 
10.1  1.16581e-08 
10.15  1.1617e-08 
10.2  1.15763e-08 
10.25  1.1536e-08 
10.3  1.1496e-08 
10.35  1.14565e-08 
10.4  1.14172e-08 
10.45  1.13783e-08 
10.5  1.13398e-08 
10.55  1.13017e-08 
10.6  1.12638e-08 
10.65  1.12263e-08 
10.7  1.11891e-08 
10.75  1.11523e-08 
10.8  1.11158e-08 
10.85  1.10796e-08 
10.9  1.10437e-08 
10.95  1.10081e-08 
11  1.09728e-08 
11.05  1.09378e-08 
11.1  1.09031e-08 
11.15  1.08687e-08 
11.2  1.08346e-08 
11.25  1.08008e-08 
11.3  1.07672e-08 
11.35  1.0734e-08 
11.4  1.0701e-08 
11.45  1.06683e-08 
11.5  1.06358e-08 
11.55  1.06036e-08 
11.6  1.05717e-08 
11.65  1.054e-08 
11.7  1.05086e-08 
11.75  1.04774e-08 
11.8  1.04465e-08 
11.85  1.04158e-08 
11.9  1.03854e-08 
11.95  1.03552e-08 
12  1.03252e-08 
12.05  1.02955e-08 
12.1  1.0266e-08 
12.15  1.02367e-08 
12.2  1.02076e-08 
12.25  1.01788e-08 
12.3  1.01502e-08 
12.35  1.01218e-08 
12.4  1.00936e-08 
12.45  1.00657e-08 
12.5  1.00379e-08 
12.55  1.00103e-08 
12.6  9.98297e-09 
12.65  9.95582e-09 
12.7  9.92887e-09 
12.75  9.90211e-09 
12.8  9.87556e-09 
12.85  9.84918e-09 
12.9  9.823e-09 
12.95  9.79702e-09 
13  9.7712e-09 
13.05  9.74559e-09 
13.1  9.72014e-09 
13.15  9.69488e-09 
13.2  9.6698e-09 
13.25  9.64489e-09 
13.3  9.62016e-09 
13.35  9.5956e-09 
13.4  9.57121e-09 
13.45  9.54699e-09 
13.5  9.52293e-09 
13.55  9.49904e-09 
13.6  9.4753e-09 
13.65  9.45173e-09 
13.7  9.42833e-09 
13.75  9.40507e-09 
13.8  9.38197e-09 
13.85  9.35904e-09 
13.9  9.33624e-09 
13.95  9.31361e-09 
14  9.29112e-09 
14.05  9.26878e-09 
14.1  9.24658e-09 
14.15  9.22453e-09 
14.2  9.20262e-09 
14.25  9.18086e-09 
14.3  9.15924e-09 
14.35  9.13775e-09 
14.4  9.1164e-09 
14.45  9.09519e-09 
14.5  9.07412e-09 
14.55  9.05317e-09 
14.6  9.03236e-09 
14.65  9.01168e-09 
14.7  8.99113e-09 
14.75  8.97071e-09 
14.8  8.95041e-09 
14.85  8.93024e-09 
14.9  8.9102e-09 
14.95  8.89027e-09 
15  8.87048e-09 
15.05  8.8508e-09 
15.1  8.83123e-09 
15.15  8.81179e-09 
15.2  8.79247e-09 
15.25  8.77325e-09 
15.3  8.75416e-09 
15.35  8.73517e-09 
15.4  8.7163e-09 
15.45  8.69755e-09 
15.5  8.6789e-09 
15.55  8.66035e-09 
15.6  8.64192e-09 
15.65  8.62359e-09 
15.7  8.60536e-09 
15.75  8.58723e-09 
15.8  8.5692e-09 
15.85  8.55127e-09 
15.9  8.53344e-09 
15.95  8.5157e-09 
16  8.49805e-09 
16.05  8.48048e-09 
16.1  8.463e-09 
16.15  8.4456e-09 
16.2  8.42827e-09 
16.25  8.41102e-09 
16.3  8.39383e-09 
16.35  8.37671e-09 
16.4  8.35964e-09 
16.45  8.34262e-09 
16.5  8.32566e-09 
16.55  8.30876e-09 
16.6  8.29191e-09 
16.65  8.27512e-09 
16.7  8.25841e-09 
16.75  8.2418e-09 
16.8  8.22529e-09 
16.85  8.20892e-09 
16.9  8.1927e-09 
16.95  8.17665e-09 
17  8.16077e-09 
17.05  8.14501e-09 
17.1  8.12942e-09 
17.15  8.11396e-09 
17.2  8.09853e-09 
17.25  8.08319e-09 
17.3  8.06791e-09 
17.35  8.05259e-09 
17.4  8.03727e-09 
17.45  8.02197e-09 
17.5  8.00656e-09 
17.55  7.99111e-09 
17.6  7.97563e-09 
17.65  7.9601e-09 
17.7  7.9445e-09 
17.75  7.92877e-09 
17.8  7.91303e-09 
17.85  7.89719e-09 
17.9  7.88119e-09 
18  7.86535e-09 
18.05  7.84914e-09 
18.1  7.83316e-09 
18.15  7.81668e-09 
18.2  7.80051e-09 
18.25  7.78413e-09 
18.3  7.76735e-09 
18.35  7.75085e-09 
18.45  7.73353e-09 
18.5  7.71671e-09 
18.55  7.6988e-09 
18.6  7.68128e-09 
18.65  7.6634e-09 
18.75  7.64466e-09 
18.8  7.62617e-09 
18.85  7.60624e-09 
18.95  7.58456e-09 
19  7.56193e-09 
19.1  7.53709e-09 
19.2  7.51007e-09 
19.3  7.47803e-09 
19.4  7.43943e-09 
19.55  7.38585e-09 
19.85  7.28422e-09 
23.5  3.08115e-07 
23.6  6.40143e-09 
24.7  6.12084e-09 
24.8  4.28433e-08 
24.85  2.41579e-07 
24.9  3.23649e-07 
24.95  3.61733e-07 
25  3.87169e-07 
25.05  3.99893e-07 
25.1  4.18977e-07 
25.15  4.31693e-07 
25.2  6.35394e-09 
25.25  1.26967e-08 
25.3  6.34151e-09 
25.35  6.33609e-09 
25.4  6.33006e-09 
25.45  6.32346e-09 
25.5  6.3164e-09 
25.55  6.30925e-09 
25.6  6.30204e-09 
25.65  6.29479e-09 
25.7  6.28751e-09 
25.75  6.28021e-09 
25.8  6.27291e-09 
25.85  6.2656e-09 
25.9  6.2583e-09 
25.95  6.251e-09 
26  6.24371e-09 
26.05  6.23644e-09 
26.1  6.22918e-09 
26.15  6.22193e-09 
26.2  6.21471e-09 
26.25  6.2075e-09 
26.3  6.20031e-09 
26.35  6.19314e-09 
26.4  6.18599e-09 
26.45  6.17887e-09 
26.5  6.17176e-09 
26.55  6.16468e-09 
26.6  6.15762e-09 
26.65  6.15058e-09 
26.7  6.14356e-09 
26.75  6.13657e-09 
26.8  6.1296e-09 
26.85  6.12265e-09 
26.9  6.11572e-09 
26.95  6.10882e-09 
27  6.10193e-09 
27.05  6.09507e-09 
27.1  6.08823e-09 
27.15  6.08141e-09 
27.2  6.07462e-09 
27.25  6.06785e-09 
27.3  6.06109e-09 
27.35  6.05436e-09 
27.4  6.04765e-09 
27.45  6.04096e-09 
27.5  6.0343e-09 
27.55  6.02765e-09 
27.6  6.02103e-09 
27.65  6.01443e-09 
27.7  6.00784e-09 
27.75  6.00128e-09 
27.8  5.99474e-09 
27.85  5.98822e-09 
27.9  5.98172e-09 
27.95  5.97524e-09 
28  5.96878e-09 
28.05  5.96234e-09 
28.1  5.95592e-09 
28.15  5.94952e-09 
28.2  5.94314e-09 
28.25  5.93678e-09 
28.3  5.93044e-09 
28.35  5.92412e-09 
28.4  5.91781e-09 
28.45  5.91153e-09 
28.5  5.90527e-09 
28.55  5.89902e-09 
28.6  5.8928e-09 
28.65  5.8866e-09 
28.7  5.88041e-09 
28.75  5.87424e-09 
28.8  5.86809e-09 
28.85  5.86196e-09 
28.9  5.85585e-09 
28.95  5.84975e-09 
29  5.84367e-09 
29.05  5.83762e-09 
29.1  5.83158e-09 
29.15  5.82556e-09 
29.2  5.81955e-09 
29.25  5.81357e-09 
29.3  5.8076e-09 
29.35  5.80165e-09 
29.4  5.79572e-09 
29.45  5.7898e-09 
29.5  5.7839e-09 
29.55  5.77802e-09 
29.6  5.77216e-09 
29.65  5.76632e-09 
29.7  5.76049e-09 
29.75  5.75467e-09 
29.8  5.74888e-09 
29.85  1.14804e-08 
29.9  5.73159e-09 
29.95  5.72587e-09 
30  5.72015e-09 
30.05  5.71446e-09 
30.1  5.70878e-09 
30.15  5.70312e-09 
30.2  5.69748e-09 
30.25  5.69184e-09 
30.3  5.68623e-09 
30.35  5.68063e-09 
30.4  5.67505e-09 
30.45  5.66949e-09 
30.5  5.66394e-09 
30.55  5.6584e-09 
30.6  5.65288e-09 
30.65  5.64738e-09 
30.7  5.64189e-09 
30.75  5.63642e-09 
30.8  5.63096e-09 
30.85  5.62552e-09 
30.9  5.6201e-09 
30.95  5.61469e-09 
31  5.60929e-09 
31.05  5.60391e-09 
31.1  5.59854e-09 
31.15  5.59319e-09 
31.2  5.58786e-09 
31.25  5.58254e-09 
31.3  5.57723e-09 
31.35  5.57194e-09 
31.4  5.56666e-09 
31.45  5.5614e-09 
31.5  5.55615e-09 
31.55  5.55091e-09 
31.6  5.54569e-09 
31.65  5.54049e-09 
31.7  5.5353e-09 
31.75  5.53012e-09 
31.8  5.52496e-09 
31.85  5.51981e-09 
31.9  5.51467e-09 
31.95  5.50955e-09 
32  5.50444e-09 
32.05  5.49935e-09 
32.1  5.49427e-09 
32.15  5.4892e-09 
32.2  5.48415e-09 
32.25  5.47911e-09 
32.3  5.47408e-09 
32.35  5.46907e-09 
32.4  5.46407e-09 
32.45  5.45908e-09 
32.5  5.45411e-09 
32.55  5.44915e-09 
32.6  5.4442e-09 
32.65  5.43927e-09 
32.7  5.43435e-09 
32.75  5.42944e-09 
32.8  5.42455e-09 
32.85  5.41967e-09 
32.9  5.4148e-09 
32.95  5.40994e-09 
33  5.4051e-09 
33.05  5.40026e-09 
33.1  5.39545e-09 
33.15  5.39064e-09 
33.2  5.38585e-09 
33.25  5.38107e-09 
33.3  5.3763e-09 
33.35  5.37154e-09 
33.4  5.3668e-09 
33.45  5.36206e-09 
33.5  5.35734e-09 
33.55  5.35263e-09 
33.6  5.34794e-09 
33.65  5.34325e-09 
33.7  5.33858e-09 
33.75  5.33392e-09 
33.8  5.32928e-09 
33.85  5.32464e-09 
33.9  5.32001e-09 
33.95  5.3154e-09 
34  5.3108e-09 
34.05  5.30621e-09 
34.1  5.30163e-09 
34.15  5.29706e-09 
34.2  5.29251e-09 
34.25  5.28796e-09 
34.3  5.28343e-09 
34.35  5.27891e-09 
34.4  5.2744e-09 
34.45  5.2699e-09 
34.5  5.26542e-09 
34.55  5.26094e-09 
34.6  5.25647e-09 
34.65  5.25202e-09 
34.7  5.24757e-09 
34.75  5.24314e-09 
34.8  5.23872e-09 
34.85  5.23431e-09 
34.9  5.22991e-09 
34.95  5.22552e-09 
35  5.22114e-09 
35.05  5.21677e-09 
35.1  5.21242e-09 
35.15  5.20807e-09 
35.2  5.20374e-09 
35.25  5.19941e-09 
35.3  5.1951e-09 
35.35  5.19079e-09 
35.4  5.1865e-09 
35.45  5.18222e-09 
35.5  5.17794e-09 
35.55  5.17368e-09 
35.6  5.16943e-09 
35.65  5.16518e-09 
35.7  5.16095e-09 
35.75  5.15673e-09 
35.8  5.15252e-09 
35.85  5.14832e-09 
35.9  5.14412e-09 
35.95  5.13994e-09 
36  5.13577e-09 
36.05  5.13161e-09 
36.1  5.12746e-09 
36.15  5.12331e-09 
36.2  5.11918e-09 
36.25  5.11506e-09 
36.3  5.11094e-09 
36.35  5.10684e-09 
36.4  5.10275e-09 
36.45  5.09866e-09 
36.5  5.09458e-09 
36.55  5.09052e-09 
36.6  5.08647e-09 
36.65  5.08242e-09 
36.7  5.07838e-09 
36.75  5.07435e-09 
36.8  5.07033e-09 
36.85  5.06633e-09 
36.9  5.06233e-09 
36.95  5.05834e-09 
37  5.05435e-09 
37.05  5.05038e-09 
37.1  5.04642e-09 
37.15  5.04246e-09 
37.2  5.03852e-09 
37.25  5.03458e-09 
37.3  5.03066e-09 
37.35  5.02674e-09 
37.4  5.02283e-09 
37.45  5.01893e-09 
37.5  5.01504e-09 
37.55  5.01116e-09 
37.6  5.00728e-09 
37.65  5.00342e-09 
37.7  4.99956e-09 
37.75  4.99571e-09 
37.8  4.99187e-09 
37.85  4.98804e-09 
37.9  4.98422e-09 
37.95  4.98041e-09 
38  4.97661e-09 
38.05  4.97281e-09 
38.1  4.96902e-09 
38.15  4.96524e-09 
38.2  4.96147e-09 
38.25  4.95771e-09 
38.3  4.95395e-09 
38.35  4.95021e-09 
38.4  4.94647e-09 
38.45  4.94274e-09 
38.5  4.93902e-09 
38.55  4.93531e-09 
38.6  4.9316e-09 
38.65  4.92791e-09 
38.7  4.92422e-09 
38.75  4.92054e-09 
38.8  4.91687e-09 
38.85  4.9132e-09 
38.9  4.90955e-09 
38.95  4.9059e-09 
39  4.90226e-09 
39.05  4.89863e-09 
39.1  4.895e-09 
39.15  4.89139e-09 
39.2  4.88778e-09 
39.25  4.88418e-09 
39.3  4.88059e-09 
39.35  4.877e-09 
39.4  4.87342e-09 
39.45  4.86985e-09 
39.5  4.86629e-09 
39.55  4.86273e-09 
39.6  4.85919e-09 
39.65  4.85565e-09 
39.7  4.85212e-09 
39.75  4.84859e-09 
39.8  4.84508e-09 
39.85  4.84157e-09 
39.9  4.83806e-09 
39.95  4.83457e-09 
40  4.83108e-09 
40.05  4.8276e-09 
40.1  4.82413e-09 
40.15  4.82067e-09 
40.2  4.81721e-09 
40.25  4.81376e-09 
40.3  4.81032e-09 
40.35  4.80688e-09 
40.4  4.80345e-09 
40.45  4.80003e-09 
40.5  4.79662e-09 
40.55  4.79321e-09 
40.6  4.78981e-09 
40.65  4.78641e-09 
40.7  4.78303e-09 
40.75  4.77965e-09 
40.8  4.77628e-09 
40.85  4.77291e-09 
40.9  4.76955e-09 
40.95  4.7662e-09 
41  4.76286e-09 
41.05  4.75952e-09 
41.1  4.75619e-09 
41.15  4.75287e-09 
41.2  4.74955e-09 
41.25  4.74624e-09 
41.3  4.74294e-09 
41.35  4.73964e-09 
41.4  4.73635e-09 
41.45  4.73307e-09 
41.5  4.72979e-09 
41.55  4.72652e-09 
41.6  4.72326e-09 
41.65  4.72e-09 
41.7  4.71675e-09 
41.75  4.71351e-09 
41.8  4.71027e-09 
41.85  4.70704e-09 
41.9  4.70382e-09 
41.95  4.7006e-09 
42  4.69739e-09 
42.05  4.69419e-09 
42.1  4.69099e-09 
42.15  4.6878e-09 
42.2  4.68461e-09 
42.25  4.68144e-09 
42.3  4.67826e-09 
42.35  4.6751e-09 
42.4  4.67194e-09 
42.45  4.66878e-09 
42.5  4.66564e-09 
42.55  4.6625e-09 
42.6  4.65936e-09 
42.65  4.65623e-09 
42.7  4.65311e-09 
42.75  4.64999e-09 
42.8  4.64688e-09 
42.85  4.64378e-09 
42.9  4.64068e-09 
42.95  4.63759e-09 
43  4.63451e-09 
43.05  4.63143e-09 
43.1  4.62835e-09 
43.15  4.62529e-09 
43.2  4.62222e-09 
43.25  4.61917e-09 
43.3  4.61612e-09 
43.35  4.61307e-09 
43.4  4.61004e-09 
43.45  4.60701e-09 
