# Generated by Dust Drift Simulation (Date: Jan 23 2026 08:54:11)
# Main Dust Particle Motion and Properties
# Columns: 1. Time Step (Simulation Time), 2. Particle Index, 3. Radius [AU]
1  2.90166e-08 
1.05  2.82969e-08 
1.1  2.76282e-08 
1.15  2.70047e-08 
1.2  2.64216e-08 
1.25  2.58746e-08 
1.3  2.53603e-08 
1.35  2.48755e-08 
1.4  2.44174e-08 
1.45  2.39838e-08 
1.5  2.35724e-08 
1.55  2.31815e-08 
1.6  2.28094e-08 
1.65  2.24547e-08 
1.7  2.2116e-08 
1.75  2.17922e-08 
1.8  2.14822e-08 
1.85  2.11851e-08 
1.9  2.09e-08 
1.95  2.0626e-08 
2  2.03626e-08 
2.05  2.0109e-08 
2.1  1.98647e-08 
2.15  1.9629e-08 
2.2  1.94015e-08 
2.25  1.91818e-08 
2.3  3.77332e-08 
2.35  1.85648e-08 
2.4  1.8372e-08 
2.45  1.81851e-08 
2.5  1.80038e-08 
2.55  1.78278e-08 
2.6  1.76569e-08 
2.65  1.74907e-08 
2.7  1.73292e-08 
2.75  1.71721e-08 
2.8  1.70192e-08 
2.85  1.68703e-08 
2.9  1.67252e-08 
2.95  1.65838e-08 
3  1.64459e-08 
3.05  1.63115e-08 
3.1  1.61802e-08 
3.15  1.60521e-08 
3.2  1.5927e-08 
3.25  1.58047e-08 
3.3  1.56853e-08 
3.35  1.55685e-08 
3.4  1.54542e-08 
3.45  1.53425e-08 
3.5  1.52331e-08 
3.55  1.5126e-08 
3.6  1.50212e-08 
3.65  1.49185e-08 
3.7  1.48179e-08 
3.75  1.47193e-08 
3.8  1.46227e-08 
3.85  1.45279e-08 
3.9  1.44349e-08 
3.95  1.43437e-08 
4  1.42543e-08 
4.05  1.41664e-08 
4.1  1.40802e-08 
4.15  1.39955e-08 
4.2  1.39124e-08 
4.25  1.38307e-08 
4.3  1.37504e-08 
4.35  1.36715e-08 
4.4  1.35939e-08 
4.45  1.35177e-08 
4.5  1.34427e-08 
4.55  1.3369e-08 
4.6  1.32964e-08 
4.65  1.3225e-08 
4.7  1.31548e-08 
4.75  1.30857e-08 
4.8  1.30176e-08 
4.85  2.58352e-08 
4.9  1.28196e-08 
4.95  1.27556e-08 
5  1.26926e-08 
5.05  1.26304e-08 
5.1  1.25692e-08 
5.15  1.25089e-08 
5.2  1.24494e-08 
5.25  1.23907e-08 
5.3  1.23329e-08 
5.35  1.22759e-08 
5.4  1.22197e-08 
5.45  1.21642e-08 
5.5  1.21095e-08 
5.55  1.20555e-08 
5.6  1.20022e-08 
5.65  1.19496e-08 
5.7  1.18977e-08 
5.75  1.18465e-08 
5.8  1.17959e-08 
5.85  1.1746e-08 
5.9  1.16967e-08 
5.95  1.1648e-08 
6  1.16e-08 
6.05  1.15525e-08 
6.1  1.15056e-08 
6.15  1.14592e-08 
6.2  1.14134e-08 
6.25  1.13682e-08 
6.3  1.13235e-08 
6.35  1.12793e-08 
6.4  1.12356e-08 
6.45  1.11925e-08 
6.5  1.11498e-08 
6.55  1.11076e-08 
6.6  1.10659e-08 
6.65  1.10247e-08 
6.7  1.09839e-08 
6.75  1.09435e-08 
6.8  1.09036e-08 
6.85  1.08642e-08 
6.9  1.08251e-08 
6.95  1.07865e-08 
7  1.07483e-08 
7.05  1.07105e-08 
7.1  1.06731e-08 
7.15  1.0636e-08 
7.2  1.05994e-08 
7.25  1.05631e-08 
7.3  1.05272e-08 
7.35  1.04917e-08 
7.4  1.04565e-08 
7.45  2.0809e-08 
7.5  1.03531e-08 
7.55  1.03193e-08 
7.6  1.02858e-08 
7.65  1.02527e-08 
7.7  1.02198e-08 
7.75  1.01873e-08 
7.8  1.01551e-08 
7.85  1.01232e-08 
7.9  1.00916e-08 
7.95  1.00603e-08 
8  1.00293e-08 
8.05  9.99853e-09 
8.1  9.96807e-09 
8.15  9.93789e-09 
8.2  9.90798e-09 
8.25  9.87834e-09 
8.3  9.84897e-09 
8.35  9.81985e-09 
8.4  9.791e-09 
8.45  9.76239e-09 
8.5  9.73403e-09 
8.55  9.70592e-09 
8.6  9.67805e-09 
8.65  9.65043e-09 
8.7  9.62303e-09 
8.75  9.59587e-09 
8.8  9.56894e-09 
8.85  9.54223e-09 
8.9  9.51574e-09 
8.95  9.48948e-09 
9  9.46343e-09 
9.05  9.43759e-09 
9.1  9.41196e-09 
9.15  9.38655e-09 
9.2  9.36133e-09 
9.25  9.33632e-09 
9.3  9.31151e-09 
9.35  9.28689e-09 
9.4  9.26247e-09 
9.45  9.23824e-09 
9.5  9.2142e-09 
9.55  9.19035e-09 
9.6  9.16668e-09 
9.65  9.14319e-09 
9.7  9.11988e-09 
9.75  9.09675e-09 
9.8  9.0738e-09 
9.85  9.05101e-09 
9.9  9.0284e-09 
9.95  9.00596e-09 
10  8.98368e-09 
10.05  1.79012e-08 
10.1  8.91784e-09 
10.15  8.8962e-09 
10.2  8.87473e-09 
10.25  8.85341e-09 
10.3  8.83224e-09 
10.35  8.81123e-09 
10.4  8.79036e-09 
10.45  8.76964e-09 
10.5  8.74907e-09 
10.55  8.72865e-09 
10.6  8.70836e-09 
10.65  8.68821e-09 
10.7  8.66821e-09 
10.75  8.64834e-09 
10.8  8.6286e-09 
10.85  8.60901e-09 
10.9  8.58954e-09 
10.95  8.57021e-09 
11  8.551e-09 
11.05  8.53192e-09 
11.1  8.51298e-09 
11.15  8.49416e-09 
11.2  8.47546e-09 
11.25  8.45689e-09 
11.3  8.43843e-09 
11.35  8.4201e-09 
11.4  8.40188e-09 
11.45  8.38379e-09 
11.5  8.3658e-09 
11.55  8.34794e-09 
11.6  8.33019e-09 
11.65  8.31256e-09 
11.7  8.29503e-09 
11.75  8.27761e-09 
11.8  8.2603e-09 
11.85  8.2431e-09 
11.9  8.22601e-09 
11.95  8.20902e-09 
12  8.19214e-09 
12.05  8.17536e-09 
12.1  8.15869e-09 
12.15  8.14212e-09 
12.2  8.12565e-09 
12.25  8.10927e-09 
12.3  8.093e-09 
12.35  8.07682e-09 
12.4  8.06074e-09 
12.45  8.04475e-09 
12.5  8.02886e-09 
12.55  8.01307e-09 
12.6  1.59791e-08 
12.65  7.96624e-09 
12.7  7.95081e-09 
12.75  7.93547e-09 
12.8  7.92021e-09 
12.85  7.90505e-09 
12.9  7.88997e-09 
12.95  7.87498e-09 
13  7.86007e-09 
13.05  7.84525e-09 
13.1  7.83051e-09 
13.15  7.81585e-09 
13.2  7.80128e-09 
13.25  7.78679e-09 
13.3  7.77237e-09 
13.35  7.75804e-09 
13.4  7.74379e-09 
13.45  7.72961e-09 
13.5  7.71551e-09 
13.55  7.70149e-09 
13.6  7.68754e-09 
13.65  7.67368e-09 
13.7  7.65988e-09 
13.75  7.64616e-09 
13.8  7.63252e-09 
13.85  7.61894e-09 
13.9  7.60544e-09 
13.95  7.59201e-09 
14  7.57865e-09 
14.05  7.56536e-09 
14.1  7.55214e-09 
14.15  7.53899e-09 
14.2  7.52591e-09 
14.25  7.51289e-09 
14.3  7.49995e-09 
14.35  7.48707e-09 
14.4  7.47425e-09 
14.45  7.4615e-09 
14.5  7.44882e-09 
14.55  7.4362e-09 
14.6  7.42364e-09 
14.65  7.41115e-09 
14.7  7.39873e-09 
14.75  7.38636e-09 
14.8  7.37405e-09 
14.85  7.36181e-09 
14.9  7.34963e-09 
14.95  7.3375e-09 
15  7.32544e-09 
15.05  7.31344e-09 
15.1  7.30149e-09 
15.15  7.2896e-09 
15.2  1.45438e-08 
15.25  7.25429e-09 
15.3  7.24264e-09 
15.35  7.23103e-09 
15.4  7.21949e-09 
15.45  7.208e-09 
15.5  7.19656e-09 
15.55  7.18518e-09 
15.6  7.17385e-09 
15.65  7.16257e-09 
15.7  7.15135e-09 
15.75  7.14019e-09 
15.8  7.12907e-09 
15.85  7.118e-09 
15.9  7.10699e-09 
15.95  7.09602e-09 
16  7.08511e-09 
16.05  7.07425e-09 
16.1  7.06344e-09 
16.15  7.05267e-09 
16.2  7.04196e-09 
16.25  7.0313e-09 
16.3  7.02068e-09 
16.35  7.01011e-09 
16.4  6.99959e-09 
16.45  6.98912e-09 
16.5  6.97869e-09 
16.55  6.96831e-09 
16.6  6.95797e-09 
16.65  6.94768e-09 
16.7  6.93744e-09 
16.75  6.92725e-09 
16.8  6.91709e-09 
16.85  6.90698e-09 
16.9  6.89692e-09 
16.95  6.8869e-09 
17  6.87692e-09 
17.05  6.86699e-09 
17.1  6.85709e-09 
17.15  6.84725e-09 
17.2  6.83744e-09 
17.25  6.82768e-09 
17.3  6.81796e-09 
17.35  6.80828e-09 
17.4  6.79864e-09 
17.45  6.78904e-09 
17.5  6.77948e-09 
17.55  6.76996e-09 
17.6  6.76048e-09 
17.65  6.75104e-09 
17.7  6.74164e-09 
17.75  1.34552e-08 
17.8  6.71368e-09 
17.85  6.70444e-09 
17.9  6.69523e-09 
17.95  6.68606e-09 
18  6.67693e-09 
18.05  6.66784e-09 
18.1  6.65878e-09 
18.15  6.64976e-09 
18.2  6.64078e-09 
18.25  6.63183e-09 
18.3  6.62293e-09 
18.35  6.61405e-09 
18.4  6.60521e-09 
18.45  6.59641e-09 
18.5  6.58764e-09 
18.55  6.5789e-09 
18.6  6.5702e-09 
18.65  6.56154e-09 
18.7  6.55291e-09 
18.75  6.54431e-09 
18.8  6.53575e-09 
18.85  6.52722e-09 
18.9  6.51873e-09 
18.95  6.51026e-09 
19  6.50183e-09 
19.05  6.49344e-09 
19.1  6.48507e-09 
19.15  6.47674e-09 
19.2  6.46844e-09 
19.25  6.46017e-09 
19.3  6.45193e-09 
19.35  6.44373e-09 
19.4  6.43555e-09 
19.45  6.42741e-09 
19.5  6.4193e-09 
19.55  6.41121e-09 
19.6  6.40316e-09 
19.65  6.39514e-09 
19.7  6.38715e-09 
19.75  6.37919e-09 
19.8  6.37126e-09 
19.85  6.36336e-09 
19.9  6.35548e-09 
19.95  6.34764e-09 
20  6.33983e-09 
20.05  6.33204e-09 
20.1  6.32428e-09 
20.15  6.31655e-09 
20.2  6.30885e-09 
20.25  6.30118e-09 
20.3  6.29353e-09 
20.35  1.25642e-08 
20.4  6.27077e-09 
20.45  6.26323e-09 
20.5  6.25573e-09 
20.55  6.24825e-09 
20.6  6.24079e-09 
20.65  6.23336e-09 
20.7  6.22596e-09 
20.75  6.21859e-09 
20.8  6.21124e-09 
20.85  6.20392e-09 
20.9  6.19662e-09 
20.95  6.18935e-09 
21  6.18211e-09 
21.05  6.17489e-09 
21.1  6.16769e-09 
21.15  6.16052e-09 
21.2  6.15338e-09 
21.25  6.14626e-09 
21.3  6.13916e-09 
21.35  6.13209e-09 
21.4  6.12505e-09 
21.45  6.11803e-09 
21.5  6.11103e-09 
21.55  6.10405e-09 
21.6  6.0971e-09 
21.65  6.09018e-09 
21.7  6.08327e-09 
21.75  6.07639e-09 
21.8  6.06954e-09 
21.85  6.06271e-09 
21.9  6.0559e-09 
21.95  6.04911e-09 
22  6.04235e-09 
22.05  6.0356e-09 
22.1  6.02888e-09 
22.15  6.02219e-09 
22.2  6.01551e-09 
22.25  6.00886e-09 
22.3  6.00223e-09 
22.35  5.99562e-09 
22.4  5.98903e-09 
22.45  5.98247e-09 
22.5  5.97593e-09 
22.55  5.96941e-09 
22.6  5.96291e-09 
22.65  5.95643e-09 
22.7  5.94997e-09 
22.75  5.94353e-09 
22.8  5.93711e-09 
22.85  5.93072e-09 
22.9  1.18423e-08 
22.95  5.91165e-09 
23  5.90534e-09 
23.05  5.89905e-09 
23.1  5.89277e-09 
23.15  5.88652e-09 
23.2  5.88028e-09 
23.25  5.87407e-09 
23.3  5.86787e-09 
23.35  5.8617e-09 
23.4  5.85554e-09 
23.45  5.84941e-09 
23.5  5.84329e-09 
23.55  5.8372e-09 
23.6  5.83112e-09 
23.65  5.82506e-09 
23.7  5.81902e-09 
23.75  5.81299e-09 
23.8  5.80699e-09 
23.85  5.801e-09 
23.9  5.79504e-09 
23.95  5.78909e-09 
24  5.78316e-09 
24.05  5.77725e-09 
24.1  5.77136e-09 
24.15  5.76548e-09 
24.2  5.75962e-09 
24.25  5.75378e-09 
24.3  5.74796e-09 
24.35  5.74216e-09 
24.4  5.73637e-09 
24.45  5.7306e-09 
24.5  5.72485e-09 
24.55  5.71911e-09 
24.6  5.7134e-09 
24.65  5.7077e-09 
24.7  5.70201e-09 
24.75  5.69635e-09 
24.8  5.6907e-09 
24.85  5.68506e-09 
24.9  5.67945e-09 
24.95  5.67385e-09 
25  5.66827e-09 
25.05  5.6627e-09 
25.1  5.65715e-09 
25.15  5.65161e-09 
25.2  5.6461e-09 
25.25  5.64059e-09 
25.3  5.63511e-09 
25.35  5.62964e-09 
25.4  5.62419e-09 
25.45  5.61875e-09 
25.5  1.12212e-08 
25.55  5.60253e-09 
25.6  5.59715e-09 
25.65  5.59179e-09 
25.7  5.58645e-09 
25.75  5.58112e-09 
25.8  5.57581e-09 
25.85  5.57051e-09 
25.9  5.56522e-09 
25.95  5.55995e-09 
26  5.5547e-09 
26.05  5.54946e-09 
26.1  5.54424e-09 
26.15  5.53903e-09 
26.2  5.53383e-09 
26.25  5.52865e-09 
26.3  5.52349e-09 
26.35  5.51834e-09 
26.4  5.5132e-09 
26.45  5.50808e-09 
26.5  5.50297e-09 
26.55  5.49788e-09 
26.6  5.4928e-09 
26.65  5.48773e-09 
26.7  5.48268e-09 
26.75  5.47764e-09 
26.8  5.47262e-09 
26.85  5.46761e-09 
26.9  5.46261e-09 
26.95  5.45763e-09 
27  5.45266e-09 
27.05  5.4477e-09 
27.1  5.44276e-09 
27.15  5.43783e-09 
27.2  5.43292e-09 
27.25  5.42801e-09 
27.3  5.42312e-09 
27.35  5.41825e-09 
27.4  5.41339e-09 
27.45  5.40854e-09 
27.5  5.4037e-09 
27.55  5.39888e-09 
27.6  5.39407e-09 
27.65  5.38927e-09 
27.7  5.38448e-09 
27.75  5.37971e-09 
27.8  5.37495e-09 
27.85  5.3702e-09 
27.9  5.36547e-09 
27.95  5.36075e-09 
28  5.35604e-09 
28.05  5.35134e-09 
28.1  1.06886e-08 
28.15  5.33732e-09 
28.2  5.33268e-09 
28.25  5.32804e-09 
28.3  5.32342e-09 
28.35  5.3188e-09 
28.4  5.3142e-09 
28.45  5.30961e-09 
28.5  5.30504e-09 
28.55  5.30047e-09 
28.6  5.29592e-09 
28.65  5.29138e-09 
28.7  5.28685e-09 
28.75  5.28233e-09 
28.8  5.27783e-09 
28.85  5.27333e-09 
28.9  5.26885e-09 
28.95  5.26438e-09 
29  5.25992e-09 
29.05  5.25547e-09 
29.1  5.25103e-09 
29.15  5.24661e-09 
29.2  5.24219e-09 
29.25  5.23779e-09 
29.3  5.23339e-09 
29.35  5.22901e-09 
29.4  5.22464e-09 
29.45  5.22028e-09 
29.5  5.21593e-09 
29.55  5.21159e-09 
29.6  5.20726e-09 
29.65  5.20295e-09 
29.7  5.19864e-09 
29.75  5.19435e-09 
29.8  5.19006e-09 
29.85  5.18579e-09 
29.9  5.18152e-09 
29.95  5.17727e-09 
30  5.17303e-09 
30.05  5.16879e-09 
30.1  5.16457e-09 
30.15  5.16036e-09 
30.2  5.15616e-09 
30.25  5.15197e-09 
30.3  5.14779e-09 
30.35  5.14362e-09 
30.4  5.13946e-09 
30.45  5.13531e-09 
30.5  5.13117e-09 
30.55  5.12704e-09 
30.6  5.12292e-09 
30.65  1.02335e-08 
30.7  5.11061e-09 
30.75  5.10653e-09 
30.8  5.10246e-09 
30.85  5.0984e-09 
30.9  5.09435e-09 
30.95  5.09031e-09 
31  5.08627e-09 
31.05  5.08225e-09 
31.1  5.07824e-09 
31.15  5.07423e-09 
31.2  5.07024e-09 
31.25  5.06625e-09 
31.3  5.06228e-09 
31.35  5.05831e-09 
31.4  5.05435e-09 
31.45  5.05041e-09 
31.5  5.04647e-09 
31.55  5.04254e-09 
31.6  5.03862e-09 
31.65  5.03471e-09 
31.7  5.0308e-09 
31.75  5.02691e-09 
31.8  5.02303e-09 
31.85  5.01915e-09 
31.9  5.01529e-09 
31.95  5.01143e-09 
32  5.00758e-09 
32.05  5.00374e-09 
32.1  4.99991e-09 
32.15  4.99609e-09 
32.2  4.99228e-09 
32.25  4.98847e-09 
32.3  4.98468e-09 
32.35  4.98089e-09 
32.4  4.97711e-09 
32.45  4.97334e-09 
32.5  4.96958e-09 
32.55  4.96583e-09 
32.6  4.96208e-09 
32.65  4.95835e-09 
32.7  4.95462e-09 
32.75  4.9509e-09 
32.8  4.94719e-09 
32.85  4.94349e-09 
32.9  4.93979e-09 
32.95  4.93611e-09 
33  4.93243e-09 
33.05  4.92876e-09 
33.1  4.9251e-09 
33.15  4.92145e-09 
33.2  4.9178e-09 
33.25  9.8247e-09 
33.3  4.90692e-09 
33.35  4.90331e-09 
33.4  4.8997e-09 
33.45  4.8961e-09 
33.5  4.89251e-09 
33.55  4.88893e-09 
33.6  4.88536e-09 
33.65  4.88179e-09 
33.7  4.87824e-09 
33.75  4.87469e-09 
33.8  4.87115e-09 
33.85  4.86761e-09 
33.9  4.86409e-09 
33.95  4.86057e-09 
34  4.85706e-09 
34.05  4.85355e-09 
34.1  4.85006e-09 
34.15  4.84657e-09 
34.2  4.84309e-09 
34.25  4.83961e-09 
34.3  4.83615e-09 
34.35  4.83269e-09 
34.4  4.82924e-09 
34.45  4.82579e-09 
34.5  4.82236e-09 
34.55  4.81893e-09 
34.6  4.8155e-09 
34.65  4.81209e-09 
34.7  4.80868e-09 
34.75  4.80528e-09 
34.8  4.80189e-09 
34.85  4.79851e-09 
34.9  4.79513e-09 
34.95  4.79175e-09 
35  4.78839e-09 
35.05  4.78503e-09 
35.1  4.78168e-09 
35.15  4.77834e-09 
35.2  4.775e-09 
35.25  4.77167e-09 
35.3  4.76835e-09 
35.35  4.76504e-09 
35.4  4.76173e-09 
35.45  4.75843e-09 
35.5  4.75513e-09 
35.55  4.75184e-09 
35.6  4.74856e-09 
35.65  4.74529e-09 
35.7  4.74202e-09 
35.75  4.73876e-09 
35.8  9.46777e-09 
35.85  4.72902e-09 
35.9  4.72578e-09 
35.95  4.72256e-09 
36  4.71934e-09 
36.05  4.71612e-09 
36.1  4.71291e-09 
36.15  4.70971e-09 
36.2  4.70652e-09 
36.25  4.70333e-09 
36.3  4.70015e-09 
36.35  4.69697e-09 
36.4  4.69381e-09 
36.45  4.69064e-09 
36.5  4.68749e-09 
36.55  4.68434e-09 
36.6  4.68119e-09 
36.65  4.67806e-09 
36.7  4.67493e-09 
36.75  4.6718e-09 
36.8  4.66868e-09 
36.85  4.66557e-09 
36.9  4.66247e-09 
36.95  4.65937e-09 
37  4.65627e-09 
37.05  4.65319e-09 
37.1  4.65011e-09 
37.15  4.64703e-09 
37.2  4.64396e-09 
37.25  4.6409e-09 
37.3  4.63784e-09 
37.35  4.63479e-09 
37.4  4.63175e-09 
37.45  4.62871e-09 
37.5  4.62568e-09 
37.55  4.62265e-09 
37.6  4.61963e-09 
37.65  4.61661e-09 
37.7  4.6136e-09 
37.75  4.6106e-09 
37.8  4.6076e-09 
37.85  4.60461e-09 
37.9  4.60163e-09 
37.95  4.59865e-09 
38  4.59567e-09 
38.05  4.59271e-09 
38.1  4.58974e-09 
38.15  4.58679e-09 
38.2  4.58383e-09 
38.25  4.58089e-09 
38.3  4.57795e-09 
38.35  4.57501e-09 
38.4  9.14125e-09 
38.45  4.56625e-09 
38.5  4.56334e-09 
38.55  4.56043e-09 
38.6  4.55753e-09 
38.65  4.55463e-09 
38.7  4.55174e-09 
38.75  4.54886e-09 
38.8  4.54598e-09 
38.85  4.54311e-09 
38.9  4.54024e-09 
38.95  4.53738e-09 
39  4.53452e-09 
39.05  4.53167e-09 
39.1  4.52882e-09 
39.15  4.52598e-09 
39.2  4.52315e-09 
39.25  4.52032e-09 
39.3  4.51749e-09 
39.35  4.51467e-09 
39.4  4.51186e-09 
39.45  4.50905e-09 
39.5  4.50625e-09 
39.55  4.50345e-09 
39.6  4.50066e-09 
39.65  4.49787e-09 
39.7  4.49509e-09 
39.75  4.49231e-09 
39.8  4.48953e-09 
39.85  4.48677e-09 
39.9  4.484e-09 
39.95  4.48125e-09 
40  4.4785e-09 
40.05  4.47575e-09 
40.1  4.47301e-09 
40.15  4.47027e-09 
40.2  4.46754e-09 
40.25  4.46481e-09 
40.3  4.46209e-09 
40.35  4.45937e-09 
40.4  4.45666e-09 
40.45  4.45395e-09 
40.5  4.45125e-09 
40.55  4.44855e-09 
40.6  4.44586e-09 
40.65  4.44317e-09 
40.7  4.44049e-09 
40.75  4.43781e-09 
40.8  4.43514e-09 
40.85  4.43247e-09 
40.9  4.42981e-09 
40.95  8.85165e-09 
41  4.42185e-09 
41.05  4.4192e-09 
41.1  4.41656e-09 
41.15  4.41393e-09 
41.2  4.4113e-09 
41.25  4.40867e-09 
41.3  4.40605e-09 
41.35  4.40344e-09 
41.4  4.40083e-09 
41.45  4.39822e-09 
41.5  4.39562e-09 
41.55  4.39302e-09 
41.6  4.39043e-09 
41.65  4.38784e-09 
41.7  4.38525e-09 
41.75  4.38268e-09 
41.8  4.3801e-09 
41.85  4.37753e-09 
41.9  4.37496e-09 
41.95  4.3724e-09 
42  4.36985e-09 
42.05  4.3673e-09 
42.1  4.36475e-09 
42.15  4.3622e-09 
42.2  4.35967e-09 
42.25  4.35713e-09 
42.3  4.3546e-09 
42.35  4.35208e-09 
42.4  4.34955e-09 
42.45  4.34704e-09 
42.5  4.34453e-09 
42.55  4.34202e-09 
42.6  4.33951e-09 
42.65  4.33702e-09 
42.7  4.33452e-09 
42.75  4.33203e-09 
42.8  4.32954e-09 
42.85  4.32706e-09 
42.9  4.32458e-09 
42.95  4.32211e-09 
43  4.31964e-09 
43.05  4.31717e-09 
43.1  4.31471e-09 
43.15  4.31226e-09 
43.2  4.3098e-09 
43.25  4.30736e-09 
43.3  4.30491e-09 
43.35  4.30247e-09 
43.4  4.30004e-09 
43.45  4.2976e-09 
43.5  4.29518e-09 
43.55  8.58309e-09 
43.6  4.28792e-09 
43.65  4.28551e-09 
43.7  4.2831e-09 
43.75  4.2807e-09 
43.8  4.2783e-09 
43.85  4.2759e-09 
43.9  4.27351e-09 
43.95  4.27112e-09 
44  4.26874e-09 
44.05  4.26636e-09 
44.1  4.26399e-09 
44.15  4.26162e-09 
44.2  4.25925e-09 
44.25  4.25689e-09 
44.3  4.25453e-09 
44.35  4.25217e-09 
44.4  4.24982e-09 
44.45  4.24747e-09 
44.5  4.24513e-09 
44.55  4.24279e-09 
44.6  4.24045e-09 
44.65  4.23812e-09 
44.7  4.23579e-09 
44.75  4.23347e-09 
44.8  4.23115e-09 
44.85  4.22883e-09 
44.9  4.22652e-09 
44.95  4.22421e-09 
45  4.2219e-09 
45.05  4.2196e-09 
45.1  4.2173e-09 
45.15  4.21501e-09 
45.2  4.21272e-09 
45.25  4.21043e-09 
45.3  4.20815e-09 
45.35  4.20587e-09 
45.4  4.20359e-09 
45.45  4.20132e-09 
45.5  4.19905e-09 
45.55  4.19679e-09 
45.6  4.19453e-09 
45.65  4.19227e-09 
45.7  4.19002e-09 
45.75  4.18777e-09 
45.8  4.18552e-09 
45.85  4.18328e-09 
45.9  4.18104e-09 
45.95  4.1788e-09 
46  4.17657e-09 
46.05  4.17434e-09 
46.1  4.17212e-09 
46.15  8.33758e-09 
46.2  4.16547e-09 
46.25  4.16325e-09 
46.3  4.16105e-09 
46.35  4.15884e-09 
46.4  4.15664e-09 
46.45  4.15445e-09 
46.5  4.15225e-09 
46.55  4.15006e-09 
46.6  4.14788e-09 
46.65  4.1457e-09 
46.7  4.14352e-09 
46.75  4.14134e-09 
46.8  4.13917e-09 
46.85  4.137e-09 
46.9  4.13483e-09 
46.95  4.13267e-09 
47  4.13051e-09 
47.05  4.12836e-09 
47.1  4.1262e-09 
47.15  4.12406e-09 
47.2  4.12191e-09 
47.25  4.11977e-09 
47.3  4.11763e-09 
47.35  4.11549e-09 
47.4  4.11336e-09 
47.45  4.11123e-09 
47.5  4.10911e-09 
47.55  4.10699e-09 
47.6  4.10487e-09 
47.65  4.10275e-09 
47.7  4.10064e-09 
47.75  4.09853e-09 
47.8  4.09642e-09 
47.85  4.09432e-09 
47.9  4.09222e-09 
47.95  4.09013e-09 
48  4.08803e-09 
48.05  4.08594e-09 
48.1  4.08386e-09 
48.15  4.08177e-09 
48.2  4.07969e-09 
48.25  4.07762e-09 
48.3  4.07554e-09 
48.35  4.07347e-09 
48.4  4.0714e-09 
48.45  4.06934e-09 
48.5  4.06728e-09 
48.55  4.06522e-09 
48.6  4.06317e-09 
48.65  4.06111e-09 
48.7  8.11608e-09 
48.75  4.05498e-09 
48.8  4.05294e-09 
48.85  4.0509e-09 
48.9  4.04887e-09 
48.95  4.04684e-09 
49  4.04481e-09 
49.05  4.04279e-09 
49.1  4.04077e-09 
49.15  4.03875e-09 
49.2  4.03673e-09 
49.25  4.03472e-09 
49.3  4.03271e-09 
49.35  4.03071e-09 
49.4  4.0287e-09 
49.45  4.0267e-09 
49.5  4.0247e-09 
49.55  4.02271e-09 
49.6  4.02072e-09 
49.65  4.01873e-09 
49.7  4.01675e-09 
49.75  4.01476e-09 
49.8  4.01278e-09 
49.85  4.01081e-09 
49.9  4.00883e-09 
49.95  4.00686e-09 
50  4.0049e-09 
