10500 1.0054 0.164392 
10500 1.01173 0.165436 
10500 1.01844 0.166543 
10500 1.02527 0.167672 
10500 1.0322 0.168816 
10500 1.03959 0.170037 
10500 1.04671 0.167324 
10500 1.06135 0.168503 
10500 1.0813 0.170061 
10500 1.10045 0.171535 
10500 1.11531 0.172624 
10500 1.12916 0.173609 
10500 1.14373 0.17486 
10500 1.15803 0.175892 
10500 1.17285 0.17693 
10500 1.18728 0.177913 
10500 1.20231 0.17918 
10500 1.21753 0.180229 
10500 1.23225 0.181216 
10500 1.24777 0.182462 
10500 1.2629 0.183485 
10500 1.27876 0.184528 
10500 1.29381 0.185694 
10500 1.30966 0.186742 
10500 1.3255 0.187763 
10500 1.34123 0.188929 
10500 1.35744 0.189976 
10500 1.37363 0.190995 
10500 1.38992 0.192155 
10500 1.40654 0.193201 
10500 1.42295 0.194207 
10500 1.43986 0.195366 
10500 1.45663 0.196393 
10500 1.47365 0.19741 
10500 1.49058 0.198533 
10500 1.50787 0.199562 
10500 1.52584 0.200607 
10500 1.54303 0.201711 
10500 1.56137 0.202772 
10500 1.57882 0.203762 
10500 1.59718 0.204901 
10500 1.61545 0.205931 
10500 1.63381 0.207031 
10500 1.65246 0.208078 
10500 1.67126 0.209118 
10500 1.69072 0.210261 
10500 1.70945 0.211297 
10500 1.72955 0.212396 
10500 1.74907 0.21354 
10500 1.7691 0.214646 
10500 1.78885 0.2158 
10500 1.80961 0.216966 
10500 1.83004 0.218174 
10500 1.85093 0.219383 
10500 1.8724 0.220636 
10500 1.89332 0.221956 
10500 1.91583 0.223341 
10500 1.93728 0.224782 
10500 1.95997 0.226285 
10500 1.98222 0.227913 
10500 2.00534 0.229599 
10500 2.02893 0.231527 
10500 2.05219 0.233442 
10500 2.07628 0.235702 
10500 2.10049 0.238005 
10500 2.12488 0.240698 
10500 2.14998 0.243524 
10500 2.17515 0.246863 
10500 2.20056 0.250316 
10500 2.22646 0.254523 
10500 2.2523 0.258832 
10500 2.2791 0.264242 
10500 2.30572 0.269772 
10500 2.33253 0.276599 
10500 2.35958 0.283668 
10500 2.38699 0.292525 
10500 2.41414 0.301517 
10500 2.44179 0.312922 
10500 2.46906 0.325522 
10500 2.49666 0.339006 
10500 2.52375 0.355042 
10500 2.55146 0.372331 
10500 2.57844 0.392784 
10500 2.60578 0.414585 
10500 2.63246 0.440423 
10500 2.65944 0.467901 
10500 2.68545 0.499959 
10500 2.71217 0.536571 
10500 2.73862 0.575977 
10500 2.76599 0.623727 
10500 2.79383 0.677017 
10500 2.8225 0.741542 
10500 2.85354 0.819407 
10500 2.88769 0.922009 
10500 2.92751 1.06427 
10500 2.97582 1.09057 
10500 3.02721 0.958687 
10500 3.07908 0.835205 
10500 3.13125 0.732435 
10500 3.184 0.653114 
10500 3.23717 0.596415 
10500 3.29066 0.572799 
10500 3.34447 0.552444 
10500 3.39869 0.543456 
10500 3.45343 0.542679 
10500 3.50838 0.547257 
10500 3.56374 0.55488 
10500 3.61969 0.564026 
10500 3.67552 0.573404 
10500 3.73239 0.580074 
10500 3.78885 0.587942 
10500 3.84684 0.595268 
10500 3.90425 0.601665 
10500 3.96237 0.60733 
10500 4.0217 0.612289 
10500 4.08058 0.614707 
10500 4.14172 0.61819 
10500 4.20186 0.621115 
10500 4.26497 0.623856 
10500 4.32738 0.624776 
10500 4.39096 0.626554 
10500 4.457 0.62804 
10500 4.52271 0.628598 
10500 4.59241 0.629539 
10500 4.66703 0.630101 
10500 4.74449 0.630914 
10500 4.82821 0.631167 
10500 4.91824 0.631498 
10500 5.02229 0.631868 
10500 5.14495 0.632218 
10500 5.30983 0.632145 
10500 5.61196 0.632387 
10500 23.4469 10.5001 
10500 23.4469 10.5001 
10500 23.4469 10.5001 
10500 23.4469 10.5001 
10500 23.4469 10.5001 
10500 23.4469 10.5001 
10500 23.4469 10.5001 
10500 23.4469 10.5001 
10500 23.4469 10.5001 
10500 23.4469 10.5001 
10500 23.4469 10.5001 
10500 23.4469 10.5001 
10500 23.4469 10.5001 
10500 23.4469 10.5001 
10500 23.4469 10.5001 
10500 23.4469 10.5001 
10500 23.4469 10.5001 
10500 23.4469 10.5001 
10500 23.4469 10.5001 
10500 23.4469 10.5001 
10500 23.4469 10.5001 
10500 23.4469 10.5001 
10500 23.4469 10.5001 
10500 23.4469 10.5001 
10500 23.4469 10.5001 
10500 23.4469 10.5001 
10500 23.4469 10.5001 
10500 23.4469 10.5001 
10500 23.4469 10.5001 
10500 23.4469 10.5001 
10500 23.4469 10.5001 
10500 23.4469 10.5001 
10500 23.4469 10.5001 
10500 23.4469 10.5001 
10500 23.4469 10.5001 
10500 23.4469 10.5001 
10500 23.4469 10.5001 
10500 23.4469 10.5001 
10500 23.4469 10.5001 
10500 23.4469 10.5001 
10500 23.4469 10.5001 
10500 23.4469 10.5001 
10500 23.4469 10.5001 
10500 23.4469 10.5001 
10500 23.4469 10.5001 
10500 23.4469 10.5001 
10500 23.4469 10.5001 
10500 23.4469 10.5001 
10500 23.4469 10.5001 
10500 23.4469 10.5001 
10500 25.3802 0.793329 
10500 25.3802 0.793329 
10500 25.3802 0.793329 
10500 25.3802 0.793329 
10500 25.3802 0.793329 
10500 25.3802 0.793329 
10500 25.3802 0.793329 
10500 25.3802 0.793329 
10500 25.3802 0.793329 
10500 25.3802 0.793329 
10500 25.3802 0.793329 
10500 25.3802 0.793329 
10500 25.3802 0.793329 
10500 25.3802 0.793329 
10500 25.3802 0.793329 
10500 25.3802 0.793329 
10500 25.3802 0.793329 
10500 25.3802 0.793329 
10500 25.3802 0.793329 
10500 25.3802 0.793329 
10500 25.3802 0.793329 
10500 25.3802 0.793329 
10500 25.3802 0.793329 
10500 25.3802 0.793329 
10500 25.3802 0.793329 
10500 25.3802 0.793329 
10500 25.3802 0.793329 
10500 25.3802 0.793329 
10500 25.3802 0.793329 
10500 25.3802 0.793329 
10500 25.3802 0.793329 
10500 25.3802 0.793329 
10500 25.3802 0.793329 
10500 25.3802 0.793329 
10500 25.3802 0.793329 
10500 25.3802 0.793329 
10500 25.3802 0.793329 
10500 25.3802 0.793329 
10500 25.3802 0.793329 
10500 25.3802 0.793329 
10500 25.3802 0.793329 
10500 25.3802 0.793329 
10500 25.3802 0.793329 
10500 25.3802 0.793329 
10500 25.3802 0.793329 
10500 25.3802 0.793329 
10500 25.3802 0.793329 
10500 25.3802 0.793329 
10500 25.3802 0.793329 
10500 25.3802 0.793329 
10500 25.3802 0.793329 
10500 25.3802 0.793329 
10500 25.3802 0.793329 
10500 25.3802 0.793329 
10500 25.3802 0.793329 
10500 25.3802 0.793329 
10500 25.3802 0.793329 
10500 25.3802 0.793329 
10500 25.3802 0.793329 
10500 25.3802 0.793329 
10500 25.3802 0.793329 
10500 25.3802 0.793329 
10500 25.3802 0.793329 
10500 25.3802 0.793329 
10500 25.3802 0.793329 
10500 25.3802 0.793329 
10500 25.3802 0.793329 
10500 25.3802 0.793329 
10500 25.3802 0.793329 
10500 25.3802 0.793329 
10500 25.3802 0.793329 
10500 25.3802 0.793329 
10500 25.3802 0.793329 
10500 25.3802 0.793329 
10500 25.3802 0.793329 
10500 25.3802 0.793329 
10500 25.3802 0.793329 
10500 25.3802 0.793329 
10500 25.3802 0.793329 
10500 25.3802 0.793329 
10500 25.3802 0.793329 
10500 25.3802 0.793329 
10500 25.3802 0.793329 
10500 25.3802 0.793329 
10500 25.3802 0.793329 
10500 25.3802 0.793329 
10500 25.3802 0.793329 
10500 25.3802 0.793329 
10500 25.3802 0.793329 
10500 25.3802 0.793329 
10500 25.3802 0.793329 
10500 25.3802 0.793329 
10500 25.3802 0.793329 
10500 25.3802 0.793329 
10500 25.3802 0.793329 
10500 25.3802 0.793329 
10500 25.3802 0.793329 
10500 25.3802 0.793329 
10500 25.3802 0.793329 
10500 25.3802 0.793329 
10500 25.3802 0.793329 
10500 25.3802 0.793329 
10500 25.3802 0.793329 
10500 25.3802 0.793329 
10500 25.3802 0.793329 
10500 25.3802 0.793329 
10500 25.3802 0.793329 
10500 25.3802 0.793329 
10500 25.3802 0.793329 
10500 25.3802 0.793329 
10500 25.3802 0.793329 
10500 25.3802 0.793329 
10500 25.3802 0.793329 
10500 25.3802 0.793329 
10500 25.3802 0.793329 
10500 25.3802 0.793329 
10500 25.3802 0.793329 
10500 25.3802 0.793329 
10500 25.3802 0.793329 
10500 25.3802 0.793329 
10500 25.3802 0.793329 
10500 25.3802 0.793329 
10500 25.3802 0.793329 
10500 25.3802 0.793329 
10500 25.3802 0.793329 
10500 25.3802 0.793329 
10500 25.3802 0.793329 
10500 25.3802 0.793329 
10500 25.3802 0.793329 
10500 25.3802 0.793329 
10500 25.3802 0.793329 
10500 25.3802 0.793329 
10500 25.3802 0.793329 
10500 25.3802 0.793329 
10500 25.3802 0.793329 
10500 25.3802 0.793329 
10500 25.3802 0.793329 
10500 25.3802 0.793329 
10500 25.3802 0.793329 
10500 25.3802 0.793329 
10500 25.3802 0.793329 
10500 25.3802 0.793329 
10500 25.3802 0.793329 
10500 25.3802 0.793329 
10500 25.3802 0.793329 
10500 25.3802 0.793329 
10500 25.3802 0.793329 
10500 25.3802 0.793329 
10500 25.3802 0.793329 
10500 25.3802 0.793329 
10500 25.3802 0.793329 
10500 25.3802 0.793329 
10500 25.3802 0.793329 
10500 25.3802 0.793329 
10500 25.3802 0.793329 
10500 25.3802 0.793329 
10500 25.3802 0.793329 
10500 25.3802 0.793329 
10500 25.3802 0.793329 
10500 25.3802 0.793329 
10500 25.3802 0.793329 
10500 25.3802 0.793329 
10500 25.3802 0.793329 
10500 25.3802 0.793329 
10500 25.3802 0.793329 
10500 25.3802 0.793329 
10500 25.3802 0.793329 
10500 25.3802 0.793329 
10500 25.3802 0.793329 
10500 25.3802 0.793329 
10500 25.3802 0.793329 
10500 25.3802 0.793329 
10500 25.3802 0.793329 
10500 25.3802 0.793329 
10500 25.3802 0.793329 
10500 25.3802 0.793329 
10500 25.3802 0.793329 
10500 25.3802 0.793329 
10500 25.3802 0.793329 
10500 25.3802 0.793329 
10500 25.3802 0.793329 
10500 25.3802 0.793329 
10500 25.3802 0.793329 
10500 25.3802 0.793329 
10500 25.3802 0.793329 
10500 25.3802 0.793329 
10500 25.3802 0.793329 
10500 25.3802 0.793329 
10500 25.3802 0.793329 
10500 25.3802 0.793329 
10500 25.3802 0.793329 
10500 25.3802 0.793329 
10500 25.3802 0.793329 
10500 25.3802 0.793329 
10500 25.3802 0.793329 
10500 25.3802 0.793329 
10500 25.3802 0.793329 
10500 25.3802 0.793329 
10500 25.3802 0.793329 
10500 25.3802 0.793329 
10500 25.3802 0.793329 
10500 25.3802 0.793329 
10500 25.3802 0.793329 
10500 25.3802 0.793329 
10500 25.3802 0.793329 
10500 25.3802 0.793329 
10500 25.3802 0.793329 
10500 25.3802 0.793329 
10500 25.3802 0.793329 
10500 25.3802 0.793329 
10500 25.3802 0.793329 
10500 25.3802 0.793329 
10500 25.3802 0.793329 
10500 25.3802 0.793329 
10500 25.3802 0.793329 
10500 25.3802 0.793329 
10500 25.3802 0.793329 
10500 25.3802 0.793329 
10500 25.3802 0.793329 
10500 25.3802 0.793329 
10500 25.3802 0.793329 
10500 25.3802 0.793329 
10500 25.3802 0.793329 
10500 25.3802 0.793329 
10500 25.3802 0.793329 
10500 25.3802 0.793329 
10500 25.3802 0.793329 
10500 25.3802 0.793329 
10500 25.3802 0.793329 
10500 25.3802 0.793329 
10500 25.3802 0.793329 
10500 25.3802 0.793329 
10500 25.3802 0.793329 
10500 25.3802 0.793329 
10500 25.3802 0.793329 
10500 25.3802 0.793329 
10500 25.3802 0.793329 
10500 25.3802 0.793329 
10500 25.3802 0.793329 
10500 25.3802 0.793329 
10500 25.3802 0.793329 
10500 25.3802 0.793329 
10500 25.3802 0.793329 
10500 25.3802 0.793329 
10500 25.3802 0.793329 
10500 25.3802 0.793329 
10500 25.3802 0.793329 
10500 25.3802 0.793329 
10500 25.3802 0.793329 
10500 25.3802 0.793329 
10500 25.3802 0.793329 
10500 25.3802 0.793329 
10500 25.3802 0.793329 
10500 25.3802 0.793329 
10500 25.3802 0.793329 
10500 25.3802 0.793329 
10500 25.3802 0.793329 
10500 25.3802 0.793329 
10500 25.3802 0.793329 
10500 25.3802 0.793329 
10500 25.3802 0.793329 
10500 25.3802 0.793329 
10500 25.3802 0.793329 
10500 25.3802 0.793329 
10500 25.3802 0.79333 
10500 25.3802 0.79333 
10500 25.3802 0.79333 
10500 25.3802 0.79333 
10500 25.3802 0.79333 
10500 25.3802 0.79333 
10500 25.3802 0.793331 
10500 25.3802 0.793331 
10500 25.3802 0.793331 
10500 25.3802 0.793332 
10500 25.3802 0.793332 
10500 25.3802 0.793332 
10500 25.3802 0.793333 
10500 25.3802 0.793333 
10500 25.3802 0.793334 
10500 25.3802 0.793334 
10500 25.3803 0.793335 
10500 25.3803 0.793336 
10500 25.3803 0.793336 
10500 25.3803 0.793342 
10500 25.3803 0.793343 
10500 25.3804 0.793344 
10500 25.3804 0.793345 
10500 25.3804 0.793347 
10500 25.3804 0.793349 
10500 25.3804 0.793351 
10500 25.3805 0.793353 
10500 25.3805 0.793355 
10500 25.3805 0.793358 
10500 25.3805 0.793362 
10500 25.3806 0.793369 
10500 25.3807 0.793374 
10500 25.3807 0.793379 
10500 25.3808 0.793384 
10500 25.3809 0.793394 
10500 25.381 0.793402 
10500 25.3811 0.793414 
10500 25.3812 0.793423 
10500 25.3814 0.793437 
10500 25.3816 0.793454 
10500 25.3818 0.793471 
10500 25.382 0.793491 
10500 25.3823 0.793517 
10500 25.3826 0.793546 
10500 25.383 0.793586 
10500 25.3839 0.79366 
10500 25.3842 0.793689 
10500 25.3846 0.793721 
10500 25.385 0.793758 
10500 25.3854 0.793799 
10500 25.3859 0.793846 
10500 25.3865 0.793899 
10500 25.3872 0.793959 
10500 25.388 0.794027 
10500 25.3888 0.794103 
10500 25.3897 0.794188 
10500 25.3908 0.794288 
10500 25.3921 0.794398 
10500 25.3935 0.794523 
10500 25.395 0.794665 
10500 25.3968 0.794828 
10500 25.3988 0.795011 
10500 25.4012 0.79522 
10500 25.4037 0.795453 
10500 25.4066 0.79572 
10500 25.41 0.796026 
10500 25.4138 0.79637 
10500 25.4181 0.796764 
10500 25.423 0.797214 
10500 25.4283 0.79733 
10500 25.4341 0.797826 
10500 25.4407 0.798385 
10500 25.4481 0.799017 
10500 25.4564 0.79973 
10500 25.4658 0.800541 
10500 25.4763 0.801086 
10500 25.4877 0.801996 
10500 25.5004 0.803021 
10500 25.5148 0.804183 
10500 25.5307 0.805085 
10500 25.548 0.806388 
10500 25.5673 0.807846 
10500 25.5885 0.809029 
10500 25.6117 0.81066 
10500 25.6371 0.812052 
10500 25.6649 0.813603 
10500 25.6947 0.815407 
10500 25.7271 0.817058 
10500 25.762 0.818793 
10500 25.7992 0.820728 
10500 25.8389 0.822476 
10500 25.8811 0.824238 
10500 25.9256 0.825989 
10500 25.9723 0.82772 
10500 26.0211 0.814151 
10500 26.0707 0.785563 
10500 26.1206 0.761521 
10500 26.1708 0.741478 
10500 26.2212 0.724559 
10500 26.2719 0.710262 
10500 26.3227 0.698165 
10500 26.3736 0.687919 
10500 26.4247 0.679238 
10500 26.4758 0.671878 
10500 26.5271 0.665764 
10500 26.5784 0.660429 
10500 26.6298 0.655827 
10500 26.6812 0.652103 
10500 26.7326 0.648911 
10500 26.7841 0.646216 
10500 26.8356 0.644338 
10500 26.8872 0.642392 
10500 26.9387 0.640753 
10500 26.9903 0.639377 
10500 27.0419 0.638303 
10500 27.0935 0.637321 
10500 27.1451 0.636425 
10500 27.1968 0.635772 
10500 27.2484 0.635209 
10500 27.3 0.634741 
10500 27.3517 0.634352 
10500 27.4033 0.634029 
10500 27.455 0.633762 
10500 27.5066 0.633541 
10500 27.5583 0.633471 
10500 27.6099 0.633273 
10500 27.6616 0.633027 
10500 27.7132 0.632982 
10500 27.7649 0.632898 
10500 27.8165 0.632831 
10500 27.8682 0.632773 
10500 27.9198 0.632725 
10500 27.9715 0.632685 
10500 28.0231 0.632653 
10500 28.0748 0.632709 
10500 28.1265 0.63267 
10500 28.1781 0.632562 
10500 28.2298 0.632574 
10500 28.2814 0.632562 
10500 28.3331 0.632553 
10500 28.3847 0.632545 
10500 28.4364 0.632539 
10500 28.488 0.632535 
10500 28.5397 0.632531 
10500 28.5913 0.632645 
10500 28.643 0.632592 
10500 28.6946 0.632464 
10500 28.7463 0.632524 
10500 28.7979 0.632511 
10500 28.8495 0.63251 
10500 28.9012 0.63251 
10500 28.9528 0.632509 
10500 29.0045 0.632509 
10500 29.0561 0.632509 
10500 29.1078 0.632595 
10500 29.1594 0.632574 
10500 29.211 0.63248 
10500 29.2627 0.632509 
10500 29.3143 0.63251 
10500 29.366 0.63251 
10500 29.4176 0.632511 
10500 29.4692 0.632511 
10500 29.5209 0.632512 
10500 29.5725 0.632512 
10500 29.6241 0.632633 
10500 29.6758 0.632579 
10500 29.7274 0.632451 
10500 29.779 0.632504 
10500 29.8307 0.632504 
10500 29.8823 0.632505 
10500 29.934 0.632505 
10500 29.9856 0.632505 
10500 30.0372 0.632506 
10500 30.0888 0.632506 
