1500 1.00368 0.164703 
1500 1.01969 0.167357 
1500 1.03638 0.170123 
1500 1.06012 0.169052 
1500 1.10223 0.172382 
1500 1.13376 0.174691 
1500 1.16389 0.177155 
1500 1.19331 0.179493 
1500 1.2223 0.181585 
1500 1.24977 0.183756 
1500 1.27638 0.185634 
1500 1.30151 0.187616 
1500 1.32526 0.189275 
1500 1.34746 0.191024 
1500 1.36819 0.192471 
1500 1.38712 0.193758 
1500 1.40436 0.195171 
1500 1.42002 0.196253 
1500 1.43534 0.197292 
1500 1.45094 0.198574 
1500 1.46666 0.199664 
1500 1.48224 0.200726 
1500 1.49805 0.202008 
1500 1.51414 0.203129 
1500 1.53013 0.204227 
1500 1.54614 0.205517 
1500 1.56241 0.206661 
1500 1.57881 0.2078 
1500 1.59517 0.209117 
1500 1.61169 0.210293 
1500 1.6283 0.211466 
1500 1.64519 0.212833 
1500 1.6619 0.214046 
1500 1.67882 0.215267 
1500 1.69597 0.216679 
1500 1.71332 0.217972 
1500 1.7305 0.219379 
1500 1.74812 0.220739 
1500 1.76565 0.222094 
1500 1.7832 0.223585 
1500 1.80125 0.225038 
1500 1.81933 0.226505 
1500 1.83748 0.228124 
1500 1.85575 0.229681 
1500 1.87433 0.231286 
1500 1.89296 0.23306 
1500 1.91174 0.234781 
1500 1.93075 0.23667 
1500 1.95002 0.238557 
1500 1.96936 0.2405 
1500 1.98887 0.242644 
1500 2.00872 0.244804 
1500 2.02862 0.247152 
1500 2.04897 0.249574 
1500 2.06946 0.252114 
1500 2.09019 0.254935 
1500 2.11133 0.257851 
1500 2.13251 0.261055 
1500 2.15415 0.264415 
1500 2.17612 0.268165 
1500 2.19841 0.272114 
1500 2.22093 0.276513 
1500 2.24394 0.281227 
1500 2.26726 0.286347 
1500 2.29104 0.292231 
1500 2.31515 0.29848 
1500 2.34 0.305786 
1500 2.36502 0.313551 
1500 2.39068 0.32265 
1500 2.41707 0.332946 
1500 2.44399 0.344305 
1500 2.47153 0.357586 
1500 2.5 0.37254 
1500 2.52945 0.390397 
1500 2.5596 0.410488 
1500 2.59112 0.435005 
1500 2.62414 0.464297 
1500 2.65869 0.499548 
1500 2.69566 0.542924 
1500 2.73557 0.598783 
1500 2.77927 0.67201 
1500 2.82762 0.698397 
1500 2.87672 0.690528 
1500 2.92577 0.679303 
1500 2.97489 0.666524 
1500 3.02403 0.653874 
1500 3.07323 0.64259 
1500 3.12245 0.633388 
1500 3.1717 0.626487 
1500 3.22092 0.621771 
1500 3.27022 0.61888 
1500 3.31952 0.617445 
1500 3.36884 0.617109 
1500 3.41815 0.6175 
1500 3.46747 0.618418 
1500 3.5168 0.619543 
1500 3.56614 0.620784 
1500 3.6155 0.622122 
1500 3.66486 0.623382 
1500 3.71422 0.624603 
1500 3.76356 0.625679 
1500 3.81293 0.626608 
1500 3.86231 0.627471 
1500 3.91171 0.628252 
1500 3.96108 0.628944 
1500 4.01046 0.629468 
1500 4.05982 0.629944 
1500 4.1092 0.630469 
1500 4.1586 0.630685 
1500 4.20797 0.631019 
1500 4.25736 0.631401 
1500 4.30676 0.631447 
1500 4.35614 0.631654 
1500 4.4055 0.63191 
1500 4.4549 0.631948 
1500 4.5043 0.632113 
1500 4.5537 0.632217 
1500 4.6031 0.632137 
1500 4.65251 0.632339 
1500 4.70191 0.63241 
1500 4.75132 0.63242 
1500 4.80073 0.632558 
1500 4.85012 0.632434 
1500 4.89953 0.632474 
1500 4.94895 0.632578 
1500 4.99837 0.632557 
1500 5.04777 0.632655 
1500 5.09719 0.632638 
1500 5.14662 0.632562 
1500 5.19604 0.632607 
1500 5.24544 0.632696 
1500 5.29485 0.632654 
1500 5.34428 0.632544 
1500 5.39368 0.632742 
1500 5.4431 0.632729 
1500 5.49254 0.632425 
1500 5.54197 0.632739 
1500 5.59137 0.632754 
1500 5.6408 0.632638 
1500 5.69022 0.632698 
1500 5.73965 0.632554 
1500 5.78909 0.632776 
1500 5.83852 0.63272 
1500 5.88794 0.632571 
1500 5.93737 0.632564 
1500 5.98681 0.632814 
1500 6.03627 0.632782 
1500 6.08567 0.632629 
1500 6.13512 0.632647 
1500 6.18455 0.632449 
1500 6.23397 0.632398 
1500 6.28342 0.632376 
1500 6.33284 0.632382 
1500 6.38228 0.632418 
1500 6.43172 0.632484 
1500 6.48114 0.632444 
1500 6.53059 0.632433 
1500 6.58003 0.632463 
1500 6.62947 0.632367 
1500 6.67891 0.632446 
1500 6.72835 0.632407 
1500 6.77778 0.632388 
1500 6.82723 0.632561 
1500 6.87666 0.632435 
1500 6.92611 0.632352 
1500 6.97556 0.632459 
1500 7.02503 0.632576 
1500 7.07443 0.632555 
1500 7.12388 0.632401 
1500 7.17334 0.632459 
1500 7.22278 0.632526 
1500 7.27222 0.632431 
1500 7.32167 0.632383 
1500 7.37111 0.632354 
1500 7.42057 0.632533 
1500 7.47002 0.632522 
1500 7.51948 0.632358 
1500 7.56888 0.632458 
1500 7.61834 0.632536 
1500 7.66781 0.632436 
1500 7.71725 0.632588 
1500 7.76669 0.632536 
1500 7.81614 0.632298 
1500 7.8656 0.632574 
1500 7.91505 0.632562 
1500 7.9645 0.632383 
1500 8.01394 0.632495 
1500 8.0634 0.632588 
1500 8.11285 0.632455 
1500 8.1623 0.632394 
1500 8.21176 0.63259 
1500 8.2612 0.632516 
1500 8.31066 0.632494 
1500 8.36011 0.632515 
1500 8.40956 0.632527 
1500 8.45902 0.632576 
1500 8.50847 0.63236 
1500 8.55792 0.632516 
1500 8.60737 0.632606 
1500 8.65683 0.632441 
1500 8.70628 0.632355 
1500 8.75573 0.632579 
1500 8.80519 0.632451 
1500 8.85464 0.632409 
1500 8.9041 0.632692 
1500 8.95355 0.632603 
1500 9.00301 0.632303 
1500 9.05247 0.632417 
1500 9.10192 0.632776 
1500 9.15137 0.632419 
1500 9.20083 0.632571 
1500 9.25029 0.63268 
1500 9.29974 0.632425 
1500 9.3492 0.632662 
1500 9.39865 0.632442 
1500 9.44811 0.632352 
1500 9.49757 0.632613 
1500 9.54703 0.632441 
1500 9.59648 0.632379 
1500 9.64594 0.632714 
1500 9.6954 0.632553 
1500 9.74485 0.632538 
1500 9.79431 0.632536 
1500 9.84377 0.632546 
1500 9.89322 0.632569 
1500 9.94268 0.632604 
1500 9.99213 0.632212 
1500 10.0416 0.632498 
1500 10.091 0.633001 
1500 10.1405 0.632409 
1500 10.19 0.632271 
1500 10.2394 0.632547 
1500 10.2889 0.632666 
1500 10.3383 0.632366 
1500 10.3878 0.632669 
1500 10.4372 0.632847 
1500 10.4867 0.6321 
1500 10.5362 0.632728 
1500 10.5856 0.632906 
1500 10.6351 0.632067 
1500 10.6845 0.632233 
1500 10.734 0.632663 
1500 10.7835 0.632902 
1500 10.8329 0.632669 
1500 10.8824 0.632143 
1500 10.9318 0.632338 
1500 10.9813 0.632848 
1500 11.0308 0.632637 
1500 11.0802 0.632478 
1500 11.1297 0.632582 
1500 11.1791 0.632519 
1500 11.2286 0.632556 
1500 11.2781 0.632525 
1500 11.3275 0.632529 
1500 11.377 0.632542 
1500 11.4264 0.632564 
1500 11.4759 0.63254 
1500 11.5253 0.632548 
1500 11.5748 0.632666 
1500 11.6243 0.632589 
1500 11.6737 0.632491 
1500 11.7232 0.632494 
1500 11.7726 0.632543 
1500 11.8221 0.632576 
1500 11.8716 0.632551 
1500 11.921 0.632568 
1500 11.9705 0.632528 
1500 12.0199 0.632527 
1500 12.0694 0.632534 
1500 12.1189 0.632652 
1500 12.1683 0.632625 
1500 12.2178 0.632479 
1500 12.2672 0.632485 
1500 12.3167 0.632498 
1500 12.3662 0.632485 
1500 12.4156 0.632479 
1500 12.4651 0.632482 
1500 12.5145 0.632491 
1500 12.564 0.632563 
1500 12.6135 0.632548 
1500 12.6629 0.632489 
1500 12.7124 0.632459 
1500 12.7618 0.632472 
1500 12.8113 0.632491 
1500 12.8607 0.632516 
1500 12.9102 0.63251 
1500 12.9597 0.632472 
1500 13.0091 0.632487 
1500 13.0586 0.632505 
1500 13.108 0.632546 
1500 13.1575 0.632532 
1500 13.207 0.632472 
1500 13.2564 0.632488 
1500 13.3059 0.632502 
1500 13.3553 0.632478 
1500 13.4048 0.632512 
1500 13.4543 0.6325 
1500 13.5037 0.632501 
1500 13.5532 0.63251 
1500 13.6026 0.632539 
1500 13.6521 0.632558 
1500 13.7015 0.632471 
1500 13.751 0.632477 
1500 13.8005 0.632527 
1500 13.8499 0.632523 
1500 13.8994 0.632483 
1500 13.9488 0.632512 
1500 13.9983 0.632485 
1500 14.0478 0.632472 
1500 14.0972 0.632522 
1500 14.1467 0.632577 
1500 14.1961 0.632568 
1500 14.2456 0.632454 
1500 14.2951 0.632503 
1500 14.3445 0.632529 
1500 14.394 0.632499 
1500 14.4434 0.632493 
1500 14.4929 0.632489 
1500 14.5423 0.632494 
1500 14.5918 0.632502 
1500 14.6413 0.63259 
1500 14.6907 0.632589 
1500 14.7402 0.632478 
1500 14.7896 0.632486 
1500 14.8391 0.632543 
1500 14.8885 0.63252 
1500 14.938 0.632457 
1500 14.9875 0.632483 
1500 15.0369 0.632564 
1500 15.0864 0.632494 
1500 15.1358 0.632469 
1500 15.1853 0.632598 
1500 15.2348 0.632606 
1500 15.2842 0.632496 
1500 15.3337 0.632449 
1500 15.3831 0.632545 
1500 15.4326 0.63253 
1500 15.482 0.632465 
1500 15.5315 0.632509 
1500 15.581 0.63253 
1500 15.6304 0.632558 
1500 15.6799 0.632594 
1500 15.7293 0.632552 
1500 15.7788 0.632459 
1500 15.8282 0.632487 
1500 15.8777 0.632488 
1500 15.9271 0.632574 
1500 15.9766 0.632556 
1500 16.0261 0.632487 
1500 16.0755 0.632457 
1500 16.125 0.632512 
1500 16.1744 0.632543 
1500 16.2239 0.632576 
1500 16.2734 0.632615 
1500 16.3228 0.632483 
1500 16.3723 0.632514 
1500 16.4217 0.632515 
1500 16.4712 0.632517 
1500 16.5206 0.632527 
1500 16.5701 0.632538 
1500 16.6195 0.632465 
1500 16.669 0.632522 
1500 16.7185 0.632642 
1500 16.7679 0.632536 
1500 16.8174 0.632519 
1500 16.8668 0.632502 
1500 16.9163 0.63249 
1500 16.9657 0.632579 
1500 17.0152 0.632534 
1500 17.0646 0.632432 
1500 17.1141 0.632581 
1500 17.1636 0.632546 
1500 17.213 0.632454 
1500 17.2625 0.632612 
1500 17.3119 0.632589 
1500 17.3614 0.632515 
1500 17.4108 0.632484 
1500 17.4603 0.632563 
1500 17.5097 0.632495 
1500 17.5592 0.632472 
1500 17.6086 0.632571 
1500 17.6581 0.632507 
1500 17.7076 0.632612 
1500 17.757 0.632656 
1500 17.8065 0.632496 
1500 17.8559 0.632451 
1500 17.9054 0.63251 
1500 17.9548 0.63252 
1500 18.0043 0.632537 
1500 18.0537 0.632554 
1500 18.1032 0.632579 
1500 18.1526 0.632485 
1500 18.2021 0.632489 
1500 18.2515 0.632512 
1500 18.301 0.63255 
1500 18.3505 0.632536 
1500 18.3999 0.63252 
1500 18.4494 0.632441 
1500 18.4988 0.632497 
1500 18.5483 0.632553 
1500 18.5977 0.632479 
1500 18.6472 0.632481 
1500 18.6966 0.632553 
1500 18.7461 0.632541 
1500 18.7955 0.632551 
1500 18.845 0.632507 
1500 18.8944 0.632457 
1500 18.9439 0.632483 
1500 18.9933 0.632506 
1500 19.0428 0.632532 
1500 19.0923 0.632487 
1500 19.1417 0.632528 
1500 19.1912 0.63249 
1500 19.2406 0.63246 
1500 19.2901 0.632577 
1500 19.3396 0.632534 
1500 19.389 0.632533 
1500 19.4385 0.632517 
1500 19.4879 0.632504 
1500 19.5374 0.632496 
1500 19.5869 0.63249 
1500 19.6364 0.632488 
1500 19.6859 0.632487 
1500 19.7354 0.632577 
1500 19.7849 0.632545 
1500 19.8344 0.632557 
1500 19.8839 0.632505 
1500 19.9335 0.632444 
1500 19.9831 0.632575 
1500 20.0327 0.632484 
1500 20.0823 0.632436 
1500 20.132 0.632582 
1500 20.1817 0.632495 
1500 20.2314 0.632455 
1500 20.2813 0.632618 
1500 20.3311 0.632606 
1500 20.3811 0.632453 
1500 20.4312 0.632484 
1500 20.4813 0.63256 
1500 20.5315 0.632506 
1500 20.5818 0.632599 
1500 20.6321 0.632551 
1500 20.6825 0.632425 
1500 20.7329 0.632577 
1500 20.7832 0.632534 
1500 20.8335 0.632618 
1500 20.8836 0.632717 
1500 20.9336 0.632464 
1500 20.9833 0.632565 
1500 21.033 0.63259 
1500 21.0826 0.632614 
1500 21.132 0.632651 
1500 21.1816 0.63269 
1500 21.2311 0.632744 
1500 21.2807 0.632669 
1500 21.3305 0.6328 
1500 21.3805 0.632986 
1500 21.4306 0.633051 
1500 21.4812 0.632936 
1500 21.532 0.633201 
1500 21.583 0.63339 
1500 21.6344 0.633456 
1500 21.686 0.633743 
1500 21.7382 0.633997 
1500 21.7906 0.634409 
1500 21.8433 0.634896 
1500 21.8966 0.635522 
1500 21.9498 0.636078 
1500 22.0039 0.636966 
1500 22.0578 0.638164 
1500 22.113 0.639478 
1500 22.1676 0.641176 
1500 22.223 0.643322 
1500 22.2794 0.646597 
1500 22.3354 0.650113 
1500 22.3935 0.655065 
1500 22.4506 0.660745 
1500 22.5104 0.668381 
1500 22.5695 0.679863 
1500 22.6295 0.693473 
1500 22.6916 0.711673 
1500 22.7531 0.735849 
1500 22.8179 0.773515 
1500 22.8866 0.827538 
1500 22.9567 0.903838 
1500 23.0303 1.04043 
1500 23.1054 1.25403 
1500 23.183 1.68784 
1500 23.2541 2.45132 
1500 23.3107 3.65902 
1500 23.3499 4.80886 
1500 23.3787 5.13558 
1500 23.4006 6.07942 
1500 23.4186 4.94598 
1500 23.4397 5.08369 
1500 23.4548 5.1869 
1500 23.4763 3.13598 
1500 23.5045 2.7091 
1500 23.5454 1.46259 
1500 23.5987 0.747223 
1500 23.6586 0.479783 
1500 23.7221 0.335277 
1500 23.7873 0.255991 
1500 23.8542 0.220444 
1500 23.9187 0.202798 
1500 23.9866 0.199356 
1500 24.0545 0.221831 
1500 24.1207 0.253657 
1500 24.189 0.315563 
1500 24.2578 0.413718 
1500 24.3249 0.574049 
1500 24.3902 0.774149 
1500 24.4511 0.898767 
1500 24.4992 0.881173 
1500 24.5364 0.869955 
1500 24.5715 0.860973 
1500 24.6019 0.854471 
1500 24.6299 0.849243 
1500 24.6577 0.844824 
1500 24.6843 0.841182 
1500 24.7111 0.838002 
1500 24.738 0.835245 
1500 24.7665 0.832885 
1500 24.7952 0.830778 
1500 24.8254 0.829129 
1500 24.8573 0.827553 
1500 24.8907 0.826261 
1500 24.9262 0.825233 
1500 24.9636 0.824627 
1500 25.0031 0.824056 
1500 25.0448 0.823714 
1500 25.0887 0.823581 
1500 25.1346 0.823636 
1500 25.1821 0.793431 
1500 25.23 0.764855 
1500 25.2781 0.741375 
1500 25.3265 0.722069 
1500 25.3752 0.706196 
1500 25.4239 0.693149 
1500 25.4728 0.682516 
1500 25.5218 0.673663 
1500 25.5708 0.666294 
1500 25.62 0.660331 
1500 25.6691 0.65541 
1500 25.7184 0.651358 
1500 25.7676 0.648023 
1500 25.8169 0.645276 
1500 25.8663 0.643016 
1500 25.9156 0.641154 
1500 25.965 0.639622 
1500 26.0143 0.638446 
1500 26.0637 0.63739 
1500 26.1131 0.63645 
1500 26.1625 0.635767 
1500 26.2119 0.635189 
1500 26.2614 0.634714 
1500 26.3108 0.634323 
1500 26.3602 0.634002 
1500 26.4096 0.633738 
1500 26.4591 0.63352 
1500 26.5085 0.633428 
1500 26.5579 0.633259 
1500 26.6073 0.633048 
1500 26.6568 0.632972 
1500 26.7062 0.63289 
1500 26.7556 0.632822 
1500 26.8051 0.632766 
1500 26.8545 0.632721 
1500 26.904 0.632683 
1500 26.9534 0.632652 
1500 27.0028 0.632627 
1500 27.0523 0.632698 
1500 27.1017 0.632654 
1500 27.1511 0.632545 
1500 27.2006 0.632563 
1500 27.25 0.632553 
1500 27.2995 0.632544 
1500 27.3489 0.632538 
1500 27.3983 0.632532 
1500 27.4478 0.632527 
1500 27.4972 0.632524 
1500 27.5466 0.632618 
1500 27.5961 0.632584 
1500 27.6455 0.632482 
1500 27.695 0.632516 
1500 27.7444 0.632515 
1500 27.7938 0.632515 
1500 27.8433 0.632514 
1500 27.8927 0.632514 
1500 27.9421 0.632513 
1500 27.9916 0.632512 
1500 28.041 0.632512 
1500 28.0904 0.632614 
1500 28.1399 0.632575 
1500 28.1893 0.632469 
1500 28.2388 0.632509 
1500 28.2882 0.632508 
1500 28.3376 0.632508 
1500 28.387 0.632508 
1500 28.4365 0.632508 
1500 28.4859 0.632508 
1500 28.5354 0.632508 
1500 28.5848 0.632617 
1500 28.6342 0.632574 
1500 28.6837 0.632464 
1500 28.7331 0.632511 
1500 28.7825 0.632511 
1500 28.832 0.632512 
1500 28.8814 0.632513 
1500 28.9308 0.632513 
1500 28.9803 0.632514 
1500 29.0297 0.632514 
1500 29.0791 0.632515 
1500 29.1286 0.632629 
1500 29.178 0.63258 
1500 29.2274 0.632464 
1500 29.2769 0.632515 
1500 29.3263 0.632515 
1500 29.3757 0.632515 
1500 29.4252 0.632514 
1500 29.4746 0.632514 
1500 29.524 0.632513 
1500 29.5735 0.632512 
1500 29.6229 0.63263 
1500 29.6723 0.632576 
1500 29.7218 0.632454 
1500 29.7712 0.63251 
1500 29.8206 0.632509 
1500 29.8701 0.632509 
1500 29.9195 0.632509 
1500 29.9689 0.632509 
1500 30.0184 0.63251 
1500 30.0678 0.63251 
1500 30.1172 0.632511 
1500 30.1667 0.632636 
1500 30.2161 0.632578 
1500 30.2655 0.632452 
1500 30.315 0.632515 
1500 30.3644 0.632516 
1500 30.4138 0.632516 
1500 30.4632 0.632516 
1500 30.5127 0.632517 
1500 30.5621 0.632517 
1500 30.6115 0.632516 
1500 30.661 0.63257 
1500 30.7104 0.632504 
1500 30.7598 0.632505 
1500 30.8093 0.632504 
1500 30.8587 0.632504 
1500 30.9081 0.632503 
1500 30.9576 0.632503 
1500 31.007 0.632502 
1500 31.0564 0.632502 
1500 31.1059 0.632502 
1500 31.1553 0.632571 
1500 31.2047 0.632567 
1500 31.2541 0.632496 
1500 31.3036 0.632503 
1500 31.353 0.632504 
1500 31.4024 0.632505 
1500 31.4519 0.632505 
1500 31.5013 0.632506 
1500 31.5507 0.632506 
1500 31.6002 0.632507 
1500 31.6496 0.632581 
1500 31.699 0.632572 
1500 31.7484 0.632495 
1500 31.7979 0.632506 
1500 31.8473 0.632506 
1500 31.8967 0.632506 
1500 31.9462 0.632506 
1500 31.9956 0.632506 
1500 32.045 0.632506 
1500 32.0944 0.632507 
1500 32.1439 0.632507 
1500 32.1933 0.632587 
1500 32.2427 0.632572 
1500 32.2922 0.63249 
1500 32.3416 0.632507 
1500 32.391 0.632506 
1500 32.4404 0.632506 
1500 32.4899 0.632506 
1500 32.5393 0.632505 
1500 32.5887 0.632505 
1500 32.6381 0.632505 
1500 32.6876 0.63259 
1500 32.737 0.63257 
1500 32.7864 0.632483 
1500 32.8359 0.632505 
1500 32.8853 0.632505 
1500 32.9347 0.632505 
1500 32.9841 0.632505 
1500 33.0336 0.632505 
1500 33.083 0.632505 
1500 33.1324 0.632505 
1500 33.1818 0.632505 
1500 33.2313 0.632596 
1500 33.2807 0.63257 
1500 33.3301 0.632478 
1500 33.3795 0.632506 
1500 33.429 0.632506 
1500 33.4784 0.632507 
1500 33.5278 0.632507 
1500 33.5772 0.632508 
1500 33.6267 0.632508 
1500 33.6761 0.632509 
1500 33.7255 0.632604 
1500 33.7749 0.632574 
1500 33.8244 0.632477 
1500 33.8738 0.63251 
1500 33.9232 0.63251 
1500 33.9726 0.632509 
1500 34.0221 0.632509 
1500 34.0715 0.632509 
1500 34.1209 0.632509 
1500 34.1703 0.632508 
1500 34.2198 0.632508 
1500 34.2692 0.632608 
1500 34.3186 0.632572 
1500 34.368 0.632469 
1500 34.4175 0.632507 
1500 34.4669 0.632507 
1500 34.5163 0.632507 
1500 34.5657 0.632508 
1500 34.6151 0.632508 
1500 34.6646 0.632508 
1500 34.714 0.632509 
1500 34.7634 0.632615 
1500 34.8128 0.632574 
1500 34.8623 0.632467 
1500 34.9117 0.63251 
1500 34.9611 0.63251 
1500 35.0105 0.63251 
1500 35.06 0.63251 
1500 35.1094 0.63251 
1500 35.1588 0.63251 
1500 35.2082 0.632509 
1500 35.2576 0.632509 
1500 35.3071 0.63262 
1500 35.3565 0.632574 
1500 35.4059 0.632461 
1500 35.4553 0.632509 
1500 35.5048 0.632509 
1500 35.5542 0.632509 
1500 35.6036 0.632509 
1500 35.653 0.632509 
1500 35.7024 0.632509 
1500 35.7519 0.632509 
1500 35.8013 0.632624 
1500 35.8507 0.632573 
1500 35.9001 0.632454 
1500 35.9495 0.632507 
1500 35.999 0.632507 
1500 36.0484 0.632507 
1500 36.0978 0.632508 
1500 36.1472 0.632508 
1500 36.1966 0.632509 
1500 36.2461 0.63251 
1500 36.2955 0.632511 
1500 36.3449 0.632634 
1500 36.3943 0.632578 
1500 36.4437 0.632456 
1500 36.4932 0.632515 
1500 36.5426 0.632516 
1500 36.592 0.632516 
1500 36.6414 0.632517 
1500 36.6908 0.632517 
1500 36.7403 0.632517 
1500 36.7897 0.632517 
1500 36.8391 0.632643 
1500 36.8885 0.632581 
1500 36.9379 0.632451 
1500 36.9874 0.632515 
1500 37.0368 0.632514 
1500 37.0862 0.632513 
1500 37.1356 0.632505 
1500 37.185 0.632504 
1500 37.2344 0.632503 
1500 37.2839 0.632503 
1500 37.3333 0.632568 
1500 37.3827 0.632566 
1500 37.4321 0.632498 
1500 37.4815 0.632501 
1500 37.531 0.632501 
1500 37.5804 0.632502 
1500 37.6298 0.632502 
1500 37.6792 0.632503 
1500 37.7286 0.632503 
1500 37.778 0.632504 
1500 37.8275 0.632576 
1500 37.8769 0.63257 
1500 37.9263 0.632497 
1500 37.9757 0.632505 
1500 38.0251 0.632505 
1500 38.0745 0.632505 
1500 38.124 0.632505 
1500 38.1734 0.632504 
1500 38.2228 0.632504 
1500 38.2722 0.632503 
1500 38.3216 0.632502 
1500 38.371 0.632578 
1500 38.4204 0.632566 
1500 38.4699 0.632487 
1500 38.5193 0.632501 
1500 38.5687 0.632501 
1500 38.6181 0.632502 
1500 38.6675 0.632503 
1500 38.717 0.632504 
1500 38.7664 0.632506 
1500 38.8158 0.632507 
1500 38.8652 0.63259 
1500 38.9146 0.632575 
1500 38.964 0.632493 
1500 39.0134 0.632512 
1500 39.0629 0.632513 
1500 39.1123 0.632513 
1500 39.1617 0.632514 
1500 39.2111 0.632514 
1500 39.2605 0.632514 
1500 39.3099 0.632514 
1500 39.3593 0.632513 
1500 39.4088 0.632599 
1500 39.4582 0.632577 
1500 39.5076 0.632488 
1500 39.557 0.632511 
1500 39.6064 0.63251 
1500 39.6558 0.632509 
1500 39.7052 0.632509 
1500 39.7546 0.632508 
1500 39.8041 0.632508 
1500 39.8535 0.632508 
1500 39.9029 0.632599 
1500 39.9523 0.632572 
1500 40.0017 0.632479 
1500 40.0511 0.632508 
1500 40.1005 0.632508 
1500 40.15 0.632507 
1500 40.1994 0.632507 
1500 40.2488 0.632507 
1500 40.2982 0.632506 
1500 40.3476 0.632505 
1500 40.397 0.632504 
1500 40.4464 0.6326 
1500 40.4958 0.632567 
1500 40.5453 0.632468 
1500 40.5947 0.632501 
1500 40.6441 0.632501 
1500 40.6935 0.632501 
1500 40.7429 0.632502 
1500 40.7923 0.632502 
1500 40.8417 0.632503 
1500 40.8911 0.632504 
1500 40.9405 0.632607 
1500 40.99 0.632571 
1500 41.0394 0.632469 
1500 41.0888 0.632508 
1500 41.1382 0.632509 
1500 41.1876 0.63251 
1500 41.237 0.632511 
1500 41.2864 0.632511 
1500 41.3358 0.632512 
1500 41.3852 0.632513 
1500 41.4347 0.632514 
1500 41.4841 0.632621 
1500 41.5335 0.63258 
1500 41.5829 0.632472 
1500 41.6323 0.632516 
1500 41.6817 0.632516 
1500 41.7311 0.632516 
1500 41.7805 0.632515 
1500 41.8299 0.632514 
1500 41.8793 0.632513 
1500 41.9287 0.632511 
1500 41.9782 0.632509 
1500 42.0276 0.63262 
1500 42.077 0.632572 
1500 42.1264 0.632457 
1500 42.1758 0.632505 
1500 42.2252 0.632505 
1500 42.2746 0.632506 
1500 42.324 0.632507 
1500 42.3734 0.632507 
1500 42.4228 0.632508 
1500 42.4722 0.632509 
1500 42.5217 0.632626 
1500 42.5711 0.632575 
1500 42.6205 0.632456 
1500 42.6699 0.63251 
1500 42.7193 0.632509 
1500 42.7687 0.632508 
1500 42.8181 0.632508 
1500 42.8675 0.632507 
1500 42.9169 0.632507 
1500 42.9663 0.632506 
1500 43.0157 0.632506 
1500 43.0651 0.632628 
1500 43.1145 0.632571 
1500 43.164 0.632447 
1500 43.2134 0.632507 
1500 43.2628 0.632507 
1500 43.3122 0.632506 
1500 43.3616 0.632506 
1500 43.411 0.632506 
1500 43.4604 0.632507 
1500 43.5098 0.632507 
1500 43.5592 0.632634 
1500 43.6086 0.632574 
1500 43.658 0.632446 
1500 43.7074 0.632512 
1500 43.7568 0.632513 
1500 43.8062 0.632515 
1500 43.8556 0.632511 
1500 43.9051 0.632512 
1500 43.9544 0.632513 
1500 44.0039 0.632514 
1500 44.0533 0.63258 
1500 44.1027 0.632578 
1500 44.1521 0.632509 
1500 44.2015 0.632511 
1500 44.2509 0.63251 
1500 44.3003 0.632509 
1500 44.3497 0.632507 
1500 44.3991 0.632505 
1500 44.4485 0.632504 
1500 44.4979 0.632503 
1500 44.5473 0.632573 
1500 44.5967 0.632565 
1500 44.6461 0.632492 
1500 44.6955 0.632499 
1500 44.7449 0.632499 
1500 44.7943 0.632499 
1500 44.8437 0.632499 
1500 44.8931 0.632499 
1500 44.9425 0.6325 
1500 44.9919 0.6325 
1500 45.0414 0.632501 
1500 45.0907 0.632578 
1500 45.1402 0.632567 
1500 45.1896 0.63249 
1500 45.239 0.632504 
1500 45.2884 0.632505 
1500 45.3378 0.632506 
1500 45.3872 0.632507 
1500 45.4366 0.632507 
1500 45.486 0.632508 
1500 45.5354 0.632509 
1500 45.5848 0.63259 
1500 45.6342 0.632575 
1500 45.6836 0.632493 
1500 45.733 0.632512 
1500 45.7824 0.632513 
1500 45.8318 0.632514 
1500 45.8812 0.632515 
1500 45.9306 0.632516 
1500 45.98 0.632517 
1500 46.0294 0.632517 
1500 46.0788 0.632518 
1500 46.1282 0.632604 
1500 46.1776 0.632583 
1500 46.227 0.632495 
1500 46.2764 0.632518 
1500 46.3258 0.632517 
1500 46.3752 0.632516 
1500 46.4246 0.632515 
1500 46.474 0.632514 
1500 46.5234 0.632513 
1500 46.5728 0.632511 
1500 46.6222 0.632601 
1500 46.6716 0.632574 
1500 46.721 0.63248 
1500 46.7704 0.632507 
1500 46.8198 0.632506 
1500 46.8692 0.632506 
1500 46.9186 0.632505 
1500 46.968 0.632505 
1500 47.0174 0.632505 
1500 47.0668 0.632504 
1500 47.1162 0.632504 
1500 47.1656 0.6326 
