7500 1.00604 0.164754 
7500 1.0123 0.16579 
7500 1.01895 0.166889 
7500 1.02562 0.167992 
7500 1.03235 0.169106 
7500 1.03945 0.170282 
7500 1.04658 0.167589 
7500 1.06083 0.168743 
7500 1.07814 0.170107 
7500 1.09934 0.171762 
7500 1.11347 0.17281 
7500 1.12754 0.173824 
7500 1.1412 0.174781 
7500 1.1556 0.176083 
7500 1.17004 0.177115 
7500 1.1844 0.178113 
7500 1.19882 0.179357 
7500 1.21333 0.180384 
7500 1.22836 0.181418 
7500 1.24299 0.182627 
7500 1.25772 0.183655 
7500 1.273 0.184695 
7500 1.28812 0.185698 
7500 1.30331 0.186938 
7500 1.31871 0.187973 
7500 1.33395 0.188971 
7500 1.34982 0.190214 
7500 1.36546 0.19125 
7500 1.38118 0.192266 
7500 1.39698 0.193466 
7500 1.41326 0.194528 
7500 1.42946 0.195561 
7500 1.44563 0.196752 
7500 1.46194 0.197798 
7500 1.47841 0.198834 
7500 1.49531 0.200041 
7500 1.51217 0.201106 
7500 1.52897 0.202148 
7500 1.54629 0.203355 
7500 1.56324 0.204411 
7500 1.58086 0.20549 
7500 1.59833 0.206685 
7500 1.61589 0.207767 
7500 1.63389 0.208958 
7500 1.65152 0.21005 
7500 1.67013 0.21119 
7500 1.6885 0.212398 
7500 1.70668 0.213522 
7500 1.72577 0.214693 
7500 1.74447 0.215928 
7500 1.76368 0.217126 
7500 1.78307 0.218403 
7500 1.80248 0.219641 
7500 1.82233 0.220911 
7500 1.84212 0.222262 
7500 1.86243 0.223609 
7500 1.88288 0.225049 
7500 1.90356 0.226488 
7500 1.92452 0.227975 
7500 1.94594 0.229624 
7500 1.96727 0.231248 
7500 1.98902 0.233057 
7500 2.01128 0.234908 
7500 2.03328 0.236931 
7500 2.05626 0.23906 
7500 2.07885 0.241405 
7500 2.10251 0.2439 
7500 2.12615 0.24673 
7500 2.14973 0.249619 
7500 2.17421 0.253065 
7500 2.1984 0.256575 
7500 2.22374 0.260853 
7500 2.24891 0.265259 
7500 2.27414 0.270464 
7500 2.30041 0.276091 
7500 2.32588 0.282596 
7500 2.35262 0.289687 
7500 2.3788 0.298039 
7500 2.40556 0.306912 
7500 2.43305 0.317951 
7500 2.45956 0.329042 
7500 2.48705 0.343033 
7500 2.51409 0.358413 
7500 2.54177 0.375296 
7500 2.56973 0.395582 
7500 2.59714 0.41693 
7500 2.62523 0.44299 
7500 2.65335 0.471057 
7500 2.68183 0.505004 
7500 2.71133 0.544659 
7500 2.74105 0.589015 
7500 2.77227 0.64396 
7500 2.80546 0.711156 
7500 2.84114 0.794588 
7500 2.88199 0.91019 
7500 2.92941 0.975504 
7500 2.97972 0.899017 
7500 3.03022 0.816681 
7500 3.08084 0.740629 
7500 3.13158 0.677354 
7500 3.18242 0.62906 
7500 3.23337 0.595241 
7500 3.2843 0.574174 
7500 3.33532 0.563299 
7500 3.3863 0.560013 
7500 3.43733 0.561787 
7500 3.48833 0.568262 
7500 3.53939 0.57296 
7500 3.59039 0.578602 
7500 3.64143 0.584548 
7500 3.69242 0.590396 
7500 3.74349 0.595913 
7500 3.7945 0.600941 
7500 3.84552 0.605467 
7500 3.89653 0.609485 
7500 3.94752 0.613012 
7500 3.99856 0.61603 
7500 4.04956 0.618638 
7500 4.10058 0.620939 
7500 4.15156 0.622752 
7500 4.20257 0.624386 
7500 4.25361 0.62585 
7500 4.30462 0.62687 
7500 4.35562 0.627855 
7500 4.40662 0.628766 
7500 4.45761 0.629368 
7500 4.50864 0.630003 
7500 4.55965 0.630497 
7500 4.61066 0.630739 
7500 4.66168 0.631236 
7500 4.7127 0.631539 
7500 4.76371 0.631262 
7500 4.81473 0.631401 
7500 4.86575 0.631556 
7500 4.91677 0.631743 
7500 4.9678 0.631856 
7500 5.01886 0.632014 
7500 5.06986 0.632098 
7500 5.12088 0.632115 
7500 5.17191 0.632192 
7500 5.22294 0.632309 
7500 5.27397 0.632334 
7500 5.32499 0.632288 
7500 5.37604 0.632465 
7500 5.42708 0.632501 
7500 5.47812 0.632282 
7500 5.52916 0.632547 
7500 5.5802 0.632599 
7500 5.63124 0.632525 
7500 5.68228 0.632596 
7500 5.7333 0.632484 
7500 5.78435 0.632705 
7500 5.8354 0.632674 
7500 5.88645 0.632546 
7500 5.93749 0.632554 
7500 5.98854 0.632465 
7500 6.03959 0.632415 
7500 6.09063 0.632405 
7500 6.14169 0.63242 
7500 6.19274 0.632476 
7500 6.2438 0.632414 
7500 6.29483 0.632403 
7500 6.34589 0.632423 
7500 6.39695 0.632475 
7500 6.44802 0.632559 
7500 6.49905 0.632491 
7500 6.55011 0.632496 
7500 6.60117 0.63255 
7500 6.65224 0.632408 
7500 6.70328 0.63257 
7500 6.75436 0.632488 
7500 6.80541 0.632481 
7500 6.85646 0.632768 
7500 6.90753 0.632493 
7500 6.9586 0.632424 
7500 7.00967 0.632657 
7500 7.06073 0.632806 
7500 7.1118 0.632705 
7500 7.16288 0.632453 
7500 7.21394 0.632655 
7500 7.26501 0.632426 
7500 7.3161 0.632376 
7500 7.36718 0.632348 
7500 7.41826 0.63252 
7500 7.46937 0.632519 
7500 7.52047 0.632359 
7500 7.57158 0.632468 
7500 7.62271 0.632554 
7500 7.67386 0.632445 
7500 7.72499 0.632626 
7500 7.77617 0.632558 
7500 7.82737 0.632288 
7500 7.87858 0.632658 
7500 7.92984 0.632614 
7500 7.98114 0.632388 
7500 8.03246 0.632574 
7500 8.08386 0.632687 
7500 8.1353 0.632489 
7500 8.18682 0.632441 
7500 8.23844 0.63275 
7500 8.2901 0.632598 
7500 8.34188 0.632585 
7500 8.3937 0.632492 
7500 8.44564 0.632537 
7500 8.49762 0.632371 
7500 8.54966 0.632486 
7500 8.60167 0.632583 
7500 8.65368 0.63244 
7500 8.70557 0.632355 
7500 8.75735 0.632586 
7500 8.80894 0.632457 
7500 8.86036 0.632419 
7500 8.91169 0.632739 
7500 8.96286 0.632625 
7500 9.01394 0.632286 
7500 9.06508 0.632455 
7500 9.11623 0.632886 
7500 9.16746 0.632412 
7500 9.21889 0.63264 
7500 9.27054 0.632774 
7500 9.32233 0.632427 
7500 9.37452 0.632453 
7500 9.42699 0.632356 
7500 9.47972 0.632528 
7500 9.53275 0.632431 
7500 9.58613 0.632372 
7500 9.64 0.632676 
7500 9.69409 0.632551 
7500 9.74861 0.632546 
7500 9.80368 0.632558 
7500 9.85861 0.632586 
7500 9.9146 0.63254 
7500 9.97025 0.632279 
7500 10.0273 0.632446 
7500 10.0839 0.632932 
7500 10.1411 0.632409 
7500 10.1996 0.632261 
7500 10.2576 0.632543 
7500 10.3178 0.632387 
7500 10.377 0.63262 
7500 10.4392 0.632854 
7500 10.5007 0.632031 
7500 10.5634 0.632775 
7500 10.6285 0.632112 
7500 10.6932 0.63224 
7500 10.7619 0.63276 
7500 10.8354 0.632671 
7500 10.9117 0.632315 
7500 10.9942 0.632577 
7500 11.0829 0.632481 
7500 11.1854 0.632529 
7500 11.3062 0.632493 
7500 11.4686 0.632526 
7500 11.7661 0.632528 
7500 23.4757 8.89615 
7500 23.4757 8.89615 
7500 23.4757 8.89615 
7500 23.4757 8.89615 
7500 23.4757 8.89615 
7500 23.4757 8.89615 
7500 23.4757 8.89615 
7500 23.4757 8.89615 
7500 23.4757 8.89615 
7500 23.4757 8.89615 
7500 23.4757 8.89615 
7500 23.4757 8.89615 
7500 23.4757 8.89615 
7500 23.4757 8.89615 
7500 23.4757 8.89615 
7500 23.4757 8.89615 
7500 23.4757 8.89615 
7500 23.4757 8.89615 
7500 23.4757 8.89615 
7500 23.4757 8.89615 
7500 23.4757 8.89615 
7500 23.4757 8.89615 
7500 23.4757 8.89615 
7500 23.4757 8.89615 
7500 23.4757 8.89615 
7500 23.4757 8.89615 
7500 23.4757 8.89615 
7500 23.4757 8.89615 
7500 23.4757 8.89615 
7500 23.4757 8.89615 
7500 23.4757 8.89615 
7500 23.4757 8.89615 
7500 23.4757 8.89615 
7500 23.4757 8.89615 
7500 23.4757 8.89615 
7500 23.4757 8.89615 
7500 23.4757 8.89615 
7500 23.4757 8.89615 
7500 23.4757 8.89615 
7500 23.4757 8.89615 
7500 23.4757 8.89615 
7500 23.4757 8.89615 
7500 23.4757 8.89615 
7500 23.4757 8.89615 
7500 23.4757 8.89615 
7500 23.4757 8.89615 
7500 23.4757 8.89615 
7500 23.4757 8.89615 
7500 23.4757 8.89615 
7500 23.4757 8.89615 
7500 25.2231 0.795645 
7500 25.2231 0.795645 
7500 25.2231 0.795645 
7500 25.2231 0.795645 
7500 25.2231 0.795645 
7500 25.2231 0.795645 
7500 25.2231 0.795645 
7500 25.2231 0.795645 
7500 25.2231 0.795645 
7500 25.2231 0.795645 
7500 25.2231 0.795645 
7500 25.2231 0.795645 
7500 25.2231 0.795645 
7500 25.2231 0.795645 
7500 25.2231 0.795645 
7500 25.2231 0.795645 
7500 25.2231 0.795645 
7500 25.2231 0.795645 
7500 25.2231 0.795645 
7500 25.2231 0.795645 
7500 25.2231 0.795645 
7500 25.2231 0.795645 
7500 25.2231 0.795645 
7500 25.2231 0.795645 
7500 25.2231 0.795645 
7500 25.2231 0.795645 
7500 25.2231 0.795645 
7500 25.2231 0.795645 
7500 25.2231 0.795645 
7500 25.2231 0.795645 
7500 25.2231 0.795645 
7500 25.2231 0.795645 
7500 25.2231 0.795645 
7500 25.2231 0.795645 
7500 25.2231 0.795645 
7500 25.2231 0.795645 
7500 25.2231 0.795645 
7500 25.2231 0.795645 
7500 25.2231 0.795645 
7500 25.2231 0.795645 
7500 25.2231 0.795645 
7500 25.2231 0.795645 
7500 25.2231 0.795645 
7500 25.2231 0.795645 
7500 25.2231 0.795645 
7500 25.2231 0.795645 
7500 25.2231 0.795645 
7500 25.2231 0.795645 
7500 25.2231 0.795645 
7500 25.2231 0.795645 
7500 25.2231 0.795645 
7500 25.2231 0.795645 
7500 25.2231 0.795645 
7500 25.2231 0.795645 
7500 25.2231 0.795645 
7500 25.2231 0.795645 
7500 25.2231 0.795645 
7500 25.2231 0.795645 
7500 25.2231 0.795645 
7500 25.2231 0.795645 
7500 25.2231 0.795645 
7500 25.2231 0.795645 
7500 25.2231 0.795645 
7500 25.2231 0.795645 
7500 25.2231 0.795645 
7500 25.2231 0.795645 
7500 25.2231 0.795645 
7500 25.2231 0.795645 
7500 25.2231 0.795645 
7500 25.2231 0.795645 
7500 25.2231 0.795645 
7500 25.2231 0.795645 
7500 25.2231 0.795645 
7500 25.2231 0.795645 
7500 25.2231 0.795645 
7500 25.2231 0.795645 
7500 25.2231 0.795645 
7500 25.2231 0.795645 
7500 25.2231 0.795645 
7500 25.2231 0.795645 
7500 25.2231 0.795645 
7500 25.2231 0.795645 
7500 25.2231 0.795645 
7500 25.2231 0.795645 
7500 25.2231 0.795645 
7500 25.2231 0.795645 
7500 25.2231 0.795645 
7500 25.2231 0.795645 
7500 25.2231 0.795645 
7500 25.2231 0.795645 
7500 25.2231 0.795645 
7500 25.2231 0.795645 
7500 25.2231 0.795645 
7500 25.2231 0.795645 
7500 25.2231 0.795645 
7500 25.2231 0.795645 
7500 25.2231 0.795645 
7500 25.2231 0.795645 
7500 25.2231 0.795645 
7500 25.2231 0.795645 
7500 25.2231 0.795645 
7500 25.2231 0.795645 
7500 25.2231 0.795645 
7500 25.2231 0.795645 
7500 25.2231 0.795645 
7500 25.2231 0.795645 
7500 25.2231 0.795645 
7500 25.2231 0.795645 
7500 25.2231 0.795645 
7500 25.2231 0.795645 
7500 25.2231 0.795645 
7500 25.2231 0.795645 
7500 25.2231 0.795645 
7500 25.2231 0.795645 
7500 25.2231 0.795645 
7500 25.2231 0.795645 
7500 25.2231 0.795645 
7500 25.2231 0.795645 
7500 25.2231 0.795645 
7500 25.2231 0.795645 
7500 25.2231 0.795645 
7500 25.2231 0.795645 
7500 25.2231 0.795645 
7500 25.2231 0.795645 
7500 25.2231 0.795645 
7500 25.2231 0.795645 
7500 25.2231 0.795645 
7500 25.2231 0.795645 
7500 25.2231 0.795645 
7500 25.2231 0.795645 
7500 25.2231 0.795645 
7500 25.2231 0.795645 
7500 25.2231 0.795645 
7500 25.2231 0.795645 
7500 25.2231 0.795645 
7500 25.2231 0.795645 
7500 25.2231 0.795645 
7500 25.2231 0.795645 
7500 25.2231 0.795645 
7500 25.2231 0.795645 
7500 25.2231 0.795645 
7500 25.2231 0.795646 
7500 25.2231 0.795646 
7500 25.2231 0.795646 
7500 25.2231 0.795646 
7500 25.2231 0.795646 
7500 25.2231 0.795646 
7500 25.2231 0.795646 
7500 25.2231 0.795646 
7500 25.2231 0.795646 
7500 25.2231 0.795646 
7500 25.2231 0.795647 
7500 25.2231 0.795647 
7500 25.2231 0.795647 
7500 25.2231 0.795647 
7500 25.2231 0.795648 
7500 25.2231 0.795648 
7500 25.2231 0.795648 
7500 25.2231 0.795649 
7500 25.2231 0.795649 
7500 25.2231 0.79565 
7500 25.2231 0.79565 
7500 25.2232 0.795651 
7500 25.2232 0.795652 
7500 25.2232 0.795653 
7500 25.2232 0.795654 
7500 25.2232 0.795655 
7500 25.2232 0.795656 
7500 25.2232 0.795658 
7500 25.2232 0.795659 
7500 25.2233 0.795661 
7500 25.2233 0.795664 
7500 25.2233 0.795666 
7500 25.2234 0.795668 
7500 25.2234 0.795671 
7500 25.2234 0.795674 
7500 25.2235 0.795678 
7500 25.2235 0.795682 
7500 25.2236 0.795686 
7500 25.2236 0.795691 
7500 25.2237 0.795697 
7500 25.2238 0.795703 
7500 25.2238 0.795711 
7500 25.2239 0.795719 
7500 25.224 0.795728 
7500 25.2242 0.795739 
7500 25.2243 0.795751 
7500 25.2245 0.795764 
7500 25.2246 0.795779 
7500 25.2248 0.795797 
7500 25.2251 0.795816 
7500 25.2253 0.795838 
7500 25.2256 0.795863 
7500 25.2259 0.795892 
7500 25.2263 0.795923 
7500 25.2267 0.79596 
7500 25.2272 0.796002 
7500 25.2278 0.796049 
7500 25.2284 0.796103 
7500 25.2291 0.796165 
7500 25.23 0.796238 
7500 25.2312 0.795974 
7500 25.2324 0.796072 
7500 25.2335 0.79616 
7500 25.2348 0.796259 
7500 25.2362 0.796371 
7500 25.2378 0.796497 
7500 25.2396 0.79664 
7500 25.2416 0.796805 
7500 25.2439 0.796988 
7500 25.2465 0.797197 
7500 25.2495 0.797433 
7500 25.2528 0.797702 
7500 25.2566 0.798007 
7500 25.2608 0.798356 
7500 25.2657 0.798751 
7500 25.2711 0.7992 
7500 25.2773 0.799713 
7500 25.2841 0.799869 
7500 25.2916 0.800445 
7500 25.3003 0.801108 
7500 25.3098 0.801851 
7500 25.3206 0.802695 
7500 25.3327 0.803249 
7500 25.3461 0.804218 
7500 25.361 0.805314 
7500 25.3776 0.806182 
7500 25.3959 0.807433 
7500 25.4163 0.808846 
7500 25.4387 0.809979 
7500 25.4634 0.811573 
7500 25.4903 0.812902 
7500 25.5197 0.814377 
7500 25.5515 0.816145 
7500 25.5858 0.817709 
7500 25.623 0.819349 
7500 25.6626 0.821021 
7500 25.7045 0.82287 
7500 25.749 0.824506 
7500 25.7958 0.826125 
7500 25.8444 0.797803 
7500 25.8935 0.770197 
7500 25.9429 0.747329 
7500 25.9926 0.728322 
7500 26.0424 0.712639 
7500 26.0925 0.699329 
7500 26.1427 0.688119 
7500 26.1931 0.678935 
7500 26.2435 0.671189 
7500 26.294 0.66471 
7500 26.3446 0.660247 
7500 26.3953 0.655602 
7500 26.446 0.651715 
7500 26.4967 0.64854 
7500 26.5475 0.64582 
7500 26.5983 0.643475 
7500 26.6491 0.6416 
7500 26.6999 0.64003 
7500 26.7508 0.638725 
7500 26.8017 0.637641 
7500 26.8526 0.636743 
7500 26.9035 0.635999 
7500 26.9544 0.635383 
7500 27.0053 0.634874 
7500 27.0562 0.634552 
7500 27.1071 0.634173 
7500 27.158 0.633783 
7500 27.2089 0.633588 
7500 27.2598 0.633394 
7500 27.3108 0.633236 
7500 27.3617 0.633106 
7500 27.4126 0.632999 
7500 27.4636 0.632911 
7500 27.5145 0.63284 
7500 27.5654 0.632903 
7500 27.6163 0.632798 
7500 27.6673 0.63263 
7500 27.7182 0.632657 
7500 27.7691 0.632629 
7500 27.82 0.632607 
7500 27.871 0.632588 
7500 27.9219 0.632573 
7500 27.9728 0.632561 
7500 28.0237 0.632551 
7500 28.0747 0.632625 
7500 28.1256 0.632602 
7500 28.1765 0.632508 
7500 28.2274 0.632527 
7500 28.2784 0.632524 
7500 28.3293 0.632521 
7500 28.3802 0.632519 
7500 28.4311 0.632518 
7500 28.4821 0.632517 
7500 28.533 0.632516 
7500 28.5839 0.632622 
7500 28.6348 0.63258 
7500 28.6857 0.632466 
7500 28.7367 0.632515 
7500 28.7876 0.632515 
7500 28.8385 0.632515 
7500 28.8894 0.632515 
7500 28.9403 0.632516 
7500 28.9913 0.632516 
7500 29.0422 0.632505 
7500 29.0931 0.632572 
7500 29.144 0.63257 
7500 29.1949 0.632498 
7500 29.2458 0.632506 
7500 29.2968 0.632506 
7500 29.3477 0.632506 
7500 29.3986 0.632506 
7500 29.4495 0.632506 
7500 29.5004 0.632507 
7500 29.5513 0.632507 
7500 29.6022 0.632599 
7500 29.6532 0.632573 
7500 29.7041 0.632475 
7500 29.755 0.632508 
7500 29.8059 0.632509 
7500 29.8568 0.632509 
7500 29.9077 0.632509 
7500 29.9586 0.63251 
7500 30.0095 0.63251 
7500 30.0604 0.632511 
7500 30.1113 0.632511 
7500 30.1622 0.63263 
7500 30.2132 0.632577 
7500 30.2641 0.632453 
7500 30.3149 0.632513 
7500 30.3659 0.632514 
7500 30.4168 0.632504 
7500 30.4677 0.632504 
7500 30.5186 0.632504 
7500 30.5695 0.632505 
7500 30.6204 0.63258 
7500 30.6713 0.63257 
7500 30.7222 0.632489 
7500 30.7731 0.632506 
7500 30.824 0.632506 
7500 30.8749 0.632506 
7500 30.9258 0.632507 
7500 30.9767 0.632507 
7500 31.0276 0.632507 
7500 31.0785 0.632508 
7500 31.1294 0.632508 
7500 31.1803 0.632611 
7500 31.2312 0.632574 
7500 31.2821 0.632466 
7500 31.333 0.63251 
7500 31.3839 0.63251 
7500 31.4348 0.632511 
7500 31.4856 0.632511 
7500 31.5365 0.632512 
7500 31.5874 0.632512 
7500 31.6383 0.632513 
7500 31.6892 0.63264 
7500 31.7401 0.632504 
7500 31.791 0.632505 
7500 31.8419 0.632505 
7500 31.8928 0.632505 
7500 31.9437 0.632505 
7500 31.9946 0.632506 
7500 32.0455 0.632506 
7500 32.0964 0.632506 
7500 32.1472 0.632506 
7500 32.1981 0.632593 
7500 32.249 0.632572 
7500 32.2999 0.63248 
7500 32.3508 0.632507 
7500 32.4017 0.632508 
7500 32.4526 0.632508 
7500 32.5035 0.632508 
7500 32.5543 0.632508 
7500 32.6052 0.632509 
7500 32.6561 0.632509 
7500 32.707 0.63262 
7500 32.7579 0.632575 
7500 32.8088 0.632458 
7500 32.8596 0.632511 
7500 32.9105 0.632511 
7500 32.9614 0.632511 
7500 33.0123 0.632512 
7500 33.0631 0.632512 
7500 33.114 0.632504 
7500 33.1649 0.632504 
7500 33.2158 0.632574 
7500 33.2667 0.632569 
7500 33.3176 0.632494 
7500 33.3684 0.632505 
7500 33.4193 0.632505 
7500 33.4702 0.632506 
7500 33.5211 0.632506 
7500 33.5719 0.632506 
7500 33.6228 0.632507 
7500 33.6737 0.632507 
7500 33.7245 0.632601 
7500 33.7754 0.632573 
7500 33.8263 0.632473 
7500 33.8772 0.632508 
7500 33.9281 0.632509 
7500 33.9789 0.632509 
7500 34.0298 0.632509 
7500 34.0807 0.63251 
7500 34.1315 0.63251 
7500 34.1824 0.632511 
7500 34.2333 0.632511 
7500 34.2841 0.632632 
7500 34.335 0.632577 
7500 34.3859 0.63245 
7500 34.4367 0.632513 
7500 34.4876 0.632505 
7500 34.5385 0.632505 
7500 34.5893 0.632505 
7500 34.6402 0.632505 
7500 34.6911 0.632505 
7500 34.7419 0.632583 
7500 34.7928 0.632571 
7500 34.8437 0.632488 
7500 34.8945 0.632506 
7500 34.9454 0.632506 
7500 34.9963 0.632507 
7500 35.0471 0.632507 
7500 35.098 0.632507 
7500 35.1488 0.632507 
7500 35.1997 0.632508 
7500 35.2506 0.632508 
7500 35.3014 0.632612 
7500 35.3523 0.632574 
7500 35.4031 0.632464 
7500 35.454 0.632509 
7500 35.5049 0.632509 
7500 35.5557 0.63251 
7500 35.6066 0.63251 
7500 35.6574 0.632511 
7500 35.7083 0.632511 
7500 35.7591 0.632511 
7500 35.81 0.632639 
7500 35.8608 0.632504 
