1.02476   0.00311173   5.9834e-05   -8.70725e-05
1.07429   0.00311173   5.57445e-05   -7.80769e-05
1.12381   0.00311173   5.21005e-05   -6.97385e-05
1.17334   0.00311173   4.88369e-05   -6.25957e-05
1.22286   0.00311173   4.59004e-05   -5.64375e-05
1.27239   0.00311173   4.32468e-05   -5.10962e-05
1.32191   0.00311173   4.08394e-05   -4.64365e-05
1.37144   0.00311173   3.86473e-05   -4.23506e-05
1.42096   0.00311173   3.66446e-05   -3.87513e-05
1.47049   0.00311173   3.4809e-05   -3.55667e-05
1.52001   0.00311173   3.31217e-05   -3.27365e-05
1.56953   0.00311173   3.15665e-05   -3.0212e-05
1.61906   0.00311173   3.01292e-05   -2.79516e-05
1.66858   0.00311173   2.87979e-05   -2.59214e-05
1.71811   0.00311173   2.75617e-05   -2.40921e-05
1.76763   0.00311173   2.64115e-05   -2.24384e-05
1.81716   0.00311173   2.53392e-05   -2.09392e-05
1.86668   0.00311173   2.43375e-05   -1.95767e-05
1.91621   0.00311173   2.34001e-05   -1.83355e-05
1.96573   0.00311173   2.25214e-05   -1.72015e-05
2.01526   0.00311173   2.16963e-05   -1.61632e-05
2.06478   0.00311173   2.09205e-05   -1.52107e-05
2.11431   0.00311173   2.01897e-05   -1.43352e-05
2.16383   0.00311173   1.95006e-05   -1.35285e-05
2.21336   0.00311173   1.88497e-05   -1.27838e-05
2.26288   0.00311173   1.82343e-05   -1.20954e-05
2.31241   0.00311173   1.76517e-05   -1.14579e-05
2.36193   0.00311173   1.70994e-05   -1.08664e-05
2.41146   0.00311173   1.65754e-05   -1.03167e-05
2.46098   0.00311173   1.60776e-05   -9.80522e-06
2.51051   0.00311173   1.56042e-05   -9.32866e-06
2.56003   0.00311173   1.51536e-05   -8.88383e-06
2.60955   0.00311173   1.47242e-05   -8.46813e-06
2.65908   0.00311173   1.43148e-05   -8.0791e-06
2.7086   0.00311173   1.3924e-05   -7.7147e-06
2.75813   0.00311173   1.35507e-05   -7.37299e-06
2.80765   0.00311173   1.31937e-05   -7.05202e-06
2.85718   0.00311173   1.28522e-05   -6.75022e-06
2.9067   0.00311173   1.25251e-05   -6.46626e-06
2.95623   0.00311173   1.22117e-05   -6.19881e-06
3.00575   0.00311173   1.19111e-05   -5.94654e-06
3.05528   0.00311173   1.16227e-05   -5.70836e-06
3.1048   0.00311173   1.13457e-05   -5.48337e-06
3.15433   0.00311173   1.10796e-05   -5.27066e-06
3.20385   0.00311173   1.08236e-05   -5.06928e-06
3.25338   0.00311173   1.05774e-05   -4.87845e-06
3.3029   0.00311173   1.03404e-05   -4.69759e-06
3.35243   0.00311173   1.01122e-05   -4.52601e-06
3.40195   0.00311173   9.89214e-06   -4.36305e-06
3.45148   0.00311173   9.67999e-06   -4.20818e-06
3.501   0.00311173   9.47532e-06   -4.06086e-06
3.55052   0.00311173   9.27777e-06   -3.92069e-06
3.60005   0.00311173   9.08698e-06   -3.78725e-06
3.64958   0.00311173   8.90264e-06   -3.66005e-06
3.6991   0.00311173   8.72445e-06   -3.53871e-06
3.74862   0.00311173   8.55213e-06   -3.42296e-06
3.79815   0.00311173   8.38541e-06   -3.31248e-06
3.84767   0.00311173   8.22403e-06   -3.2069e-06
3.8972   0.00311173   8.06777e-06   -3.10593e-06
3.94672   0.00311173   7.91639e-06   -3.0094e-06
3.99625   0.00311173   7.76969e-06   -2.91704e-06
4.04577   0.00311173   7.62746e-06   -2.82857e-06
4.0953   0.00311173   7.48952e-06   -2.74379e-06
4.14482   0.00311173   7.35569e-06   -2.66254e-06
4.19435   0.00311173   7.2258e-06   -2.58466e-06
4.24387   0.00311173   7.09968e-06   -2.5099e-06
4.2934   0.00311173   6.97719e-06   -2.43811e-06
4.34292   0.00311173   6.85819e-06   -2.36918e-06
4.39245   0.00311173   6.74253e-06   -2.30298e-06
4.44197   0.00311173   6.63008e-06   -2.23931e-06
4.4915   0.00311173   6.52072e-06   -2.17809e-06
4.54102   0.00311173   6.41434e-06   -2.11916e-06
4.59054   0.00311173   6.31082e-06   -2.06245e-06
4.64007   0.00311173   6.21006e-06   -2.00787e-06
4.68959   0.00311173   6.11194e-06   -1.95528e-06
4.73912   0.00311173   6.01639e-06   -1.90457e-06
4.78864   0.00311173   5.9233e-06   -1.8557e-06
4.83817   0.00311173   5.83258e-06   -1.80859e-06
4.88769   0.00311173   5.74416e-06   -1.76312e-06
4.93722   0.00311173   5.65795e-06   -1.71921e-06
4.98674   0.00311173   5.57387e-06   -1.67684e-06
5.03627   0.00311173   5.49186e-06   -1.63593e-06
5.08579   0.00311173   5.41183e-06   -1.59639e-06
5.13532   0.00311173   5.33373e-06   -1.55816e-06
5.18484   0.00311173   5.2575e-06   -1.52121e-06
5.23437   0.00311173   5.18306e-06   -1.4855e-06
5.28389   0.00311173   5.11036e-06   -1.45093e-06
5.33342   0.00311173   5.03934e-06   -1.41746e-06
5.38294   0.00311173   4.96996e-06   -1.38508e-06
5.43247   0.00311173   4.90215e-06   -1.35374e-06
5.48199   0.00311173   4.83587e-06   -1.32337e-06
5.53152   0.00311173   4.77107e-06   -1.29395e-06
5.58104   0.00311173   4.70771e-06   -1.26542e-06
5.63056   0.00311173   4.64573e-06   -1.23777e-06
5.68009   0.00311173   4.58511e-06   -1.21098e-06
5.72961   0.00311173   4.52579e-06   -1.18498e-06
5.77914   0.00311173   4.46774e-06   -1.15974e-06
5.82866   0.00311173   4.41092e-06   -1.13526e-06
5.87819   0.00311173   4.35529e-06   -1.11151e-06
5.92771   0.00311173   4.30082e-06   -1.08843e-06
5.97724   0.00311173   4.24748e-06   -1.06601e-06
6.02676   0.00311173   4.19523e-06   -1.04425e-06
6.07629   0.00311173   4.14405e-06   -1.02311e-06
6.12581   0.00311173   4.0939e-06   -1.00255e-06
6.17534   0.00311173   4.04475e-06   -9.82563e-07
6.22486   0.00311173   3.99657e-06   -9.63135e-07
6.27439   0.00311173   3.94935e-06   -9.4425e-07
6.32391   0.00311173   3.90305e-06   -9.2587e-07
6.37344   0.00311173   3.85764e-06   -9.07978e-07
6.42296   0.00311173   3.81311e-06   -8.90575e-07
6.47249   0.00311173   3.76943e-06   -8.73645e-07
6.52201   0.00311173   3.72658e-06   -8.57153e-07
6.57154   0.00311173   3.68453e-06   -8.41094e-07
6.62106   0.00311173   3.64327e-06   -8.25444e-07
6.67058   0.00311173   3.60277e-06   -8.10208e-07
6.72011   0.00311173   3.56302e-06   -7.9537e-07
6.76964   0.00311173   3.52399e-06   -7.80902e-07
6.81916   0.00311173   3.48567e-06   -7.66792e-07
6.86868   0.00311173   3.44804e-06   -7.53044e-07
6.91821   0.00311173   3.41108e-06   -7.39646e-07
6.96773   0.00311173   3.37478e-06   -7.26572e-07
7.01726   0.00311173   3.33911e-06   -7.13813e-07
7.06678   0.00311173   3.30407e-06   -7.01371e-07
7.11631   0.00311173   3.26964e-06   -6.89238e-07
7.16583   0.00311173   3.2358e-06   -6.77391e-07
7.21536   0.00311173   3.20255e-06   -6.65819e-07
7.26488   0.00311173   3.16986e-06   -6.5453e-07
7.31441   0.00311173   3.13772e-06   -6.43512e-07
7.36393   0.00311173   3.10612e-06   -6.32747e-07
7.41346   0.00311173   3.07504e-06   -6.22225e-07
7.46298   0.00311173   3.04448e-06   -6.11953e-07
7.51251   0.00311173   3.01443e-06   -6.01923e-07
7.56203   0.00311173   2.98486e-06   -5.92116e-07
7.61156   0.00311173   2.95578e-06   -5.82531e-07
7.66108   0.00311173   2.92717e-06   -5.73156e-07
7.71061   0.00311173   2.89901e-06   -5.63996e-07
7.76013   0.00311173   2.8713e-06   -5.55046e-07
7.80966   0.00311173   2.84403e-06   -5.46288e-07
7.85918   0.00311173   2.81719e-06   -5.37717e-07
7.9087   0.00311173   2.79077e-06   -5.29338e-07
7.95823   0.00311173   2.76476e-06   -5.21146e-07
8.00775   0.00311173   2.73915e-06   -5.13125e-07
8.05728   0.00311173   2.71394e-06   -5.05271e-07
8.1068   0.00311173   2.68911e-06   -4.97589e-07
8.15633   0.00311173   2.66465e-06   -4.90075e-07
8.20585   0.00311173   2.64056e-06   -4.82713e-07
8.25538   0.00311173   2.61684e-06   -4.75501e-07
8.3049   0.00311173   2.59347e-06   -4.68444e-07
8.35443   0.00311173   2.57044e-06   -4.61537e-07
8.40395   0.00311173   2.54775e-06   -4.54767e-07
8.45348   0.00311173   2.52539e-06   -4.48135e-07
8.503   0.00311173   2.50336e-06   -4.41634e-07
8.55253   0.00311173   2.48165e-06   -4.35268e-07
8.60205   0.00311173   2.46025e-06   -4.29034e-07
8.65158   0.00311173   2.43916e-06   -4.2292e-07
8.7011   0.00311173   2.41836e-06   -4.16923e-07
8.75062   0.00311173   2.39786e-06   -4.11049e-07
8.80015   0.00311173   2.37765e-06   -4.05294e-07
8.84967   0.00311173   2.35772e-06   -3.99648e-07
8.8992   0.00311173   2.33806e-06   -3.94106e-07
8.94872   0.00311173   2.31868e-06   -3.88676e-07
8.99825   0.00311173   2.29956e-06   -3.83354e-07
9.04777   0.00311173   2.28071e-06   -3.78129e-07
9.0973   0.00311173   2.26211e-06   -3.73e-07
9.14682   0.00311173   2.24376e-06   -3.67971e-07
9.19635   0.00311173   2.22566e-06   -3.63041e-07
9.24587   0.00311173   2.2078e-06   -3.58199e-07
9.2954   0.00311173   2.19018e-06   -3.53443e-07
9.34492   0.00311173   2.1728e-06   -3.48779e-07
9.39445   0.00311173   2.15564e-06   -3.44203e-07
9.44397   0.00311173   2.1387e-06   -3.39708e-07
9.4935   0.00311173   2.12199e-06   -3.35295e-07
9.54302   0.00311173   2.10549e-06   -3.30959e-07
9.59255   0.00311173   2.08921e-06   -3.26703e-07
9.64207   0.00311173   2.07313e-06   -3.22527e-07
9.6916   0.00311173   2.05726e-06   -3.18423e-07
9.74112   0.00311173   2.04159e-06   -3.14388e-07
9.79064   0.00311173   2.02612e-06   -3.10427e-07
9.84017   0.00311173   2.01084e-06   -3.06539e-07
9.88969   0.00311173   1.99576e-06   -3.02715e-07
9.93922   0.00311173   1.98086e-06   -2.98955e-07
9.98874   0.00311173   1.96615e-06   -2.95266e-07
10.0383   0.00311173   1.95161e-06   -2.91626e-07
10.0878   0.00311173   1.93726e-06   -2.88072e-07
10.1373   0.00311173   1.92308e-06   -2.84566e-07
10.1868   0.00311173   1.90908e-06   -2.8112e-07
10.2364   0.00311173   1.89524e-06   -2.77732e-07
10.2859   0.00311173   1.88157e-06   -2.74401e-07
10.3354   0.00311173   1.86806e-06   -2.71126e-07
10.3849   0.00311173   1.85471e-06   -2.67904e-07
10.4345   0.00311173   1.84152e-06   -2.64737e-07
10.484   0.00311173   1.82849e-06   -2.61621e-07
10.5335   0.00311173   1.81561e-06   -2.58557e-07
10.583   0.00311173   1.80288e-06   -2.55542e-07
10.6326   0.00311173   1.7903e-06   -2.52577e-07
10.6821   0.00311173   1.77786e-06   -2.4966e-07
10.7316   0.00311173   1.76557e-06   -2.46789e-07
10.7811   0.00311173   1.75342e-06   -2.43965e-07
10.8307   0.00311173   1.7414e-06   -2.41185e-07
10.8802   0.00311173   1.72953e-06   -2.38426e-07
10.9297   0.00311173   1.71779e-06   -2.35758e-07
10.9792   0.00311173   1.70618e-06   -2.33109e-07
11.0288   0.00311173   1.6947e-06   -2.305e-07
11.0783   0.00311173   1.68335e-06   -2.27933e-07
11.1278   0.00311173   1.67212e-06   -2.25405e-07
11.1773   0.00311173   1.66102e-06   -2.22917e-07
11.2269   0.00311173   1.65004e-06   -2.20466e-07
11.2764   0.00311173   1.63918e-06   -2.18054e-07
11.3259   0.00311173   1.62844e-06   -2.15677e-07
11.3754   0.00311173   1.61782e-06   -2.13338e-07
11.425   0.00311173   1.60731e-06   -2.11033e-07
11.4745   0.00311173   1.59692e-06   -2.08763e-07
11.524   0.00311173   1.58663e-06   -2.06527e-07
11.5735   0.00311173   1.57646e-06   -2.04325e-07
11.6231   0.00311173   1.5664e-06   -2.02155e-07
11.6726   0.00311173   1.55644e-06   -2.00018e-07
11.7221   0.00311173   1.54658e-06   -1.97912e-07
11.7716   0.00311173   1.53683e-06   -1.95837e-07
11.8212   0.00311173   1.52719e-06   -1.93792e-07
11.8707   0.00311173   1.51764e-06   -1.91777e-07
11.9202   0.00311173   1.50819e-06   -1.89772e-07
11.9697   0.00311173   1.49884e-06   -1.87834e-07
12.0193   0.00311173   1.48959e-06   -1.85906e-07
12.0688   0.00311173   1.48043e-06   -1.84004e-07
12.1183   0.00311173   1.47136e-06   -1.8213e-07
12.1678   0.00311173   1.46239e-06   -1.80282e-07
12.2174   0.00311173   1.4535e-06   -1.78461e-07
12.2669   0.00311173   1.44471e-06   -1.76665e-07
12.3164   0.00311173   1.43601e-06   -1.74894e-07
12.3659   0.00311173   1.42739e-06   -1.73148e-07
12.4155   0.00311173   1.41886e-06   -1.71427e-07
12.465   0.00311173   1.41041e-06   -1.69729e-07
12.5145   0.00311173   1.40204e-06   -1.68055e-07
12.564   0.00311173   1.39376e-06   -1.66404e-07
12.6136   0.00311173   1.38556e-06   -1.64775e-07
12.6631   0.00311173   1.37744e-06   -1.63169e-07
12.7126   0.00311173   1.3694e-06   -1.61584e-07
12.7621   0.00311173   1.36144e-06   -1.60021e-07
12.8117   0.00311173   1.35355e-06   -1.58479e-07
12.8612   0.00311173   1.34574e-06   -1.56958e-07
12.9107   0.00311173   1.338e-06   -1.55457e-07
12.9602   0.00311173   1.33034e-06   -1.5396e-07
13.0098   0.00311173   1.32275e-06   -1.52515e-07
13.0593   0.00311173   1.31524e-06   -1.51073e-07
13.1088   0.00311173   1.30779e-06   -1.4965e-07
13.1583   0.00311173   1.30041e-06   -1.48246e-07
13.2079   0.00311173   1.29311e-06   -1.4686e-07
13.2574   0.00311173   1.28587e-06   -1.45493e-07
13.3069   0.00311173   1.2787e-06   -1.44142e-07
13.3564   0.00311173   1.27159e-06   -1.4281e-07
13.406   0.00311173   1.26455e-06   -1.41495e-07
13.4555   0.00311173   1.25757e-06   -1.40196e-07
13.505   0.00311173   1.25066e-06   -1.38914e-07
13.5545   0.00311173   1.24381e-06   -1.37649e-07
13.6041   0.00311173   1.23703e-06   -1.364e-07
13.6536   0.00311173   1.2303e-06   -1.35166e-07
13.7031   0.00311173   1.22364e-06   -1.33948e-07
13.7526   0.00311173   1.21704e-06   -1.32746e-07
13.8021   0.00311173   1.21049e-06   -1.31558e-07
13.8517   0.00311173   1.20401e-06   -1.30385e-07
13.9012   0.00311173   1.19758e-06   -1.29227e-07
13.9507   0.00311173   1.19121e-06   -1.28083e-07
14.0002   0.00311173   1.18489e-06   -1.26941e-07
14.0498   0.00311173   1.17863e-06   -1.25838e-07
14.0993   0.00311173   1.17243e-06   -1.24735e-07
14.1488   0.00311173   1.16628e-06   -1.23647e-07
14.1983   0.00311173   1.16018e-06   -1.22571e-07
14.2479   0.00311173   1.15414e-06   -1.21509e-07
14.2974   0.00311173   1.14814e-06   -1.20459e-07
14.3469   0.00311173   1.14221e-06   -1.19423e-07
14.3964   0.00311173   1.13632e-06   -1.18398e-07
14.446   0.00311173   1.13048e-06   -1.17386e-07
14.4955   0.00311173   1.12469e-06   -1.16386e-07
14.545   0.00311173   1.11895e-06   -1.15398e-07
14.5945   0.00311173   1.11326e-06   -1.14421e-07
14.6441   0.00311173   1.10762e-06   -1.13456e-07
14.6936   0.00311173   1.10202e-06   -1.12503e-07
14.7431   0.00311173   1.09647e-06   -1.1156e-07
14.7927   0.00311173   1.09097e-06   -1.10629e-07
14.8422   0.00311173   1.08552e-06   -1.09708e-07
14.8917   0.00311173   1.0801e-06   -1.08798e-07
14.9412   0.00311173   1.07474e-06   -1.07899e-07
14.9908   0.00311173   1.06942e-06   -1.0701e-07
15.0403   0.00311173   1.06414e-06   -1.06121e-07
15.0898   0.00311173   1.05891e-06   -1.05263e-07
15.1393   0.00311173   1.05371e-06   -1.04404e-07
15.1888   0.00311173   1.04857e-06   -1.03555e-07
15.2384   0.00311173   1.04346e-06   -1.02716e-07
15.2879   0.00311173   1.03839e-06   -1.01886e-07
15.3374   0.00311173   1.03337e-06   -1.01065e-07
15.3869   0.00311173   1.02838e-06   -1.00254e-07
15.4365   0.00311173   1.02344e-06   -9.94518e-08
15.486   0.00311173   1.01853e-06   -9.86585e-08
15.5355   0.00311173   1.01366e-06   -9.78741e-08
15.585   0.00311173   1.00884e-06   -9.70984e-08
15.6346   0.00311173   1.00405e-06   -9.63313e-08
15.6841   0.00311173   9.99294e-07   -9.55726e-08
15.7336   0.00311173   9.94579e-07   -9.48223e-08
15.7831   0.00311173   9.89902e-07   -9.40802e-08
15.8327   0.00311173   9.85261e-07   -9.33462e-08
15.8822   0.00311173   9.80656e-07   -9.26202e-08
15.9317   0.00311173   9.76087e-07   -9.19021e-08
15.9812   0.00311173   9.71553e-07   -9.11917e-08
16.0308   0.00311173   9.67054e-07   -9.04891e-08
16.0803   0.00311173   9.6259e-07   -8.97849e-08
16.1298   0.00311173   9.58161e-07   -8.91063e-08
16.1793   0.00311173   9.53764e-07   -8.8426e-08
16.2289   0.00311173   9.49402e-07   -8.77528e-08
16.2784   0.00311173   9.45073e-07   -8.7087e-08
16.3279   0.00311173   9.40776e-07   -8.6428e-08
16.3774   0.00311173   9.36512e-07   -8.57762e-08
16.427   0.00311173   9.3228e-07   -8.51311e-08
16.4765   0.00311173   9.2808e-07   -8.44929e-08
16.526   0.00311173   9.23911e-07   -8.38612e-08
16.5755   0.00311173   9.19773e-07   -8.32362e-08
16.6251   0.00311173   9.15667e-07   -8.26177e-08
16.6746   0.00311173   9.1159e-07   -8.20056e-08
16.7241   0.00311173   9.07544e-07   -8.13998e-08
16.7736   0.00311173   9.03527e-07   -8.08003e-08
16.8232   0.00311173   8.99541e-07   -8.02069e-08
16.8727   0.00311173   8.95583e-07   -7.96197e-08
16.9222   0.00311173   8.91655e-07   -7.90384e-08
16.9717   0.00311173   8.87754e-07   -7.84631e-08
17.0213   0.00311173   8.83883e-07   -7.78935e-08
17.0708   0.00311173   8.80039e-07   -7.73299e-08
17.1203   0.00311173   8.76224e-07   -7.67641e-08
17.1698   0.00311173   8.72436e-07   -7.62194e-08
17.2194   0.00311173   8.68674e-07   -7.56726e-08
17.2689   0.00311173   8.6494e-07   -7.51312e-08
17.3184   0.00311173   8.61232e-07   -7.45952e-08
17.3679   0.00311173   8.57552e-07   -7.40645e-08
17.4175   0.00311173   8.53896e-07   -7.35392e-08
17.467   0.00311173   8.50268e-07   -7.3019e-08
17.5165   0.00311173   8.46664e-07   -7.2504e-08
17.566   0.00311173   8.43086e-07   -7.1994e-08
17.6156   0.00311173   8.39533e-07   -7.14891e-08
17.6651   0.00311173   8.36005e-07   -7.0989e-08
17.7146   0.00311173   8.32501e-07   -7.0494e-08
17.7641   0.00311173   8.29023e-07   -7.00036e-08
17.8137   0.00311173   8.25568e-07   -6.95181e-08
17.8632   0.00311173   8.22137e-07   -6.90372e-08
17.9127   0.00311173   8.18729e-07   -6.85611e-08
17.9622   0.00311173   8.15346e-07   -6.80894e-08
18.0118   0.00311173   8.11985e-07   -6.76224e-08
18.0613   0.00311173   8.08648e-07   -6.71597e-08
18.1108   0.00311173   8.05333e-07   -6.67016e-08
18.1603   0.00311173   8.02041e-07   -6.6241e-08
18.2098   0.00311173   7.98772e-07   -6.57982e-08
18.2594   0.00311173   7.95524e-07   -6.5353e-08
18.3089   0.00311173   7.92299e-07   -6.49119e-08
18.3584   0.00311173   7.89095e-07   -6.44751e-08
18.4079   0.00311173   7.85913e-07   -6.40422e-08
18.4575   0.00311173   7.82751e-07   -6.36135e-08
18.507   0.00311173   7.79612e-07   -6.31888e-08
18.5565   0.00311173   7.76492e-07   -6.2768e-08
18.606   0.00311173   7.73394e-07   -6.23511e-08
18.6556   0.00311173   7.70317e-07   -6.19382e-08
18.7051   0.00311173   7.6726e-07   -6.1529e-08
18.7546   0.00311173   7.64222e-07   -6.11236e-08
18.8041   0.00311173   7.61205e-07   -6.07219e-08
18.8537   0.00311173   7.58208e-07   -6.0324e-08
18.9032   0.00311173   7.5523e-07   -5.99296e-08
18.9527   0.00311173   7.52272e-07   -5.95389e-08
19.0023   0.00311173   7.49333e-07   -5.91517e-08
19.0518   0.00311173   7.46413e-07   -5.87681e-08
19.1013   0.00311173   7.43512e-07   -5.83878e-08
19.1508   0.00311173   7.40629e-07   -5.80111e-08
19.2004   0.00311173   7.37766e-07   -5.76319e-08
19.2499   0.00311173   7.34921e-07   -5.72677e-08
19.2994   0.00311173   7.32094e-07   -5.69011e-08
19.3489   0.00311173   7.29285e-07   -5.65376e-08
19.3985   0.00311173   7.26494e-07   -5.61775e-08
19.448   0.00311173   7.23721e-07   -5.58205e-08
19.4975   0.00311173   7.20965e-07   -5.54668e-08
19.547   0.00311173   7.18227e-07   -5.5116e-08
19.5966   0.00311173   7.15505e-07   -5.47685e-08
19.6461   0.00311173   7.12802e-07   -5.4424e-08
19.6956   0.00311173   7.10115e-07   -5.40825e-08
19.7451   0.00311173   7.07445e-07   -5.3744e-08
19.7947   0.00311173   7.04791e-07   -5.34085e-08
19.8442   0.00311173   7.02155e-07   -5.30759e-08
19.8937   0.00311173   6.99534e-07   -5.27462e-08
19.9432   0.00311173   6.9693e-07   -5.24193e-08
19.9928   0.00311173   6.94342e-07   -5.20953e-08
20.0423   0.00311173   6.9177e-07   -5.1774e-08
20.0918   0.00311173   6.89214e-07   -5.14556e-08
20.1413   0.00311173   6.86674e-07   -5.11398e-08
20.1909   0.00311173   6.84149e-07   -5.08269e-08
20.2404   0.00311173   6.81639e-07   -5.05114e-08
20.2899   0.00311173   6.79145e-07   -5.02088e-08
20.3394   0.00311173   6.76666e-07   -4.99038e-08
20.3889   0.00311173   6.74203e-07   -4.96012e-08
20.4385   0.00311173   6.71753e-07   -4.93013e-08
20.488   0.00311173   6.69319e-07   -4.90039e-08
20.5375   0.00311173   6.66899e-07   -4.8709e-08
20.587   0.00311173   6.64495e-07   -4.84166e-08
20.6366   0.00311173   6.62104e-07   -4.81267e-08
20.6861   0.00311173   6.59728e-07   -4.78391e-08
20.7356   0.00311173   6.57365e-07   -4.7554e-08
20.7851   0.00311173   6.55018e-07   -4.72712e-08
20.8347   0.00311173   6.52683e-07   -4.69908e-08
20.8842   0.00311173   6.50363e-07   -4.67127e-08
20.9337   0.00311173   6.48056e-07   -4.64369e-08
20.9832   0.00311173   6.45764e-07   -4.61634e-08
21.0328   0.00311173   6.43484e-07   -4.58921e-08
21.0823   0.00311173   6.41218e-07   -4.56231e-08
21.1318   0.00311173   6.38965e-07   -4.53563e-08
21.1813   0.00311173   6.36725e-07   -4.50916e-08
21.2309   0.00311173   6.34499e-07   -4.48291e-08
21.2804   0.00311173   6.32285e-07   -4.45642e-08
21.3299   0.00311173   6.30085e-07   -4.43105e-08
21.3794   0.00311173   6.27896e-07   -4.40543e-08
21.429   0.00311173   6.25721e-07   -4.38002e-08
21.4785   0.00311173   6.23558e-07   -4.35482e-08
21.528   0.00311173   6.21408e-07   -4.32981e-08
21.5775   0.00311173   6.19269e-07   -4.30501e-08
21.6271   0.00311173   6.17143e-07   -4.28041e-08
21.6766   0.00311173   6.15029e-07   -4.256e-08
21.7261   0.00311173   6.12928e-07   -4.23179e-08
21.7756   0.00311173   6.10838e-07   -4.20777e-08
21.8252   0.00311173   6.0876e-07   -4.18394e-08
21.8747   0.00311173   6.06694e-07   -4.1603e-08
21.9242   0.00311173   6.04639e-07   -4.13684e-08
21.9737   0.00311173   6.02596e-07   -4.11357e-08
22.0233   0.00311173   6.00565e-07   -4.09048e-08
22.0728   0.00311173   5.98545e-07   -4.06758e-08
22.1223   0.00311173   5.96536e-07   -4.04485e-08
22.1718   0.00311173   5.94538e-07   -4.0223e-08
22.2214   0.00311173   5.92552e-07   -3.99993e-08
22.2709   0.00311173   5.90576e-07   -3.97773e-08
22.3204   0.00311173   5.88612e-07   -3.9553e-08
22.3699   0.00311173   5.86659e-07   -3.93384e-08
22.4195   0.00311173   5.84716e-07   -3.91216e-08
22.469   0.00311173   5.82784e-07   -3.89063e-08
22.5185   0.00311173   5.80862e-07   -3.86928e-08
22.568   0.00311173   5.78951e-07   -3.84808e-08
22.6176   0.00311173   5.7705e-07   -3.82705e-08
22.6671   0.00311173   5.7516e-07   -3.80618e-08
22.7166   0.00311173   5.7328e-07   -3.78547e-08
22.7661   0.00311173   5.71411e-07   -3.76492e-08
22.8157   0.00311173   5.69551e-07   -3.74452e-08
22.8652   0.00311173   5.67702e-07   -3.72428e-08
22.9147   0.00311173   5.65862e-07   -3.70419e-08
22.9642   0.00311173   5.64033e-07   -3.68425e-08
23.0138   0.00311173   5.62213e-07   -3.66446e-08
23.0633   0.00311173   5.60403e-07   -3.64482e-08
23.1128   0.00311173   5.58603e-07   -3.62533e-08
23.1623   0.00311173   5.56812e-07   -3.60598e-08
23.2119   0.00311173   5.55031e-07   -3.58677e-08
23.2614   0.00311173   5.5326e-07   -3.56771e-08
23.3109   0.00311173   5.51497e-07   -3.54879e-08
23.3604   0.00311173   5.49745e-07   -3.52966e-08
23.4099   0.00311173   5.48001e-07   -3.51137e-08
23.4595   0.00311173   5.46267e-07   -3.49287e-08
23.509   0.00311173   5.44542e-07   -3.4745e-08
23.5585   0.00311173   5.42825e-07   -3.45627e-08
23.608   0.00311173   5.41118e-07   -3.43817e-08
23.6576   0.00311173   5.3942e-07   -3.42021e-08
23.7071   0.00311173   5.37731e-07   -3.40237e-08
23.7566   0.00311173   5.3605e-07   -3.38467e-08
23.8061   0.00311173   5.34378e-07   -3.36709e-08
23.8557   0.00311173   5.32715e-07   -3.34965e-08
23.9052   0.00311173   5.3106e-07   -3.33232e-08
23.9547   0.00311173   5.29414e-07   -3.31513e-08
24.0042   0.00311173   5.27777e-07   -3.29805e-08
24.0538   0.00311173   5.26147e-07   -3.28111e-08
24.1033   0.00311173   5.24527e-07   -3.26428e-08
24.1528   0.00311173   5.22914e-07   -3.24757e-08
24.2023   0.00311173   5.2131e-07   -3.23098e-08
24.2519   0.00311173   5.19714e-07   -3.21451e-08
24.3014   0.00311173   5.18126e-07   -3.19816e-08
24.3509   0.00311173   5.16546e-07   -3.18192e-08
24.4004   0.00311173   5.14974e-07   -3.16548e-08
24.45   0.00311173   5.13411e-07   -3.14979e-08
24.4995   0.00311173   5.11854e-07   -3.1339e-08
24.549   0.00311173   5.10306e-07   -3.11812e-08
24.5985   0.00311173   5.08766e-07   -3.10245e-08
24.6481   0.00311173   5.07234e-07   -3.08689e-08
24.6976   0.00311173   5.05708e-07   -3.07144e-08
24.7471   0.00311173   5.04191e-07   -3.05609e-08
24.7966   0.00311173   5.02681e-07   -3.04086e-08
24.8462   0.00311173   5.01179e-07   -3.02572e-08
24.8957   0.00311173   4.99684e-07   -3.0107e-08
24.9452   0.00311173   4.98197e-07   -2.99578e-08
24.9947   0.00311173   4.96717e-07   -2.98096e-08
25.0443   0.00311173   4.95245e-07   -2.96624e-08
25.0938   0.00311173   4.93779e-07   -2.95163e-08
25.1433   0.00311173   4.92321e-07   -2.93712e-08
25.1928   0.00311173   4.9087e-07   -2.92271e-08
25.2424   0.00311173   4.89426e-07   -2.90839e-08
25.2919   0.00311173   4.87989e-07   -2.89417e-08
25.3414   0.00311173   4.86559e-07   -2.88005e-08
25.391   0.00311173   4.85136e-07   -2.86603e-08
25.4405   0.00311173   4.83721e-07   -2.85182e-08
25.49   0.00311173   4.82312e-07   -2.83827e-08
25.5395   0.00311173   4.80909e-07   -2.82453e-08
25.589   0.00311173   4.79514e-07   -2.81088e-08
25.6386   0.00311173   4.78125e-07   -2.79733e-08
25.6881   0.00311173   4.76743e-07   -2.78387e-08
25.7376   0.00311173   4.75368e-07   -2.77049e-08
25.7871   0.00311173   4.73999e-07   -2.75721e-08
25.8367   0.00311173   4.72637e-07   -2.74402e-08
25.8862   0.00311173   4.71281e-07   -2.73091e-08
25.9357   0.00311173   4.69932e-07   -2.71789e-08
25.9852   0.00311173   4.68589e-07   -2.70496e-08
26.0348   0.00311173   4.67253e-07   -2.69212e-08
26.0843   0.00311173   4.65923e-07   -2.67935e-08
26.1338   0.00311173   4.64599e-07   -2.66668e-08
26.1833   0.00311173   4.63281e-07   -2.65409e-08
26.2329   0.00311173   4.6197e-07   -2.64158e-08
26.2824   0.00311173   4.60665e-07   -2.62915e-08
26.3319   0.00311173   4.59366e-07   -2.61681e-08
26.3814   0.00311173   4.58073e-07   -2.60454e-08
26.431   0.00311173   4.56786e-07   -2.59236e-08
26.4805   0.00311173   4.55505e-07   -2.58026e-08
26.53   0.00311173   4.5423e-07   -2.56823e-08
26.5795   0.00311173   4.52961e-07   -2.55603e-08
26.6291   0.00311173   4.51698e-07   -2.54442e-08
26.6786   0.00311173   4.50441e-07   -2.53262e-08
26.7281   0.00311173   4.4919e-07   -2.52091e-08
26.7776   0.00311173   4.47944e-07   -2.50927e-08
26.8272   0.00311173   4.46704e-07   -2.4977e-08
26.8767   0.00311173   4.4547e-07   -2.48621e-08
26.9262   0.00311173   4.44242e-07   -2.4748e-08
26.9757   0.00311173   4.43019e-07   -2.46345e-08
27.0253   0.00311173   4.41802e-07   -2.45218e-08
27.0748   0.00311173   4.4059e-07   -2.44099e-08
27.1243   0.00311173   4.39384e-07   -2.42986e-08
27.1738   0.00311173   4.38183e-07   -2.4188e-08
27.2234   0.00311173   4.36988e-07   -2.40782e-08
27.2729   0.00311173   4.35798e-07   -2.3969e-08
27.3224   0.00311173   4.34614e-07   -2.38605e-08
27.3719   0.00311173   4.33435e-07   -2.37528e-08
27.4215   0.00311173   4.32261e-07   -2.36456e-08
27.471   0.00311173   4.31093e-07   -2.35392e-08
27.5205   0.00311173   4.2993e-07   -2.34335e-08
27.57   0.00311173   4.28772e-07   -2.33284e-08
27.6196   0.00311173   4.27619e-07   -2.32216e-08
27.6691   0.00311173   4.26472e-07   -2.31202e-08
27.7186   0.00311173   4.25329e-07   -2.3017e-08
27.7681   0.00311173   4.24192e-07   -2.29145e-08
27.8177   0.00311173   4.23059e-07   -2.28127e-08
27.8672   0.00311173   4.21932e-07   -2.27115e-08
27.9167   0.00311173   4.2081e-07   -2.26109e-08
27.9662   0.00311173   4.19693e-07   -2.25109e-08
28.0158   0.00311173   4.1858e-07   -2.24115e-08
28.0653   0.00311173   4.17473e-07   -2.23128e-08
28.1148   0.00311173   4.1637e-07   -2.22147e-08
28.1643   0.00311173   4.15273e-07   -2.21171e-08
28.2139   0.00311173   4.14179e-07   -2.20202e-08
28.2634   0.00311173   4.13091e-07   -2.19239e-08
28.3129   0.00311173   4.12008e-07   -2.18281e-08
28.3624   0.00311173   4.10929e-07   -2.1733e-08
28.412   0.00311173   4.09855e-07   -2.16384e-08
28.4615   0.00311173   4.08786e-07   -2.15444e-08
28.511   0.00311173   4.07721e-07   -2.14509e-08
28.5605   0.00311173   4.06661e-07   -2.13581e-08
28.6101   0.00311173   4.05606e-07   -2.12658e-08
28.6596   0.00311173   4.04555e-07   -2.11719e-08
28.7091   0.00311173   4.03509e-07   -2.10828e-08
28.7586   0.00311173   4.02467e-07   -2.09922e-08
28.8082   0.00311173   4.01429e-07   -2.09021e-08
28.8577   0.00311173   4.00396e-07   -2.08125e-08
28.9072   0.00311173   3.99368e-07   -2.07235e-08
28.9567   0.00311173   3.98344e-07   -2.0635e-08
29.0063   0.00311173   3.97324e-07   -2.0547e-08
29.0558   0.00311173   3.96309e-07   -2.04596e-08
29.1053   0.00311173   3.95298e-07   -2.03726e-08
29.1548   0.00311173   3.94291e-07   -2.02862e-08
29.2044   0.00311173   3.93288e-07   -2.02003e-08
29.2539   0.00311173   3.9229e-07   -2.0115e-08
29.3034   0.00311173   3.91296e-07   -2.00301e-08
29.3529   0.00311173   3.90306e-07   -1.99457e-08
29.4025   0.00311173   3.8932e-07   -1.98618e-08
29.452   0.00311173   3.88339e-07   -1.97784e-08
29.5015   0.00311173   3.87361e-07   -1.96955e-08
29.551   0.00311173   3.86388e-07   -1.96131e-08
29.6005   0.00311173   3.85419e-07   -1.95312e-08
29.6501   0.00311173   3.84453e-07   -1.94497e-08
29.6996   0.00311173   3.83492e-07   -1.93668e-08
29.7491   0.00311173   3.82535e-07   -1.92882e-08
29.7986   0.00311173   3.81582e-07   -1.92082e-08
29.8482   0.00311173   3.80632e-07   -1.91286e-08
29.8977   0.00311173   3.79687e-07   -1.90495e-08
29.9472   0.00311173   3.78746e-07   -1.89708e-08
29.9967   0.00311173   3.77808e-07   -1.88926e-08
30.0463   0.00311173   3.76874e-07   -1.88149e-08
30.0958   0.00311173   3.75944e-07   -1.87376e-08
30.1453   0.00311173   3.75018e-07   -1.86607e-08
30.1948   0.00311173   3.74096e-07   -1.85843e-08
30.2444   0.00311173   3.73178e-07   -1.85083e-08
30.2939   0.00311173   3.72263e-07   -1.84327e-08
30.3434   0.00311173   3.71352e-07   -1.83576e-08
30.3929   0.00311173   3.70444e-07   -1.82829e-08
30.4425   0.00311173   3.69541e-07   -1.82086e-08
30.492   0.00311173   3.68641e-07   -1.81348e-08
30.5415   0.00311173   3.67745e-07   -1.80614e-08
30.591   0.00311173   3.66852e-07   -1.79884e-08
30.6406   0.00311173   3.65963e-07   -1.79158e-08
30.6901   0.00311173   3.65077e-07   -1.78436e-08
30.7396   0.00311173   3.64196e-07   -1.777e-08
30.7891   0.00311173   3.63317e-07   -1.77004e-08
30.8387   0.00311173   3.62442e-07   -1.76294e-08
30.8882   0.00311173   3.61571e-07   -1.75588e-08
30.9377   0.00311173   3.60703e-07   -1.74887e-08
30.9872   0.00311173   3.59839e-07   -1.74189e-08
31.0368   0.00311173   3.58978e-07   -1.73495e-08
31.0863   0.00311173   3.5812e-07   -1.72804e-08
31.1358   0.00311173   3.57266e-07   -1.72118e-08
31.1853   0.00311173   3.56416e-07   -1.71436e-08
31.2349   0.00311173   3.55568e-07   -1.70757e-08
31.2844   0.00311173   3.54724e-07   -1.70082e-08
31.3339   0.00311173   3.53883e-07   -1.69411e-08
31.3834   0.00311173   3.53046e-07   -1.68743e-08
31.433   0.00311173   3.52212e-07   -1.68079e-08
31.4825   0.00311173   3.51381e-07   -1.67419e-08
31.532   0.00311173   3.50554e-07   -1.66762e-08
31.5815   0.00311173   3.4973e-07   -1.66109e-08
31.6311   0.00311173   3.48908e-07   -1.6546e-08
31.6806   0.00311173   3.48091e-07   -1.64814e-08
31.7301   0.00311173   3.47276e-07   -1.64172e-08
31.7796   0.00311173   3.46465e-07   -1.63516e-08
31.8292   0.00311173   3.45656e-07   -1.62897e-08
31.8787   0.00311173   3.44851e-07   -1.62266e-08
31.9282   0.00311173   3.44049e-07   -1.61637e-08
31.9777   0.00311173   3.4325e-07   -1.61012e-08
32.0273   0.00311173   3.42454e-07   -1.6039e-08
32.0768   0.00311173   3.41661e-07   -1.59772e-08
32.1263   0.00311173   3.40872e-07   -1.59157e-08
32.1758   0.00311173   3.40085e-07   -1.58545e-08
32.2254   0.00311173   3.39301e-07   -1.57937e-08
32.2749   0.00311173   3.38521e-07   -1.57331e-08
32.3244   0.00311173   3.37743e-07   -1.56729e-08
32.3739   0.00311173   3.36968e-07   -1.56131e-08
32.4235   0.00311173   3.36197e-07   -1.55535e-08
32.473   0.00311173   3.35428e-07   -1.54943e-08
32.5225   0.00311173   3.34662e-07   -1.54354e-08
32.572   0.00311173   3.33899e-07   -1.53768e-08
32.6216   0.00311173   3.33139e-07   -1.53185e-08
32.6711   0.00311173   3.32382e-07   -1.52605e-08
32.7206   0.00311173   3.31627e-07   -1.52028e-08
32.7701   0.00311173   3.30876e-07   -1.51454e-08
32.8197   0.00311173   3.30127e-07   -1.50868e-08
32.8692   0.00311173   3.29381e-07   -1.50316e-08
32.9187   0.00311173   3.28638e-07   -1.49751e-08
32.9682   0.00311173   3.27898e-07   -1.49189e-08
33.0178   0.00311173   3.27161e-07   -1.48631e-08
33.0673   0.00311173   3.26426e-07   -1.48075e-08
33.1168   0.00311173   3.25694e-07   -1.47522e-08
33.1663   0.00311173   3.24965e-07   -1.46972e-08
33.2159   0.00311173   3.24238e-07   -1.46424e-08
33.2654   0.00311173   3.23514e-07   -1.4588e-08
33.3149   0.00311173   3.22793e-07   -1.45338e-08
33.3644   0.00311173   3.22075e-07   -1.448e-08
33.414   0.00311173   3.21359e-07   -1.44264e-08
33.4635   0.00311173   3.20646e-07   -1.43731e-08
33.513   0.00311173   3.19935e-07   -1.432e-08
33.5625   0.00311173   3.19228e-07   -1.42672e-08
33.6121   0.00311173   3.18522e-07   -1.42148e-08
33.6616   0.00311173   3.1782e-07   -1.41625e-08
33.7111   0.00311173   3.17119e-07   -1.41106e-08
33.7606   0.00311173   3.16422e-07   -1.40589e-08
33.8102   0.00311173   3.15727e-07   -1.40075e-08
33.8597   0.00311173   3.15034e-07   -1.39549e-08
33.9092   0.00311173   3.14345e-07   -1.39054e-08
33.9587   0.00311173   3.13657e-07   -1.38547e-08
34.0082   0.00311173   3.12972e-07   -1.38044e-08
34.0578   0.00311173   3.1229e-07   -1.37542e-08
34.1073   0.00311173   3.1161e-07   -1.37044e-08
34.1568   0.00311173   3.10932e-07   -1.36547e-08
34.2064   0.00311173   3.10257e-07   -1.36054e-08
34.2559   0.00311173   3.09585e-07   -1.35562e-08
34.3054   0.00311173   3.08915e-07   -1.35074e-08
34.3549   0.00311173   3.08247e-07   -1.34587e-08
34.4044   0.00311173   3.07582e-07   -1.34104e-08
34.454   0.00311173   3.06919e-07   -1.33622e-08
34.5035   0.00311173   3.06258e-07   -1.33143e-08
34.553   0.00311173   3.056e-07   -1.32667e-08
34.6026   0.00311173   3.04944e-07   -1.32192e-08
34.6521   0.00311173   3.0429e-07   -1.31721e-08
34.7016   0.00311173   3.03639e-07   -1.31251e-08
34.7511   0.00311173   3.0299e-07   -1.30784e-08
34.8006   0.00311173   3.02344e-07   -1.30319e-08
34.8502   0.00311173   3.017e-07   -1.29857e-08
34.8997   0.00311173   3.01058e-07   -1.29383e-08
34.9492   0.00311173   3.00418e-07   -1.28939e-08
34.9988   0.00311173   2.99781e-07   -1.28483e-08
35.0483   0.00311173   2.99145e-07   -1.2803e-08
35.0978   0.00311173   2.98512e-07   -1.27578e-08
35.1473   0.00311173   2.97882e-07   -1.27129e-08
35.1968   0.00311173   2.97253e-07   -1.26683e-08
35.2464   0.00311173   2.96627e-07   -1.26238e-08
35.2959   0.00311173   2.96003e-07   -1.25796e-08
35.3454   0.00311173   2.95381e-07   -1.25356e-08
35.395   0.00311173   2.94761e-07   -1.24918e-08
35.4445   0.00311173   2.94144e-07   -1.24482e-08
35.494   0.00311173   2.93528e-07   -1.24048e-08
35.5435   0.00311173   2.92915e-07   -1.23616e-08
35.593   0.00311173   2.92304e-07   -1.23187e-08
35.6426   0.00311173   2.91695e-07   -1.22759e-08
35.6921   0.00311173   2.91088e-07   -1.22334e-08
35.7416   0.00311173   2.90483e-07   -1.21911e-08
35.7912   0.00311173   2.8988e-07   -1.21489e-08
35.8407   0.00311173   2.8928e-07   -1.2107e-08
35.8902   0.00311173   2.88681e-07   -1.20653e-08
35.9397   0.00311173   2.88085e-07   -1.20225e-08
35.9892   0.00311173   2.8749e-07   -1.19824e-08
36.0388   0.00311173   2.86898e-07   -1.19413e-08
36.0883   0.00311173   2.86308e-07   -1.19004e-08
36.1378   0.00311173   2.85719e-07   -1.18597e-08
36.1873   0.00311173   2.85133e-07   -1.18191e-08
36.2369   0.00311173   2.84549e-07   -1.17788e-08
36.2864   0.00311173   2.83966e-07   -1.17386e-08
36.3359   0.00311173   2.83386e-07   -1.16987e-08
36.3854   0.00311173   2.82807e-07   -1.16589e-08
36.435   0.00311173   2.82231e-07   -1.16193e-08
36.4845   0.00311173   2.81657e-07   -1.15799e-08
36.534   0.00311173   2.81084e-07   -1.15407e-08
36.5835   0.00311173   2.80513e-07   -1.15017e-08
36.6331   0.00311173   2.79945e-07   -1.14629e-08
36.6826   0.00311173   2.79378e-07   -1.14242e-08
36.7321   0.00311173   2.78813e-07   -1.13858e-08
36.7816   0.00311173   2.7825e-07   -1.13475e-08
36.8312   0.00311173   2.77689e-07   -1.13094e-08
36.8807   0.00311173   2.7713e-07   -1.12714e-08
36.9302   0.00311173   2.76573e-07   -1.12337e-08
36.9797   0.00311173   2.76017e-07   -1.1195e-08
37.0293   0.00311173   2.75464e-07   -1.11587e-08
37.0788   0.00311173   2.74912e-07   -1.11215e-08
37.1283   0.00311173   2.74362e-07   -1.10844e-08
37.1778   0.00311173   2.73814e-07   -1.10476e-08
37.2274   0.00311173   2.73268e-07   -1.10109e-08
37.2769   0.00311173   2.72724e-07   -1.09743e-08
37.3264   0.00311173   2.72181e-07   -1.0938e-08
37.3759   0.00311173   2.7164e-07   -1.09018e-08
37.4255   0.00311173   2.71101e-07   -1.08657e-08
37.475   0.00311173   2.70564e-07   -1.08299e-08
37.5245   0.00311173   2.70029e-07   -1.07942e-08
37.574   0.00311173   2.69495e-07   -1.07586e-08
37.6236   0.00311173   2.68963e-07   -1.07233e-08
37.6731   0.00311173   2.68433e-07   -1.06881e-08
37.7226   0.00311173   2.67904e-07   -1.0653e-08
37.7721   0.00311173   2.67378e-07   -1.06181e-08
37.8217   0.00311173   2.66853e-07   -1.05834e-08
37.8712   0.00311173   2.66329e-07   -1.05488e-08
37.9207   0.00311173   2.65808e-07   -1.05144e-08
37.9702   0.00311173   2.65288e-07   -1.04802e-08
38.0198   0.00311173   2.6477e-07   -1.0445e-08
38.0693   0.00311173   2.64253e-07   -1.04121e-08
38.1188   0.00311173   2.63738e-07   -1.03784e-08
38.1683   0.00311173   2.63225e-07   -1.03447e-08
38.2179   0.00311173   2.62714e-07   -1.03112e-08
38.2674   0.00311173   2.62204e-07   -1.02779e-08
38.3169   0.00311173   2.61696e-07   -1.02447e-08
38.3664   0.00311173   2.61189e-07   -1.02117e-08
38.416   0.00311173   2.60684e-07   -1.01788e-08
38.4655   0.00311173   2.60181e-07   -1.01461e-08
38.515   0.00311173   2.59679e-07   -1.01135e-08
38.5645   0.00311173   2.59179e-07   -1.00811e-08
38.6141   0.00311173   2.58681e-07   -1.00488e-08
38.6636   0.00311173   2.58184e-07   -1.00166e-08
38.7131   0.00311173   2.57689e-07   -9.98462e-09
38.7626   0.00311173   2.57195e-07   -9.95276e-09
38.8122   0.00311173   2.56703e-07   -9.92104e-09
38.8617   0.00311173   2.56212e-07   -9.88946e-09
38.9112   0.00311173   2.55723e-07   -9.85803e-09
38.9607   0.00311173   2.55236e-07   -9.82673e-09
39.0103   0.00311173   2.5475e-07   -9.79557e-09
39.0598   0.00311173   2.54266e-07   -9.76356e-09
39.1093   0.00311173   2.53783e-07   -9.73367e-09
39.1588   0.00311173   2.53302e-07   -9.70292e-09
39.2084   0.00311173   2.52822e-07   -9.67231e-09
39.2579   0.00311173   2.52343e-07   -9.64184e-09
39.3074   0.00311173   2.51867e-07   -9.61149e-09
39.3569   0.00311173   2.51391e-07   -9.58129e-09
39.4064   0.00311173   2.50918e-07   -9.55121e-09
39.456   0.00311173   2.50445e-07   -9.52127e-09
39.5055   0.00311173   2.49975e-07   -9.49145e-09
39.555   0.00311173   2.49505e-07   -9.46177e-09
39.6046   0.00311173   2.49037e-07   -9.43222e-09
39.6541   0.00311173   2.48571e-07   -9.4028e-09
39.7036   0.00311173   2.48106e-07   -9.3735e-09
39.7531   0.00311173   2.47643e-07   -9.34434e-09
39.8026   0.00311173   2.47181e-07   -9.31529e-09
39.8522   0.00311173   2.4672e-07   -9.28638e-09
39.9017   0.00311173   2.46261e-07   -9.25759e-09
39.9512   0.00311173   2.45803e-07   -9.22893e-09
40.0007   0.00311173   2.45347e-07   -9.20039e-09
40.0503   0.00311173   2.44892e-07   -9.17198e-09
40.0998   0.00311173   2.44438e-07   -9.14276e-09
40.1493   0.00311173   2.43986e-07   -9.11551e-09
40.1989   0.00311173   2.43535e-07   -9.08746e-09
40.2484   0.00311173   2.43086e-07   -9.05953e-09
40.2979   0.00311173   2.42638e-07   -9.03173e-09
40.3474   0.00311173   2.42191e-07   -9.00403e-09
40.3969   0.00311173   2.41746e-07   -8.97646e-09
40.4465   0.00311173   2.41302e-07   -8.94901e-09
40.496   0.00311173   2.4086e-07   -8.92168e-09
40.5455   0.00311173   2.40419e-07   -8.89445e-09
40.5951   0.00311173   2.39979e-07   -8.86735e-09
40.6446   0.00311173   2.3954e-07   -8.84036e-09
40.6941   0.00311173   2.39103e-07   -8.81349e-09
40.7436   0.00311173   2.38667e-07   -8.78673e-09
40.7931   0.00311173   2.38233e-07   -8.76009e-09
40.8427   0.00311173   2.378e-07   -8.73356e-09
40.8922   0.00311173   2.37368e-07   -8.70714e-09
40.9417   0.00311173   2.36937e-07   -8.68083e-09
40.9913   0.00311173   2.36508e-07   -8.65464e-09
41.0408   0.00311173   2.3608e-07   -8.62855e-09
41.0903   0.00311173   2.35653e-07   -8.60257e-09
41.1398   0.00311173   2.35228e-07   -8.57584e-09
41.1893   0.00311173   2.34804e-07   -8.55095e-09
41.2389   0.00311173   2.34381e-07   -8.5253e-09
41.2884   0.00311173   2.33959e-07   -8.49976e-09
41.3379   0.00311173   2.33539e-07   -8.47433e-09
41.3874   0.00311173   2.3312e-07   -8.44899e-09
41.437   0.00311173   2.32702e-07   -8.42377e-09
41.4865   0.00311173   2.32286e-07   -8.39865e-09
41.536   0.00311173   2.3187e-07   -8.37364e-09
41.5855   0.00311173   2.31456e-07   -8.34873e-09
41.6351   0.00311173   2.31043e-07   -8.32393e-09
41.6846   0.00311173   2.30632e-07   -8.29923e-09
41.7341   0.00311173   2.30221e-07   -8.27463e-09
41.7836   0.00311173   2.29812e-07   -8.25013e-09
41.8332   0.00311173   2.29404e-07   -8.22574e-09
41.8827   0.00311173   2.28997e-07   -8.20144e-09
41.9322   0.00311173   2.28592e-07   -8.17725e-09
41.9817   0.00311173   2.28187e-07   -8.15315e-09
42.0313   0.00311173   2.27784e-07   -8.12916e-09
42.0808   0.00311173   2.27382e-07   -8.10526e-09
42.1303   0.00311173   2.26981e-07   -8.08146e-09
42.1798   0.00311173   2.26582e-07   -8.05694e-09
42.2294   0.00311173   2.26183e-07   -8.03415e-09
42.2789   0.00311173   2.25786e-07   -8.01065e-09
42.3284   0.00311173   2.2539e-07   -7.98724e-09
42.3779   0.00311173   2.24995e-07   -7.96392e-09
42.4275   0.00311173   2.24601e-07   -7.9407e-09
42.477   0.00311173   2.24208e-07   -7.91758e-09
42.5265   0.00311173   2.23817e-07   -7.89454e-09
42.576   0.00311173   2.23426e-07   -7.87161e-09
42.6256   0.00311173   2.23037e-07   -7.84876e-09
42.6751   0.00311173   2.22649e-07   -7.82601e-09
42.7246   0.00311173   2.22262e-07   -7.80335e-09
42.7741   0.00311173   2.21876e-07   -7.78079e-09
42.8237   0.00311173   2.21491e-07   -7.75831e-09
42.8732   0.00311173   2.21108e-07   -7.73592e-09
42.9227   0.00311173   2.20725e-07   -7.71363e-09
42.9722   0.00311173   2.20344e-07   -7.69142e-09
43.0218   0.00311173   2.19963e-07   -7.6693e-09
43.0713   0.00311173   2.19584e-07   -7.64728e-09
43.1208   0.00311173   2.19206e-07   -7.62534e-09
43.1703   0.00311173   2.18829e-07   -7.60349e-09
43.2199   0.00311173   2.18453e-07   -7.58096e-09
43.2694   0.00311173   2.18078e-07   -7.56005e-09
43.3189   0.00311173   2.17704e-07   -7.53846e-09
43.3684   0.00311173   2.17331e-07   -7.51696e-09
43.418   0.00311173   2.16959e-07   -7.49554e-09
43.4675   0.00311173   2.16589e-07   -7.47421e-09
43.517   0.00311173   2.16219e-07   -7.45296e-09
43.5665   0.00311173   2.1585e-07   -7.4318e-09
43.6161   0.00311173   2.15483e-07   -7.41072e-09
43.6656   0.00311173   2.15116e-07   -7.38973e-09
43.7151   0.00311173   2.14751e-07   -7.36882e-09
43.7646   0.00311173   2.14387e-07   -7.34798e-09
43.8142   0.00311173   2.14023e-07   -7.32724e-09
43.8637   0.00311173   2.13661e-07   -7.30657e-09
43.9132   0.00311173   2.13299e-07   -7.28599e-09
43.9627   0.00311173   2.12939e-07   -7.26549e-09
44.0123   0.00311173   2.1258e-07   -7.24507e-09
44.0618   0.00311173   2.12221e-07   -7.22472e-09
44.1113   0.00311173   2.11864e-07   -7.20446e-09
44.1608   0.00311173   2.11508e-07   -7.18428e-09
44.2104   0.00311173   2.11153e-07   -7.16418e-09
44.2599   0.00311173   2.10798e-07   -7.14343e-09
44.3094   0.00311173   2.10445e-07   -7.12421e-09
44.3589   0.00311173   2.10093e-07   -7.10434e-09
44.4085   0.00311173   2.09741e-07   -7.08455e-09
44.458   0.00311173   2.09391e-07   -7.06484e-09
44.5075   0.00311173   2.09042e-07   -7.0452e-09
44.557   0.00311173   2.08693e-07   -7.02564e-09
44.6065   0.00311173   2.08346e-07   -7.00616e-09
44.6561   0.00311173   2.07999e-07   -6.98675e-09
44.7056   0.00311173   2.07654e-07   -6.96741e-09
44.7551   0.00311173   2.07309e-07   -6.94816e-09
44.8047   0.00311173   2.06965e-07   -6.92897e-09
44.8542   0.00311173   2.06623e-07   -6.90986e-09
44.9037   0.00311173   2.06281e-07   -6.89082e-09
44.9532   0.00311173   2.0594e-07   -6.87186e-09
45.0027   0.00311173   2.056e-07   -6.85297e-09
45.0523   0.00311173   2.05261e-07   -6.83415e-09
45.1018   0.00311173   2.04923e-07   -6.8154e-09
45.1513   0.00311173   2.04586e-07   -6.79673e-09
45.2009   0.00311173   2.0425e-07   -6.77813e-09
45.2504   0.00311173   2.03915e-07   -6.7596e-09
45.2999   0.00311173   2.03581e-07   -6.74046e-09
45.3494   0.00311173   2.03247e-07   -6.72275e-09
45.3989   0.00311173   2.02915e-07   -6.70443e-09
45.4485   0.00311173   2.02583e-07   -6.68618e-09
45.498   0.00311173   2.02252e-07   -6.668e-09
45.5475   0.00311173   2.01923e-07   -6.64989e-09
45.5971   0.00311173   2.01594e-07   -6.63185e-09
45.6466   0.00311173   2.01266e-07   -6.61387e-09
45.6961   0.00311173   2.00939e-07   -6.59597e-09
45.7456   0.00311173   2.00613e-07   -6.57813e-09
45.7951   0.00311173   2.00287e-07   -6.56036e-09
45.8447   0.00311173   1.99963e-07   -6.54266e-09
45.8942   0.00311173   1.99639e-07   -6.52502e-09
45.9437   0.00311173   1.99316e-07   -6.50745e-09
45.9933   0.00311173   1.98995e-07   -6.48995e-09
46.0428   0.00311173   1.98674e-07   -6.47251e-09
46.0923   0.00311173   1.98353e-07   -6.45514e-09
46.1418   0.00311173   1.98034e-07   -6.43783e-09
46.1913   0.00311173   1.97716e-07   -6.42059e-09
46.2409   0.00311173   1.97398e-07   -6.40341e-09
46.2904   0.00311173   1.97082e-07   -6.3863e-09
46.3399   0.00311173   1.96766e-07   -6.36861e-09
46.3894   0.00311173   1.96451e-07   -6.35226e-09
46.439   0.00311173   1.96137e-07   -6.33534e-09
46.4885   0.00311173   1.95823e-07   -6.31848e-09
46.538   0.00311173   1.95511e-07   -6.30169e-09
46.5875   0.00311173   1.95199e-07   -6.28495e-09
46.6371   0.00311173   1.94888e-07   -6.26828e-09
46.6866   0.00311173   1.94578e-07   -6.25167e-09
46.7361   0.00311173   1.94269e-07   -6.23512e-09
46.7856   0.00311173   1.93961e-07   -6.21863e-09
46.8352   0.00311173   1.93653e-07   -6.20221e-09
46.8847   0.00311173   1.93346e-07   -6.18584e-09
46.9342   0.00311173   1.9304e-07   -6.16954e-09
46.9837   0.00311173   1.92735e-07   -6.15329e-09
47.0333   0.00311173   1.92431e-07   -6.13711e-09
47.0828   0.00311173   1.92127e-07   -6.12098e-09
47.1323   0.00311173   1.91825e-07   -6.10491e-09
47.1818   0.00311173   1.91523e-07   -6.0889e-09
47.2314   0.00311173   1.91221e-07   -6.07296e-09
47.2809   0.00311173   1.90921e-07   -6.05706e-09
47.3304   0.00311173   1.90621e-07   -6.04123e-09
47.3799   0.00311173   1.90323e-07   -6.02485e-09
47.4295   0.00311173   1.90025e-07   -6.00974e-09
47.479   0.00311173   1.89727e-07   -5.99408e-09
47.5285   0.00311173   1.89431e-07   -5.97848e-09
47.578   0.00311173   1.89135e-07   -5.96294e-09
47.6276   0.00311173   1.8884e-07   -5.94744e-09
47.6771   0.00311173   1.88546e-07   -5.93201e-09
47.7266   0.00311173   1.88253e-07   -5.91664e-09
47.7761   0.00311173   1.8796e-07   -5.90132e-09
47.8257   0.00311173   1.87668e-07   -5.88605e-09
47.8752   0.00311173   1.87377e-07   -5.87084e-09
47.9247   0.00311173   1.87087e-07   -5.85568e-09
47.9742   0.00311173   1.86797e-07   -5.84058e-09
48.0238   0.00311173   1.86508e-07   -5.82554e-09
48.0733   0.00311173   1.8622e-07   -5.81054e-09
48.1228   0.00311173   1.85933e-07   -5.79561e-09
48.1723   0.00311173   1.85646e-07   -5.78072e-09
48.2219   0.00311173   1.8536e-07   -5.76589e-09
48.2714   0.00311173   1.85075e-07   -5.75111e-09
48.3209   0.00311173   1.84791e-07   -5.73639e-09
48.3704   0.00311173   1.84507e-07   -5.72172e-09
48.42   0.00311173   1.84224e-07   -5.70652e-09
48.4695   0.00311173   1.83942e-07   -5.69253e-09
48.519   0.00311173   1.8366e-07   -5.67802e-09
48.5685   0.00311173   1.83379e-07   -5.66355e-09
48.6181   0.00311173   1.83099e-07   -5.64914e-09
48.6676   0.00311173   1.8282e-07   -5.63478e-09
48.7171   0.00311173   1.82541e-07   -5.62047e-09
48.7666   0.00311173   1.82263e-07   -5.60621e-09
48.8162   0.00311173   1.81986e-07   -5.592e-09
48.8657   0.00311173   1.81709e-07   -5.57784e-09
48.9152   0.00311173   1.81433e-07   -5.56374e-09
48.9647   0.00311173   1.81158e-07   -5.54968e-09
49.0143   0.00311173   1.80883e-07   -5.53567e-09
49.0638   0.00311173   1.8061e-07   -5.52171e-09
49.1133   0.00311173   1.80336e-07   -5.5078e-09
49.1628   0.00311173   1.80064e-07   -5.49394e-09
49.2124   0.00311173   1.79792e-07   -5.48013e-09
49.2619   0.00311173   1.79521e-07   -5.46637e-09
49.3114   0.00311173   1.79251e-07   -5.45265e-09
49.3609   0.00311173   1.78981e-07   -5.43899e-09
49.4105   0.00311173   1.78712e-07   -5.42537e-09
49.46   0.00311173   1.78444e-07   -5.41125e-09
49.5095   0.00311173   1.78176e-07   -5.39827e-09
49.559   0.00311173   1.77909e-07   -5.3848e-09
49.6086   0.00311173   1.77643e-07   -5.37137e-09
49.6581   0.00311173   1.77377e-07   -5.35799e-09
49.7076   0.00311173   1.77112e-07   -5.34465e-09
49.7571   0.00311173   1.76848e-07   -5.33136e-09
49.8066   0.00311173   1.76584e-07   -5.31812e-09
49.8562   0.00311173   1.76321e-07   -5.30492e-09
49.9057   0.00311173   1.76059e-07   -5.29177e-09
49.9552   0.00311173   1.75797e-07   -5.27866e-09
50.0048   0.00311173   1.75536e-07   -5.2656e-09
50.0543   0.00311173   1.75275e-07   -5.25259e-09
50.1038   0.00311173   1.75015e-07   -5.23962e-09
50.1533   0.00311173   1.74756e-07   -5.22669e-09
50.2028   0.00311173   1.74498e-07   -5.21381e-09
50.2524   0.00311173   1.7424e-07   -5.20098e-09
50.3019   0.00311173   1.73983e-07   -5.18818e-09
50.3514   0.00311173   1.73726e-07   -5.17544e-09
50.401   0.00311173   1.7347e-07   -5.16273e-09
50.4505   0.00311173   1.73215e-07   -5.15007e-09
50.5   0.00311173   1.7296e-07   -5.13693e-09
50.5495   0.00311173   1.72706e-07   -5.12488e-09
50.599   0.00311173   1.72452e-07   -5.11235e-09
50.6486   0.00311173   1.72199e-07   -5.09986e-09
50.6981   0.00311173   1.71947e-07   -5.08742e-09
50.7476   0.00311173   1.71695e-07   -5.07501e-09
50.7972   0.00311173   1.71444e-07   -5.06265e-09
50.8467   0.00311173   1.71194e-07   -5.05033e-09
50.8962   0.00311173   1.70944e-07   -5.03806e-09
50.9457   0.00311173   1.70695e-07   -5.02582e-09
50.9952   0.00311173   1.70446e-07   -5.01363e-09
51.0448   0.00311173   1.70198e-07   -5.00147e-09
51.0943   0.00311173   1.69951e-07   -4.98936e-09
51.1438   0.00311173   1.69704e-07   -4.97729e-09
51.1934   0.00311173   1.69458e-07   -4.96527e-09
51.2429   0.00311173   1.69212e-07   -4.95328e-09
51.2924   0.00311173   1.68967e-07   -4.94133e-09
51.3419   0.00311173   1.68723e-07   -4.92942e-09
51.3914   0.00311173   1.68479e-07   -4.91755e-09
51.441   0.00311173   1.68236e-07   -4.90573e-09
51.4905   0.00311173   1.67993e-07   -4.89394e-09
51.54   0.00311173   1.67751e-07   -4.8817e-09
51.5895   0.00311173   1.6751e-07   -4.87048e-09
51.6391   0.00311173   1.67269e-07   -4.85881e-09
51.6886   0.00311173   1.67028e-07   -4.84718e-09
51.7381   0.00311173   1.66789e-07   -4.83559e-09
51.7876   0.00311173   1.66549e-07   -4.82404e-09
51.8372   0.00311173   1.66311e-07   -4.81253e-09
51.8867   0.00311173   1.66073e-07   -4.80105e-09
51.9362   0.00311173   1.65835e-07   -4.78961e-09
51.9857   0.00311173   1.65598e-07   -4.77821e-09
52.0353   0.00311173   1.65362e-07   -4.76685e-09
52.0848   0.00311173   1.65126e-07   -4.75553e-09
52.1343   0.00311173   1.64891e-07   -4.74424e-09
52.1838   0.00311173   1.64656e-07   -4.733e-09
52.2334   0.00311173   1.64422e-07   -4.72179e-09
52.2829   0.00311173   1.64189e-07   -4.71061e-09
52.3324   0.00311173   1.63956e-07   -4.69947e-09
52.3819   0.00311173   1.63723e-07   -4.68837e-09
52.4315   0.00311173   1.63491e-07   -4.67731e-09
52.481   0.00311173   1.6326e-07   -4.66628e-09
52.5305   0.00311173   1.63029e-07   -4.65529e-09
52.58   0.00311173   1.62799e-07   -4.64387e-09
52.6296   0.00311173   1.62569e-07   -4.63342e-09
52.6791   0.00311173   1.6234e-07   -4.62254e-09
52.7286   0.00311173   1.62111e-07   -4.61169e-09
52.7781   0.00311173   1.61883e-07   -4.60088e-09
52.8277   0.00311173   1.61655e-07   -4.59011e-09
52.8772   0.00311173   1.61428e-07   -4.57937e-09
52.9267   0.00311173   1.61202e-07   -4.56866e-09
52.9762   0.00311173   1.60976e-07   -4.55799e-09
53.0258   0.00311173   1.6075e-07   -4.54736e-09
53.0753   0.00311173   1.60525e-07   -4.53676e-09
53.1248   0.00311173   1.60301e-07   -4.52619e-09
53.1743   0.00311173   1.60077e-07   -4.51566e-09
53.2239   0.00311173   1.59854e-07   -4.50516e-09
53.2734   0.00311173   1.59631e-07   -4.4947e-09
53.3229   0.00311173   1.59409e-07   -4.48427e-09
53.3724   0.00311173   1.59187e-07   -4.47387e-09
53.422   0.00311173   1.58965e-07   -4.46351e-09
53.4715   0.00311173   1.58745e-07   -4.45318e-09
53.521   0.00311173   1.58524e-07   -4.44289e-09
53.5705   0.00311173   1.58305e-07   -4.43263e-09
53.6201   0.00311173   1.58085e-07   -4.42195e-09
53.6696   0.00311173   1.57867e-07   -4.4122e-09
53.7191   0.00311173   1.57648e-07   -4.40204e-09
53.7686   0.00311173   1.57431e-07   -4.39191e-09
53.8182   0.00311173   1.57213e-07   -4.38182e-09
53.8677   0.00311173   1.56996e-07   -4.37175e-09
53.9172   0.00311173   1.5678e-07   -4.36172e-09
53.9667   0.00311173   1.56564e-07   -4.35172e-09
54.0163   0.00311173   1.56349e-07   -4.34175e-09
54.0658   0.00311173   1.56134e-07   -4.33182e-09
54.1153   0.00311173   1.5592e-07   -4.32191e-09
54.1648   0.00311173   1.55706e-07   -4.31204e-09
54.2144   0.00311173   1.55493e-07   -4.3022e-09
54.2639   0.00311173   1.5528e-07   -4.29239e-09
54.3134   0.00311173   1.55068e-07   -4.28261e-09
54.3629   0.00311173   1.54856e-07   -4.27286e-09
54.4125   0.00311173   1.54645e-07   -4.26315e-09
54.462   0.00311173   1.54434e-07   -4.25346e-09
54.5115   0.00311173   1.54223e-07   -4.24381e-09
54.561   0.00311173   1.54013e-07   -4.23418e-09
54.6106   0.00311173   1.53804e-07   -4.22459e-09
54.6601   0.00311173   1.53595e-07   -4.2146e-09
54.7096   0.00311173   1.53386e-07   -4.2055e-09
54.7591   0.00311173   1.53178e-07   -4.19599e-09
54.8087   0.00311173   1.52971e-07   -4.18652e-09
54.8582   0.00311173   1.52764e-07   -4.17708e-09
54.9077   0.00311173   1.52557e-07   -4.16767e-09
54.9572   0.00311173   1.52351e-07   -4.15828e-09
55.0067   0.00311173   1.52145e-07   -4.14893e-09
55.0563   0.00311173   1.5194e-07   -4.13961e-09
55.1058   0.00311173   1.51735e-07   -4.13031e-09
55.1553   0.00311173   1.51531e-07   -4.12105e-09
55.2049   0.00311173   1.51327e-07   -4.11181e-09
55.2544   0.00311173   1.51124e-07   -4.1026e-09
55.3039   0.00311173   1.50921e-07   -4.09342e-09
55.3534   0.00311173   1.50718e-07   -4.08427e-09
55.4029   0.00311173   1.50516e-07   -4.07515e-09
55.4525   0.00311173   1.50315e-07   -4.06606e-09
55.502   0.00311173   1.50113e-07   -4.057e-09
55.5515   0.00311173   1.49913e-07   -4.04796e-09
55.6011   0.00311173   1.49712e-07   -4.03895e-09
55.6506   0.00311173   1.49513e-07   -4.02997e-09
55.7001   0.00311173   1.49313e-07   -4.02061e-09
55.7496   0.00311173   1.49114e-07   -4.0121e-09
55.7991   0.00311173   1.48916e-07   -4.0032e-09
55.8487   0.00311173   1.48718e-07   -3.99433e-09
55.8982   0.00311173   1.4852e-07   -3.98549e-09
55.9477   0.00311173   1.48323e-07   -3.97668e-09
55.9973   0.00311173   1.48126e-07   -3.96789e-09
56.0468   0.00311173   1.4793e-07   -3.95913e-09
56.0963   0.00311173   1.47734e-07   -3.9504e-09
56.1458   0.00311173   1.47539e-07   -3.94169e-09
56.1953   0.00311173   1.47344e-07   -3.93301e-09
56.2449   0.00311173   1.47149e-07   -3.92436e-09
56.2944   0.00311173   1.46955e-07   -3.91573e-09
56.3439   0.00311173   1.46761e-07   -3.90714e-09
56.3935   0.00311173   1.46568e-07   -3.89856e-09
56.443   0.00311173   1.46375e-07   -3.89002e-09
56.4925   0.00311173   1.46183e-07   -3.8815e-09
56.542   0.00311173   1.45991e-07   -3.873e-09
56.5915   0.00311173   1.45799e-07   -3.86454e-09
56.6411   0.00311173   1.45608e-07   -3.85609e-09
56.6906   0.00311173   1.45417e-07   -3.84768e-09
56.7401   0.00311173   1.45227e-07   -3.8389e-09
56.7896   0.00311173   1.45037e-07   -3.83092e-09
56.8392   0.00311173   1.44847e-07   -3.82258e-09
56.8887   0.00311173   1.44658e-07   -3.81427e-09
56.9382   0.00311173   1.4447e-07   -3.80598e-09
56.9877   0.00311173   1.44281e-07   -3.79772e-09
57.0373   0.00311173   1.44093e-07   -3.78948e-09
57.0868   0.00311173   1.43906e-07   -3.78126e-09
57.1363   0.00311173   1.43719e-07   -3.77308e-09
57.1858   0.00311173   1.43532e-07   -3.76491e-09
57.2354   0.00311173   1.43346e-07   -3.75677e-09
57.2849   0.00311173   1.4316e-07   -3.74866e-09
57.3344   0.00311173   1.42975e-07   -3.74057e-09
57.3839   0.00311173   1.4279e-07   -3.7325e-09
57.4335   0.00311173   1.42605e-07   -3.72446e-09
57.483   0.00311173   1.42421e-07   -3.71644e-09
57.5325   0.00311173   1.42237e-07   -3.70845e-09
57.582   0.00311173   1.42053e-07   -3.70048e-09
57.6316   0.00311173   1.4187e-07   -3.69254e-09
57.6811   0.00311173   1.41688e-07   -3.68462e-09
57.7306   0.00311173   1.41505e-07   -3.67672e-09
57.7801   0.00311173   1.41324e-07   -3.66848e-09
57.8297   0.00311173   1.41142e-07   -3.661e-09
57.8792   0.00311173   1.40961e-07   -3.65317e-09
57.9287   0.00311173   1.4078e-07   -3.64537e-09
57.9782   0.00311173   1.406e-07   -3.63759e-09
58.0278   0.00311173   1.4042e-07   -3.62983e-09
58.0773   0.00311173   1.4024e-07   -3.6221e-09
58.1268   0.00311173   1.40061e-07   -3.61439e-09
58.1763   0.00311173   1.39882e-07   -3.6067e-09
58.2259   0.00311173   1.39704e-07   -3.59904e-09
58.2754   0.00311173   1.39526e-07   -3.5914e-09
58.3249   0.00311173   1.39348e-07   -3.58378e-09
58.3744   0.00311173   1.39171e-07   -3.57618e-09
58.424   0.00311173   1.38994e-07   -3.56861e-09
58.4735   0.00311173   1.38817e-07   -3.56106e-09
58.523   0.00311173   1.38641e-07   -3.55353e-09
58.5725   0.00311173   1.38465e-07   -3.54602e-09
58.6221   0.00311173   1.3829e-07   -3.53853e-09
58.6716   0.00311173   1.38115e-07   -3.53107e-09
58.7211   0.00311173   1.3794e-07   -3.52363e-09
58.7706   0.00311173   1.37766e-07   -3.51621e-09
58.8202   0.00311173   1.37592e-07   -3.50846e-09
58.8697   0.00311173   1.37418e-07   -3.50144e-09
58.9192   0.00311173   1.37245e-07   -3.49409e-09
58.9687   0.00311173   1.37072e-07   -3.48676e-09
59.0183   0.00311173   1.369e-07   -3.47945e-09
59.0678   0.00311173   1.36728e-07   -3.47216e-09
59.1173   0.00311173   1.36556e-07   -3.46489e-09
59.1668   0.00311173   1.36384e-07   -3.45764e-09
59.2164   0.00311173   1.36213e-07   -3.45042e-09
59.2659   0.00311173   1.36043e-07   -3.44322e-09
59.3154   0.00311173   1.35872e-07   -3.43603e-09
59.3649   0.00311173   1.35702e-07   -3.42887e-09
59.4145   0.00311173   1.35533e-07   -3.42173e-09
59.464   0.00311173   1.35363e-07   -3.41461e-09
59.5135   0.00311173   1.35194e-07   -3.40751e-09
59.563   0.00311173   1.35026e-07   -3.40043e-09
59.6126   0.00311173   1.34858e-07   -3.39337e-09
59.6621   0.00311173   1.3469e-07   -3.38634e-09
59.7116   0.00311173   1.34522e-07   -3.37932e-09
59.7611   0.00311173   1.34355e-07   -3.37232e-09
59.8107   0.00311173   1.34188e-07   -3.36535e-09
59.8602   0.00311173   1.34022e-07   -3.35805e-09
59.9097   0.00311173   1.33856e-07   -3.35145e-09
59.9592   0.00311173   1.3369e-07   -3.34454e-09
60.0087   0.00311173   1.33524e-07   -3.33764e-09
60.0583   0.00311173   1.33359e-07   -3.33076e-09
60.1078   0.00311173   1.33194e-07   -3.32391e-09
60.1573   0.00311173   1.3303e-07   -3.31707e-09
60.2069   0.00311173   1.32866e-07   -3.31025e-09
60.2564   0.00311173   1.32702e-07   -3.30346e-09
60.3059   0.00311173   1.32539e-07   -3.29668e-09
60.3554   0.00311173   1.32376e-07   -3.28992e-09
60.4049   0.00311173   1.32213e-07   -3.28318e-09
60.4545   0.00311173   1.3205e-07   -3.27646e-09
60.504   0.00311173   1.31888e-07   -3.26976e-09
60.5535   0.00311173   1.31726e-07   -3.26308e-09
60.6031   0.00311173   1.31565e-07   -3.25642e-09
60.6526   0.00311173   1.31404e-07   -3.24977e-09
60.7021   0.00311173   1.31243e-07   -3.24315e-09
60.7516   0.00311173   1.31083e-07   -3.23654e-09
60.8011   0.00311173   1.30923e-07   -3.22996e-09
60.8507   0.00311173   1.30763e-07   -3.22339e-09
60.9002   0.00311173   1.30603e-07   -3.21651e-09
60.9497   0.00311173   1.30444e-07   -3.21031e-09
60.9993   0.00311173   1.30285e-07   -3.2038e-09
61.0488   0.00311173   1.30127e-07   -3.1973e-09
61.0983   0.00311173   1.29969e-07   -3.19083e-09
61.1478   0.00311173   1.29811e-07   -3.18437e-09
61.1974   0.00311173   1.29653e-07   -3.17793e-09
61.2469   0.00311173   1.29496e-07   -3.17151e-09
61.2964   0.00311173   1.29339e-07   -3.16511e-09
61.3459   0.00311173   1.29183e-07   -3.15872e-09
61.3954   0.00311173   1.29026e-07   -3.15236e-09
61.445   0.00311173   1.2887e-07   -3.14601e-09
61.4945   0.00311173   1.28715e-07   -3.13968e-09
61.544   0.00311173   1.28559e-07   -3.13337e-09
61.5936   0.00311173   1.28404e-07   -3.12707e-09
61.6431   0.00311173   1.2825e-07   -3.1208e-09
61.6926   0.00311173   1.28095e-07   -3.11454e-09
61.7421   0.00311173   1.27941e-07   -3.10829e-09
61.7916   0.00311173   1.27787e-07   -3.10207e-09
61.8412   0.00311173   1.27634e-07   -3.09586e-09
61.8907   0.00311173   1.27481e-07   -3.08967e-09
61.9402   0.00311173   1.27328e-07   -3.08319e-09
61.9897   0.00311173   1.27175e-07   -3.07735e-09
62.0393   0.00311173   1.27023e-07   -3.07121e-09
62.0888   0.00311173   1.26871e-07   -3.06509e-09
62.1383   0.00311173   1.26719e-07   -3.05899e-09
62.1878   0.00311173   1.26568e-07   -3.0529e-09
62.2374   0.00311173   1.26417e-07   -3.04683e-09
62.2869   0.00311173   1.26266e-07   -3.04078e-09
62.3364   0.00311173   1.26116e-07   -3.03474e-09
62.3859   0.00311173   1.25966e-07   -3.02872e-09
62.4355   0.00311173   1.25816e-07   -3.02272e-09
62.485   0.00311173   1.25666e-07   -3.01673e-09
62.5345   0.00311173   1.25517e-07   -3.01076e-09
62.584   0.00311173   1.25368e-07   -3.00481e-09
62.6336   0.00311173   1.25219e-07   -2.99887e-09
62.6831   0.00311173   1.25071e-07   -2.99295e-09
62.7326   0.00311173   1.24923e-07   -2.98705e-09
62.7821   0.00311173   1.24775e-07   -2.98116e-09
62.8317   0.00311173   1.24628e-07   -2.97529e-09
62.8812   0.00311173   1.2448e-07   -2.96944e-09
62.9307   0.00311173   1.24334e-07   -2.9636e-09
62.9802   0.00311173   1.24187e-07   -2.95748e-09
63.0298   0.00311173   1.24041e-07   -2.95197e-09
63.0793   0.00311173   1.23895e-07   -2.94618e-09
63.1288   0.00311173   1.23749e-07   -2.9404e-09
63.1783   0.00311173   1.23603e-07   -2.93465e-09
63.2279   0.00311173   1.23458e-07   -2.9289e-09
63.2774   0.00311173   1.23313e-07   -2.92317e-09
63.3269   0.00311173   1.23169e-07   -2.91746e-09
63.3764   0.00311173   1.23024e-07   -2.91177e-09
63.426   0.00311173   1.2288e-07   -2.90609e-09
63.4755   0.00311173   1.22736e-07   -2.90042e-09
63.525   0.00311173   1.22593e-07   -2.89477e-09
63.5745   0.00311173   1.2245e-07   -2.88914e-09
63.6241   0.00311173   1.22307e-07   -2.88352e-09
63.6736   0.00311173   1.22164e-07   -2.87791e-09
63.7231   0.00311173   1.22022e-07   -2.87232e-09
63.7726   0.00311173   1.2188e-07   -2.86675e-09
63.8222   0.00311173   1.21738e-07   -2.86119e-09
63.8717   0.00311173   1.21596e-07   -2.85565e-09
63.9212   0.00311173   1.21455e-07   -2.85012e-09
63.9707   0.00311173   1.21314e-07   -2.84461e-09
64.0203   0.00311173   1.21173e-07   -2.83883e-09
64.0698   0.00311173   1.21033e-07   -2.83363e-09
64.1193   0.00311173   1.20892e-07   -2.82816e-09
64.1688   0.00311173   1.20753e-07   -2.82271e-09
64.2184   0.00311173   1.20613e-07   -2.81727e-09
64.2679   0.00311173   1.20473e-07   -2.81184e-09
64.3174   0.00311173   1.20334e-07   -2.80643e-09
64.3669   0.00311173   1.20195e-07   -2.80104e-09
64.4165   0.00311173   1.20057e-07   -2.79566e-09
64.466   0.00311173   1.19919e-07   -2.79029e-09
64.5155   0.00311173   1.19781e-07   -2.78494e-09
64.565   0.00311173   1.19643e-07   -2.7796e-09
64.6146   0.00311173   1.19505e-07   -2.77428e-09
64.6641   0.00311173   1.19368e-07   -2.76897e-09
64.7136   0.00311173   1.19231e-07   -2.76368e-09
64.7631   0.00311173   1.19094e-07   -2.75839e-09
64.8127   0.00311173   1.18958e-07   -2.75313e-09
64.8622   0.00311173   1.18821e-07   -2.74788e-09
64.9117   0.00311173   1.18686e-07   -2.74264e-09
64.9612   0.00311173   1.1855e-07   -2.73741e-09
65.0108   0.00311173   1.18414e-07   -2.7322e-09
65.0603   0.00311173   1.18279e-07   -2.72673e-09
65.1098   0.00311173   1.18144e-07   -2.72182e-09
65.1593   0.00311173   1.1801e-07   -2.71666e-09
65.2088   0.00311173   1.17875e-07   -2.7115e-09
65.2584   0.00311173   1.17741e-07   -2.70636e-09
65.3079   0.00311173   1.17607e-07   -2.70123e-09
65.3574   0.00311173   1.17473e-07   -2.69612e-09
65.4069   0.00311173   1.1734e-07   -2.69102e-09
65.4565   0.00311173   1.17207e-07   -2.68593e-09
65.506   0.00311173   1.17074e-07   -2.68085e-09
65.5555   0.00311173   1.16941e-07   -2.67579e-09
65.6051   0.00311173   1.16809e-07   -2.67075e-09
65.6546   0.00311173   1.16677e-07   -2.66571e-09
65.7041   0.00311173   1.16545e-07   -2.66069e-09
65.7536   0.00311173   1.16413e-07   -2.65569e-09
65.8032   0.00311173   1.16282e-07   -2.65069e-09
65.8527   0.00311173   1.16151e-07   -2.64571e-09
65.9022   0.00311173   1.1602e-07   -2.64074e-09
65.9517   0.00311173   1.15889e-07   -2.63579e-09
66.0012   0.00311173   1.15759e-07   -2.63085e-09
66.0508   0.00311173   1.15629e-07   -2.62592e-09
66.1003   0.00311173   1.15499e-07   -2.62074e-09
66.1498   0.00311173   1.15369e-07   -2.6161e-09
66.1993   0.00311173   1.1524e-07   -2.61121e-09
66.2489   0.00311173   1.1511e-07   -2.60633e-09
66.2984   0.00311173   1.14981e-07   -2.60147e-09
66.3479   0.00311173   1.14853e-07   -2.59662e-09
66.3975   0.00311173   1.14724e-07   -2.59178e-09
66.447   0.00311173   1.14596e-07   -2.58695e-09
66.4965   0.00311173   1.14468e-07   -2.58214e-09
66.546   0.00311173   1.1434e-07   -2.57733e-09
66.5956   0.00311173   1.14213e-07   -2.57255e-09
66.6451   0.00311173   1.14085e-07   -2.56777e-09
66.6946   0.00311173   1.13958e-07   -2.563e-09
66.7441   0.00311173   1.13832e-07   -2.55825e-09
66.7936   0.00311173   1.13705e-07   -2.55351e-09
66.8432   0.00311173   1.13579e-07   -2.54879e-09
66.8927   0.00311173   1.13453e-07   -2.54407e-09
66.9422   0.00311173   1.13327e-07   -2.53937e-09
66.9917   0.00311173   1.13201e-07   -2.53468e-09
67.0413   0.00311173   1.13076e-07   -2.53e-09
67.0908   0.00311173   1.1295e-07   -2.52533e-09
67.1403   0.00311173   1.12825e-07   -2.52042e-09
67.1898   0.00311173   1.12701e-07   -2.51604e-09
67.2394   0.00311173   1.12576e-07   -2.51141e-09
67.2889   0.00311173   1.12452e-07   -2.50679e-09
67.3384   0.00311173   1.12328e-07   -2.50218e-09
67.3879   0.00311173   1.12204e-07   -2.49759e-09
67.4375   0.00311173   1.12081e-07   -2.493e-09
67.487   0.00311173   1.11957e-07   -2.48843e-09
67.5365   0.00311173   1.11834e-07   -2.48387e-09
67.586   0.00311173   1.11711e-07   -2.47932e-09
67.6356   0.00311173   1.11589e-07   -2.47479e-09
67.6851   0.00311173   1.11466e-07   -2.47026e-09
67.7346   0.00311173   1.11344e-07   -2.46575e-09
67.7841   0.00311173   1.11222e-07   -2.46125e-09
67.8337   0.00311173   1.111e-07   -2.45676e-09
67.8832   0.00311173   1.10979e-07   -2.45228e-09
67.9327   0.00311173   1.10857e-07   -2.44781e-09
67.9822   0.00311173   1.10736e-07   -2.44336e-09
68.0318   0.00311173   1.10615e-07   -2.43892e-09
68.0813   0.00311173   1.10495e-07   -2.43448e-09
68.1308   0.00311173   1.10374e-07   -2.43006e-09
68.1803   0.00311173   1.10254e-07   -2.4254e-09
68.2299   0.00311173   1.10134e-07   -2.42125e-09
68.2794   0.00311173   1.10014e-07   -2.41686e-09
68.3289   0.00311173   1.09894e-07   -2.41249e-09
68.3784   0.00311173   1.09775e-07   -2.40812e-09
68.428   0.00311173   1.09656e-07   -2.40376e-09
68.4775   0.00311173   1.09537e-07   -2.39942e-09
68.527   0.00311173   1.09418e-07   -2.39509e-09
68.5765   0.00311173   1.093e-07   -2.39077e-09
68.6261   0.00311173   1.09181e-07   -2.38646e-09
68.6756   0.00311173   1.09063e-07   -2.38216e-09
68.7251   0.00311173   1.08945e-07   -2.37787e-09
68.7746   0.00311173   1.08828e-07   -2.37359e-09
68.8242   0.00311173   1.0871e-07   -2.36932e-09
68.8737   0.00311173   1.08593e-07   -2.36506e-09
68.9232   0.00311173   1.08476e-07   -2.36082e-09
68.9727   0.00311173   1.08359e-07   -2.35658e-09
69.0223   0.00311173   1.08243e-07   -2.35236e-09
69.0718   0.00311173   1.08126e-07   -2.34814e-09
69.1213   0.00311173   1.0801e-07   -2.34394e-09
69.1708   0.00311173   1.07894e-07   -2.33974e-09
69.2204   0.00311173   1.07778e-07   -2.33533e-09
69.2699   0.00311173   1.07663e-07   -2.33139e-09
69.3194   0.00311173   1.07547e-07   -2.32723e-09
69.3689   0.00311173   1.07432e-07   -2.32308e-09
69.4185   0.00311173   1.07317e-07   -2.31894e-09
69.468   0.00311173   1.07203e-07   -2.3148e-09
69.5175   0.00311173   1.07088e-07   -2.31068e-09
69.567   0.00311173   1.06974e-07   -2.30657e-09
69.6166   0.00311173   1.0686e-07   -2.30247e-09
69.6661   0.00311173   1.06746e-07   -2.29838e-09
69.7156   0.00311173   1.06632e-07   -2.2943e-09
69.7651   0.00311173   1.06518e-07   -2.29023e-09
69.8147   0.00311173   1.06405e-07   -2.28618e-09
69.8642   0.00311173   1.06292e-07   -2.28213e-09
69.9137   0.00311173   1.06179e-07   -2.27809e-09
69.9632   0.00311173   1.06066e-07   -2.27406e-09
70.0128   0.00311173   1.05954e-07   -2.27004e-09
70.0623   0.00311173   1.05841e-07   -2.26603e-09
70.1118   0.00311173   1.05729e-07   -2.26203e-09
70.1613   0.00311173   1.05617e-07   -2.25804e-09
70.2109   0.00311173   1.05506e-07   -2.25406e-09
70.2604   0.00311173   1.05394e-07   -2.24986e-09
70.3099   0.00311173   1.05283e-07   -2.24613e-09
70.3594   0.00311173   1.05172e-07   -2.24218e-09
70.409   0.00311173   1.05061e-07   -2.23824e-09
70.4585   0.00311173   1.0495e-07   -2.23431e-09
70.508   0.00311173   1.04839e-07   -2.23039e-09
70.5575   0.00311173   1.04729e-07   -2.22647e-09
70.6071   0.00311173   1.04619e-07   -2.22257e-09
70.6566   0.00311173   1.04509e-07   -2.21868e-09
70.7061   0.00311173   1.04399e-07   -2.2148e-09
70.7556   0.00311173   1.0429e-07   -2.21092e-09
70.8051   0.00311173   1.0418e-07   -2.20706e-09
70.8547   0.00311173   1.04071e-07   -2.2032e-09
70.9042   0.00311173   1.03962e-07   -2.19936e-09
70.9537   0.00311173   1.03853e-07   -2.19552e-09
71.0032   0.00311173   1.03744e-07   -2.1917e-09
71.0528   0.00311173   1.03636e-07   -2.18788e-09
71.1023   0.00311173   1.03528e-07   -2.18407e-09
71.1518   0.00311173   1.0342e-07   -2.18027e-09
71.2014   0.00311173   1.03312e-07   -2.17648e-09
71.2509   0.00311173   1.03204e-07   -2.1727e-09
71.3004   0.00311173   1.03097e-07   -2.16871e-09
71.3499   0.00311173   1.02989e-07   -2.16517e-09
71.3995   0.00311173   1.02882e-07   -2.16142e-09
71.449   0.00311173   1.02775e-07   -2.15767e-09
71.4985   0.00311173   1.02668e-07   -2.15394e-09
71.548   0.00311173   1.02562e-07   -2.15021e-09
71.5975   0.00311173   1.02455e-07   -2.1465e-09
71.6471   0.00311173   1.02349e-07   -2.14279e-09
71.6966   0.00311173   1.02243e-07   -2.13909e-09
71.7461   0.00311173   1.02137e-07   -2.1354e-09
71.7956   0.00311173   1.02032e-07   -2.13172e-09
71.8452   0.00311173   1.01926e-07   -2.12805e-09
71.8947   0.00311173   1.01821e-07   -2.12439e-09
71.9442   0.00311173   1.01716e-07   -2.12073e-09
71.9938   0.00311173   1.01611e-07   -2.11709e-09
72.0433   0.00311173   1.01506e-07   -2.11345e-09
72.0928   0.00311173   1.01402e-07   -2.10982e-09
72.1423   0.00311173   1.01297e-07   -2.10621e-09
72.1919   0.00311173   1.01193e-07   -2.10259e-09
72.2414   0.00311173   1.01089e-07   -2.09899e-09
72.2909   0.00311173   1.00985e-07   -2.0954e-09
72.3404   0.00311173   1.00881e-07   -2.0916e-09
72.3899   0.00311173   1.00778e-07   -2.08824e-09
72.4395   0.00311173   1.00674e-07   -2.08467e-09
72.489   0.00311173   1.00571e-07   -2.08111e-09
72.5385   0.00311173   1.00468e-07   -2.07756e-09
72.588   0.00311173   1.00366e-07   -2.07402e-09
72.6376   0.00311173   1.00263e-07   -2.07049e-09
72.6871   0.00311173   1.0016e-07   -2.06696e-09
72.7366   0.00311173   1.00058e-07   -2.06345e-09
72.7861   0.00311173   9.99561e-08   -2.05994e-09
72.8357   0.00311173   9.98542e-08   -2.05644e-09
72.8852   0.00311173   9.97524e-08   -2.05295e-09
72.9347   0.00311173   9.96508e-08   -2.04946e-09
72.9842   0.00311173   9.95494e-08   -2.04599e-09
73.0338   0.00311173   9.94482e-08   -2.04252e-09
73.0833   0.00311173   9.93471e-08   -2.03906e-09
73.1328   0.00311173   9.92462e-08   -2.03561e-09
73.1823   0.00311173   9.91455e-08   -2.03217e-09
73.2319   0.00311173   9.90449e-08   -2.02874e-09
73.2814   0.00311173   9.89445e-08   -2.02531e-09
73.3309   0.00311173   9.88443e-08   -2.02189e-09
73.3804   0.00311173   9.87443e-08   -2.01828e-09
73.43   0.00311173   9.86444e-08   -2.01508e-09
73.4795   0.00311173   9.85447e-08   -2.01169e-09
73.529   0.00311173   9.84451e-08   -2.0083e-09
73.5785   0.00311173   9.83457e-08   -2.00492e-09
73.6281   0.00311173   9.82465e-08   -2.00155e-09
73.6776   0.00311173   9.81475e-08   -1.99819e-09
73.7271   0.00311173   9.80486e-08   -1.99484e-09
73.7766   0.00311173   9.79499e-08   -1.99149e-09
73.8262   0.00311173   9.78514e-08   -1.98815e-09
73.8757   0.00311173   9.7753e-08   -1.98482e-09
73.9252   0.00311173   9.76548e-08   -1.9815e-09
73.9747   0.00311173   9.75567e-08   -1.97819e-09
74.0243   0.00311173   9.74588e-08   -1.97488e-09
74.0738   0.00311173   9.73611e-08   -1.97158e-09
74.1233   0.00311173   9.72636e-08   -1.96829e-09
74.1728   0.00311173   9.71661e-08   -1.96501e-09
74.2224   0.00311173   9.70689e-08   -1.96173e-09
74.2719   0.00311173   9.69718e-08   -1.95846e-09
74.3214   0.00311173   9.68749e-08   -1.9552e-09
74.3709   0.00311173   9.67782e-08   -1.95195e-09
74.4205   0.00311173   9.66816e-08   -1.9485e-09
74.47   0.00311173   9.65852e-08   -1.94546e-09
74.5195   0.00311173   9.64889e-08   -1.94223e-09
74.569   0.00311173   9.63928e-08   -1.93901e-09
74.6186   0.00311173   9.62968e-08   -1.93579e-09
74.6681   0.00311173   9.62011e-08   -1.93258e-09
74.7176   0.00311173   9.61054e-08   -1.92938e-09
74.7671   0.00311173   9.601e-08   -1.92619e-09
74.8167   0.00311173   9.59146e-08   -1.923e-09
74.8662   0.00311173   9.58195e-08   -1.91983e-09
74.9157   0.00311173   9.57245e-08   -1.91665e-09
74.9652   0.00311173   9.56296e-08   -1.91349e-09
75.0148   0.00311173   9.55349e-08   -1.91033e-09
75.0643   0.00311173   9.54404e-08   -1.90718e-09
75.1138   0.00311173   9.5346e-08   -1.90404e-09
75.1633   0.00311173   9.52518e-08   -1.90091e-09
75.2129   0.00311173   9.51578e-08   -1.89778e-09
75.2624   0.00311173   9.50639e-08   -1.89466e-09
75.3119   0.00311173   9.49701e-08   -1.89155e-09
75.3614   0.00311173   9.48765e-08   -1.88844e-09
75.411   0.00311173   9.4783e-08   -1.88534e-09
75.4605   0.00311173   9.46898e-08   -1.88225e-09
75.51   0.00311173   9.45966e-08   -1.87916e-09
75.5595   0.00311173   9.45036e-08   -1.8759e-09
75.609   0.00311173   9.44108e-08   -1.87302e-09
75.6586   0.00311173   9.43181e-08   -1.86995e-09
75.7081   0.00311173   9.42256e-08   -1.8669e-09
75.7576   0.00311173   9.41332e-08   -1.86385e-09
75.8071   0.00311173   9.4041e-08   -1.8608e-09
75.8567   0.00311173   9.39489e-08   -1.85777e-09
75.9062   0.00311173   9.3857e-08   -1.85474e-09
75.9557   0.00311173   9.37652e-08   -1.85172e-09
76.0053   0.00311173   9.36735e-08   -1.8487e-09
76.0548   0.00311173   9.35821e-08   -1.84569e-09
76.1043   0.00311173   9.34907e-08   -1.84269e-09
76.1538   0.00311173   9.33995e-08   -1.8397e-09
76.2034   0.00311173   9.33085e-08   -1.83671e-09
76.2529   0.00311173   9.32176e-08   -1.83373e-09
76.3024   0.00311173   9.31269e-08   -1.83076e-09
76.3519   0.00311173   9.30363e-08   -1.82779e-09
76.4014   0.00311173   9.29458e-08   -1.82483e-09
76.451   0.00311173   9.28555e-08   -1.82187e-09
76.5005   0.00311173   9.27654e-08   -1.81893e-09
76.55   0.00311173   9.26754e-08   -1.81599e-09
76.5995   0.00311173   9.25855e-08   -1.81287e-09
76.6491   0.00311173   9.24958e-08   -1.81013e-09
76.6986   0.00311173   9.24062e-08   -1.80721e-09
76.7481   0.00311173   9.23168e-08   -1.80429e-09
76.7977   0.00311173   9.22275e-08   -1.80138e-09
76.8472   0.00311173   9.21384e-08   -1.79848e-09
76.8967   0.00311173   9.20494e-08   -1.79559e-09
76.9462   0.00311173   9.19605e-08   -1.7927e-09
76.9958   0.00311173   9.18718e-08   -1.78982e-09
77.0453   0.00311173   9.17832e-08   -1.78694e-09
77.0948   0.00311173   9.16948e-08   -1.78408e-09
77.1443   0.00311173   9.16065e-08   -1.78121e-09
77.1938   0.00311173   9.15184e-08   -1.77836e-09
77.2434   0.00311173   9.14304e-08   -1.77551e-09
77.2929   0.00311173   9.13425e-08   -1.77267e-09
77.3424   0.00311173   9.12548e-08   -1.76983e-09
77.3919   0.00311173   9.11672e-08   -1.767e-09
77.4415   0.00311173   9.10798e-08   -1.76418e-09
77.491   0.00311173   9.09925e-08   -1.76136e-09
77.5405   0.00311173   9.09053e-08   -1.75855e-09
77.5901   0.00311173   9.08183e-08   -1.75574e-09
77.6396   0.00311173   9.07314e-08   -1.75277e-09
77.6891   0.00311173   9.06447e-08   -1.75015e-09
77.7386   0.00311173   9.05581e-08   -1.74737e-09
77.7881   0.00311173   9.04716e-08   -1.74459e-09
77.8377   0.00311173   9.03853e-08   -1.74181e-09
77.8872   0.00311173   9.02991e-08   -1.73904e-09
77.9367   0.00311173   9.0213e-08   -1.73628e-09
77.9862   0.00311173   9.01271e-08   -1.73353e-09
78.0358   0.00311173   9.00413e-08   -1.73078e-09
78.0853   0.00311173   8.99557e-08   -1.72804e-09
78.1348   0.00311173   8.98701e-08   -1.7253e-09
78.1843   0.00311173   8.97848e-08   -1.72257e-09
78.2339   0.00311173   8.96995e-08   -1.71984e-09
78.2834   0.00311173   8.96144e-08   -1.71712e-09
78.3329   0.00311173   8.95294e-08   -1.71441e-09
78.3824   0.00311173   8.94446e-08   -1.7117e-09
78.432   0.00311173   8.93599e-08   -1.709e-09
78.4815   0.00311173   8.92753e-08   -1.70631e-09
78.531   0.00311173   8.91909e-08   -1.70362e-09
78.5805   0.00311173   8.91066e-08   -1.70094e-09
78.6301   0.00311173   8.90224e-08   -1.69826e-09
78.6796   0.00311173   8.89384e-08   -1.69542e-09
78.7291   0.00311173   8.88545e-08   -1.69292e-09
78.7786   0.00311173   8.87707e-08   -1.69027e-09
78.8282   0.00311173   8.86871e-08   -1.68761e-09
78.8777   0.00311173   8.86035e-08   -1.68496e-09
78.9272   0.00311173   8.85202e-08   -1.68232e-09
78.9767   0.00311173   8.84369e-08   -1.67969e-09
79.0263   0.00311173   8.83538e-08   -1.67705e-09
79.0758   0.00311173   8.82708e-08   -1.67443e-09
79.1253   0.00311173   8.81879e-08   -1.67181e-09
79.1748   0.00311173   8.81052e-08   -1.6692e-09
79.2244   0.00311173   8.80226e-08   -1.66659e-09
79.2739   0.00311173   8.79401e-08   -1.66399e-09
79.3234   0.00311173   8.78578e-08   -1.66139e-09
79.3729   0.00311173   8.77756e-08   -1.6588e-09
79.4225   0.00311173   8.76935e-08   -1.65622e-09
79.472   0.00311173   8.76115e-08   -1.65364e-09
79.5215   0.00311173   8.75297e-08   -1.65107e-09
79.571   0.00311173   8.7448e-08   -1.6485e-09
79.6206   0.00311173   8.73664e-08   -1.64594e-09
79.6701   0.00311173   8.7285e-08   -1.64338e-09
79.7196   0.00311173   8.72036e-08   -1.64066e-09
79.7691   0.00311173   8.71224e-08   -1.63828e-09
79.8187   0.00311173   8.70414e-08   -1.63574e-09
79.8682   0.00311173   8.69604e-08   -1.63321e-09
79.9177   0.00311173   8.68796e-08   -1.63068e-09
79.9672   0.00311173   8.67989e-08   -1.62815e-09
80.0168   0.00311173   8.67183e-08   -1.62564e-09
80.0663   0.00311173   8.66379e-08   -1.62312e-09
80.1158   0.00311173   8.65576e-08   -1.62062e-09
80.1653   0.00311173   8.64774e-08   -1.61812e-09
80.2149   0.00311173   8.63973e-08   -1.61562e-09
80.2644   0.00311173   8.63173e-08   -1.61313e-09
80.3139   0.00311173   8.62375e-08   -1.61064e-09
80.3634   0.00311173   8.61578e-08   -1.60816e-09
80.413   0.00311173   8.60782e-08   -1.60569e-09
80.4625   0.00311173   8.59988e-08   -1.60322e-09
80.512   0.00311173   8.59194e-08   -1.60075e-09
80.5615   0.00311173   8.58402e-08   -1.59829e-09
80.6111   0.00311173   8.57611e-08   -1.59584e-09
80.6606   0.00311173   8.56821e-08   -1.59339e-09
80.7101   0.00311173   8.56033e-08   -1.59095e-09
80.7596   0.00311173   8.55246e-08   -1.58835e-09
80.8092   0.00311173   8.5446e-08   -1.58608e-09
80.8587   0.00311173   8.53675e-08   -1.58365e-09
80.9082   0.00311173   8.52891e-08   -1.58123e-09
80.9577   0.00311173   8.52108e-08   -1.57881e-09
81.0072   0.00311173   8.51327e-08   -1.5764e-09
81.0568   0.00311173   8.50547e-08   -1.57399e-09
81.1063   0.00311173   8.49768e-08   -1.57159e-09
81.1558   0.00311173   8.4899e-08   -1.56919e-09
81.2053   0.00311173   8.48214e-08   -1.5668e-09
81.2549   0.00311173   8.47438e-08   -1.56442e-09
81.3044   0.00311173   8.46664e-08   -1.56203e-09
81.3539   0.00311173   8.45891e-08   -1.55966e-09
81.4035   0.00311173   8.45119e-08   -1.55729e-09
81.453   0.00311173   8.44349e-08   -1.55492e-09
81.5025   0.00311173   8.43579e-08   -1.55256e-09
81.552   0.00311173   8.42811e-08   -1.5502e-09
81.6016   0.00311173   8.42044e-08   -1.54785e-09
81.6511   0.00311173   8.41278e-08   -1.54551e-09
81.7006   0.00311173   8.40513e-08   -1.54317e-09
81.7501   0.00311173   8.39749e-08   -1.54083e-09
81.7996   0.00311173   8.38987e-08   -1.53834e-09
81.8492   0.00311173   8.38226e-08   -1.53617e-09
81.8987   0.00311173   8.37465e-08   -1.53385e-09
81.9482   0.00311173   8.36706e-08   -1.53154e-09
81.9977   0.00311173   8.35948e-08   -1.52922e-09
82.0473   0.00311173   8.35192e-08   -1.52692e-09
82.0968   0.00311173   8.34436e-08   -1.52462e-09
82.1463   0.00311173   8.33682e-08   -1.52232e-09
82.1958   0.00311173   8.32928e-08   -1.52003e-09
82.2454   0.00311173   8.32176e-08   -1.51774e-09
82.2949   0.00311173   8.31425e-08   -1.51546e-09
82.3444   0.00311173   8.30675e-08   -1.51318e-09
82.394   0.00311173   8.29926e-08   -1.51091e-09
82.4435   0.00311173   8.29178e-08   -1.50864e-09
82.493   0.00311173   8.28432e-08   -1.50638e-09
82.5425   0.00311173   8.27686e-08   -1.50412e-09
82.5921   0.00311173   8.26942e-08   -1.50186e-09
82.6416   0.00311173   8.26199e-08   -1.49961e-09
82.6911   0.00311173   8.25456e-08   -1.49737e-09
82.7406   0.00311173   8.24716e-08   -1.49513e-09
82.7901   0.00311173   8.23976e-08   -1.4929e-09
82.8397   0.00311173   8.23237e-08   -1.49051e-09
82.8892   0.00311173   8.22499e-08   -1.48844e-09
82.9387   0.00311173   8.21763e-08   -1.48622e-09
82.9882   0.00311173   8.21027e-08   -1.484e-09
83.0378   0.00311173   8.20293e-08   -1.48179e-09
83.0873   0.00311173   8.19559e-08   -1.47958e-09
83.1368   0.00311173   8.18827e-08   -1.47738e-09
83.1863   0.00311173   8.18096e-08   -1.47518e-09
83.2359   0.00311173   8.17366e-08   -1.47299e-09
83.2854   0.00311173   8.16637e-08   -1.4708e-09
83.3349   0.00311173   8.15909e-08   -1.46862e-09
83.3844   0.00311173   8.15182e-08   -1.46644e-09
83.434   0.00311173   8.14457e-08   -1.46426e-09
83.4835   0.00311173   8.13732e-08   -1.46209e-09
83.533   0.00311173   8.13008e-08   -1.45992e-09
83.5825   0.00311173   8.12286e-08   -1.45776e-09
83.6321   0.00311173   8.11565e-08   -1.45561e-09
83.6816   0.00311173   8.10844e-08   -1.45345e-09
83.7311   0.00311173   8.10125e-08   -1.45131e-09
83.7806   0.00311173   8.09407e-08   -1.44916e-09
83.8302   0.00311173   8.0869e-08   -1.44702e-09
83.8797   0.00311173   8.07973e-08   -1.44474e-09
83.9292   0.00311173   8.07259e-08   -1.44276e-09
83.9787   0.00311173   8.06544e-08   -1.44063e-09
84.0283   0.00311173   8.05832e-08   -1.43851e-09
84.0778   0.00311173   8.0512e-08   -1.43639e-09
84.1273   0.00311173   8.04409e-08   -1.43428e-09
84.1768   0.00311173   8.03699e-08   -1.43217e-09
84.2264   0.00311173   8.0299e-08   -1.43006e-09
84.2759   0.00311173   8.02282e-08   -1.42797e-09
84.3254   0.00311173   8.01576e-08   -1.42587e-09
84.3749   0.00311173   8.0087e-08   -1.42378e-09
84.4245   0.00311173   8.00166e-08   -1.42169e-09
84.474   0.00311173   7.99462e-08   -1.41961e-09
84.5235   0.00311173   7.9876e-08   -1.41753e-09
84.573   0.00311173   7.98058e-08   -1.41546e-09
84.6226   0.00311173   7.97358e-08   -1.41338e-09
84.6721   0.00311173   7.96658e-08   -1.41132e-09
84.7216   0.00311173   7.9596e-08   -1.40926e-09
84.7711   0.00311173   7.95262e-08   -1.4072e-09
84.8207   0.00311173   7.94566e-08   -1.40515e-09
84.8702   0.00311173   7.9387e-08   -1.4031e-09
84.9197   0.00311173   7.93176e-08   -1.40091e-09
84.9692   0.00311173   7.92483e-08   -1.39901e-09
85.0188   0.00311173   7.9179e-08   -1.39698e-09
85.0683   0.00311173   7.91099e-08   -1.39494e-09
85.1178   0.00311173   7.90409e-08   -1.39292e-09
85.1673   0.00311173   7.89719e-08   -1.39089e-09
85.2169   0.00311173   7.89031e-08   -1.38887e-09
85.2664   0.00311173   7.88344e-08   -1.38686e-09
85.3159   0.00311173   7.87657e-08   -1.38484e-09
85.3654   0.00311173   7.86972e-08   -1.38284e-09
85.415   0.00311173   7.86288e-08   -1.38083e-09
85.4645   0.00311173   7.85604e-08   -1.37883e-09
85.514   0.00311173   7.84922e-08   -1.37684e-09
85.5635   0.00311173   7.84241e-08   -1.37485e-09
85.6131   0.00311173   7.8356e-08   -1.37286e-09
85.6626   0.00311173   7.82881e-08   -1.37088e-09
85.7121   0.00311173   7.82202e-08   -1.3689e-09
85.7616   0.00311173   7.81525e-08   -1.36692e-09
85.8112   0.00311173   7.80848e-08   -1.36495e-09
85.8607   0.00311173   7.80173e-08   -1.36298e-09
85.9102   0.00311173   7.79498e-08   -1.36102e-09
85.9597   0.00311173   7.78825e-08   -1.35892e-09
86.0092   0.00311173   7.78152e-08   -1.3571e-09
86.0588   0.00311173   7.77481e-08   -1.35515e-09
86.1083   0.00311173   7.7681e-08   -1.3532e-09
86.1578   0.00311173   7.7614e-08   -1.35126e-09
86.2074   0.00311173   7.75472e-08   -1.34932e-09
86.2569   0.00311173   7.74804e-08   -1.34738e-09
86.3064   0.00311173   7.74137e-08   -1.34545e-09
86.3559   0.00311173   7.73471e-08   -1.34352e-09
86.4055   0.00311173   7.72806e-08   -1.3416e-09
86.455   0.00311173   7.72142e-08   -1.33968e-09
86.5045   0.00311173   7.71479e-08   -1.33776e-09
86.554   0.00311173   7.70817e-08   -1.33585e-09
86.6035   0.00311173   7.70156e-08   -1.33394e-09
86.6531   0.00311173   7.69496e-08   -1.33204e-09
86.7026   0.00311173   7.68837e-08   -1.33013e-09
86.7521   0.00311173   7.68178e-08   -1.32824e-09
86.8016   0.00311173   7.67521e-08   -1.32634e-09
86.8512   0.00311173   7.66865e-08   -1.32445e-09
86.9007   0.00311173   7.66209e-08   -1.32257e-09
86.9502   0.00311173   7.65555e-08   -1.32068e-09
86.9998   0.00311173   7.64901e-08   -1.31867e-09
87.0493   0.00311173   7.64249e-08   -1.31693e-09
87.0988   0.00311173   7.63597e-08   -1.31506e-09
87.1483   0.00311173   7.62946e-08   -1.31319e-09
87.1979   0.00311173   7.62296e-08   -1.31133e-09
87.2474   0.00311173   7.61647e-08   -1.30947e-09
87.2969   0.00311173   7.60999e-08   -1.30761e-09
87.3464   0.00311173   7.60352e-08   -1.30576e-09
87.3959   0.00311173   7.59706e-08   -1.30391e-09
87.4455   0.00311173   7.5906e-08   -1.30206e-09
87.495   0.00311173   7.58416e-08   -1.30022e-09
87.5445   0.00311173   7.57773e-08   -1.29838e-09
87.594   0.00311173   7.5713e-08   -1.29655e-09
87.6436   0.00311173   7.56488e-08   -1.29472e-09
87.6931   0.00311173   7.55848e-08   -1.29289e-09
87.7426   0.00311173   7.55208e-08   -1.29107e-09
87.7922   0.00311173   7.54569e-08   -1.28925e-09
87.8417   0.00311173   7.53931e-08   -1.28743e-09
87.8912   0.00311173   7.53294e-08   -1.28562e-09
87.9407   0.00311173   7.52657e-08   -1.28381e-09
87.9903   0.00311173   7.52022e-08   -1.282e-09
88.0398   0.00311173   7.51388e-08   -1.28007e-09
88.0893   0.00311173   7.50754e-08   -1.2784e-09
88.1388   0.00311173   7.50121e-08   -1.27661e-09
88.1883   0.00311173   7.4949e-08   -1.27482e-09
88.2379   0.00311173   7.48859e-08   -1.27303e-09
88.2874   0.00311173   7.48229e-08   -1.27124e-09
88.3369   0.00311173   7.47599e-08   -1.26946e-09
88.3864   0.00311173   7.46971e-08   -1.26769e-09
88.436   0.00311173   7.46344e-08   -1.26591e-09
88.4855   0.00311173   7.45717e-08   -1.26414e-09
88.535   0.00311173   7.45092e-08   -1.26237e-09
88.5845   0.00311173   7.44467e-08   -1.26061e-09
88.6341   0.00311173   7.43843e-08   -1.25885e-09
88.6836   0.00311173   7.4322e-08   -1.25709e-09
88.7331   0.00311173   7.42598e-08   -1.25534e-09
88.7826   0.00311173   7.41977e-08   -1.25359e-09
88.8322   0.00311173   7.41356e-08   -1.25184e-09
88.8817   0.00311173   7.40737e-08   -1.2501e-09
88.9312   0.00311173   7.40118e-08   -1.24836e-09
88.9807   0.00311173   7.395e-08   -1.24662e-09
89.0303   0.00311173   7.38883e-08   -1.24489e-09
89.0798   0.00311173   7.38267e-08   -1.24304e-09
89.1293   0.00311173   7.37652e-08   -1.24144e-09
89.1788   0.00311173   7.37038e-08   -1.23971e-09
89.2284   0.00311173   7.36424e-08   -1.23799e-09
89.2779   0.00311173   7.35811e-08   -1.23628e-09
89.3274   0.00311173   7.352e-08   -1.23457e-09
89.3769   0.00311173   7.34588e-08   -1.23286e-09
89.4265   0.00311173   7.33978e-08   -1.23115e-09
89.476   0.00311173   7.33369e-08   -1.22945e-09
89.5255   0.00311173   7.32761e-08   -1.22775e-09
89.575   0.00311173   7.32153e-08   -1.22605e-09
89.6246   0.00311173   7.31546e-08   -1.22436e-09
89.6741   0.00311173   7.3094e-08   -1.22267e-09
89.7236   0.00311173   7.30335e-08   -1.22098e-09
89.7731   0.00311173   7.29731e-08   -1.2193e-09
89.8227   0.00311173   7.29127e-08   -1.21762e-09
89.8722   0.00311173   7.28525e-08   -1.21594e-09
89.9217   0.00311173   7.27923e-08   -1.21427e-09
89.9712   0.00311173   7.27322e-08   -1.2126e-09
90.0208   0.00311173   7.26722e-08   -1.21093e-09
90.0703   0.00311173   7.26123e-08   -1.20927e-09
90.1198   0.00311173   7.25524e-08   -1.20748e-09
90.1693   0.00311173   7.24927e-08   -1.20595e-09
90.2189   0.00311173   7.2433e-08   -1.20429e-09
90.2684   0.00311173   7.23734e-08   -1.20264e-09
90.3179   0.00311173   7.23139e-08   -1.201e-09
90.3674   0.00311173   7.22544e-08   -1.19935e-09
90.417   0.00311173   7.21951e-08   -1.19771e-09
90.4665   0.00311173   7.21358e-08   -1.19607e-09
90.516   0.00311173   7.20766e-08   -1.19443e-09
90.5655   0.00311173   7.20175e-08   -1.1928e-09
90.6151   0.00311173   7.19584e-08   -1.19117e-09
90.6646   0.00311173   7.18995e-08   -1.18955e-09
90.7141   0.00311173   7.18406e-08   -1.18792e-09
90.7636   0.00311173   7.17818e-08   -1.1863e-09
90.8132   0.00311173   7.17231e-08   -1.18469e-09
90.8627   0.00311173   7.16645e-08   -1.18307e-09
90.9122   0.00311173   7.16059e-08   -1.18146e-09
90.9617   0.00311173   7.15475e-08   -1.17986e-09
91.0113   0.00311173   7.14891e-08   -1.17825e-09
91.0608   0.00311173   7.14308e-08   -1.17665e-09
91.1103   0.00311173   7.13725e-08   -1.17505e-09
91.1598   0.00311173   7.13144e-08   -1.17334e-09
91.2094   0.00311173   7.12563e-08   -1.17186e-09
91.2589   0.00311173   7.11983e-08   -1.17028e-09
91.3084   0.00311173   7.11404e-08   -1.16869e-09
91.3579   0.00311173   7.10825e-08   -1.16711e-09
91.4074   0.00311173   7.10248e-08   -1.16553e-09
91.457   0.00311173   7.09671e-08   -1.16395e-09
91.5065   0.00311173   7.09095e-08   -1.16237e-09
91.556   0.00311173   7.0852e-08   -1.1608e-09
91.6055   0.00311173   7.07945e-08   -1.15923e-09
91.6551   0.00311173   7.07371e-08   -1.15767e-09
91.7046   0.00311173   7.06799e-08   -1.15611e-09
91.7541   0.00311173   7.06226e-08   -1.15455e-09
91.8037   0.00311173   7.05655e-08   -1.15299e-09
91.8532   0.00311173   7.05084e-08   -1.15144e-09
91.9027   0.00311173   7.04514e-08   -1.14989e-09
91.9522   0.00311173   7.03945e-08   -1.14834e-09
92.0018   0.00311173   7.03377e-08   -1.14679e-09
92.0513   0.00311173   7.02809e-08   -1.14525e-09
92.1008   0.00311173   7.02243e-08   -1.14371e-09
92.1503   0.00311173   7.01677e-08   -1.14218e-09
92.1998   0.00311173   7.01111e-08   -1.14053e-09
92.2494   0.00311173   7.00547e-08   -1.13911e-09
92.2989   0.00311173   6.99983e-08   -1.13759e-09
92.3484   0.00311173   6.9942e-08   -1.13606e-09
92.3979   0.00311173   6.98858e-08   -1.13454e-09
92.4475   0.00311173   6.98296e-08   -1.13302e-09
92.497   0.00311173   6.97736e-08   -1.13151e-09
92.5465   0.00311173   6.97176e-08   -1.12999e-09
92.5961   0.00311173   6.96616e-08   -1.12848e-09
92.6456   0.00311173   6.96058e-08   -1.12697e-09
92.6951   0.00311173   6.955e-08   -1.12547e-09
92.7446   0.00311173   6.94943e-08   -1.12397e-09
92.7942   0.00311173   6.94387e-08   -1.12247e-09
92.8437   0.00311173   6.93831e-08   -1.12097e-09
92.8932   0.00311173   6.93276e-08   -1.11948e-09
92.9427   0.00311173   6.92722e-08   -1.11799e-09
92.9922   0.00311173   6.92169e-08   -1.1165e-09
93.0418   0.00311173   6.91617e-08   -1.11502e-09
93.0913   0.00311173   6.91065e-08   -1.11353e-09
93.1408   0.00311173   6.90514e-08   -1.11205e-09
93.1903   0.00311173   6.89963e-08   -1.11058e-09
93.2399   0.00311173   6.89414e-08   -1.10899e-09
93.2894   0.00311173   6.88865e-08   -1.10763e-09
93.3389   0.00311173   6.88317e-08   -1.10616e-09
93.3884   0.00311173   6.87769e-08   -1.1047e-09
93.438   0.00311173   6.87222e-08   -1.10323e-09
93.4875   0.00311173   6.86676e-08   -1.10177e-09
93.537   0.00311173   6.86131e-08   -1.10032e-09
93.5865   0.00311173   6.85586e-08   -1.09886e-09
93.6361   0.00311173   6.85043e-08   -1.09741e-09
93.6856   0.00311173   6.845e-08   -1.09596e-09
93.7351   0.00311173   6.83957e-08   -1.09451e-09
93.7846   0.00311173   6.83415e-08   -1.09307e-09
93.8342   0.00311173   6.82874e-08   -1.09162e-09
93.8837   0.00311173   6.82334e-08   -1.09019e-09
93.9332   0.00311173   6.81795e-08   -1.08875e-09
93.9827   0.00311173   6.81256e-08   -1.08732e-09
94.0323   0.00311173   6.80718e-08   -1.08588e-09
94.0818   0.00311173   6.8018e-08   -1.08446e-09
94.1313   0.00311173   6.79643e-08   -1.08303e-09
94.1808   0.00311173   6.79107e-08   -1.08161e-09
94.2304   0.00311173   6.78572e-08   -1.08019e-09
94.2799   0.00311173   6.78038e-08   -1.07866e-09
94.3294   0.00311173   6.77504e-08   -1.07735e-09
94.3789   0.00311173   6.7697e-08   -1.07594e-09
94.4285   0.00311173   6.76438e-08   -1.07453e-09
94.478   0.00311173   6.75906e-08   -1.07312e-09
94.5275   0.00311173   6.75375e-08   -1.07172e-09
94.577   0.00311173   6.74845e-08   -1.07032e-09
94.6266   0.00311173   6.74315e-08   -1.06891e-09
94.6761   0.00311173   6.73786e-08   -1.06752e-09
94.7256   0.00311173   6.73258e-08   -1.06612e-09
94.7751   0.00311173   6.7273e-08   -1.06473e-09
94.8247   0.00311173   6.72203e-08   -1.06334e-09
94.8742   0.00311173   6.71677e-08   -1.06195e-09
94.9237   0.00311173   6.71151e-08   -1.06057e-09
94.9732   0.00311173   6.70626e-08   -1.05919e-09
95.0228   0.00311173   6.70102e-08   -1.05781e-09
95.0723   0.00311173   6.69578e-08   -1.05643e-09
95.1218   0.00311173   6.69056e-08   -1.05506e-09
95.1713   0.00311173   6.68533e-08   -1.05368e-09
95.2209   0.00311173   6.68012e-08   -1.05231e-09
95.2704   0.00311173   6.67491e-08   -1.05095e-09
95.3199   0.00311173   6.66971e-08   -1.04948e-09
95.3694   0.00311173   6.66452e-08   -1.04822e-09
95.419   0.00311173   6.65933e-08   -1.04686e-09
95.4685   0.00311173   6.65415e-08   -1.0455e-09
95.518   0.00311173   6.64897e-08   -1.04415e-09
95.5675   0.00311173   6.6438e-08   -1.0428e-09
95.6171   0.00311173   6.63864e-08   -1.04145e-09
95.6666   0.00311173   6.63349e-08   -1.0401e-09
95.7161   0.00311173   6.62834e-08   -1.03876e-09
95.7656   0.00311173   6.6232e-08   -1.03741e-09
95.8152   0.00311173   6.61806e-08   -1.03607e-09
95.8647   0.00311173   6.61294e-08   -1.03474e-09
95.9142   0.00311173   6.60782e-08   -1.0334e-09
95.9637   0.00311173   6.6027e-08   -1.03207e-09
96.0133   0.00311173   6.59759e-08   -1.03074e-09
96.0628   0.00311173   6.59249e-08   -1.02941e-09
96.1123   0.00311173   6.5874e-08   -1.02808e-09
96.1618   0.00311173   6.58231e-08   -1.02676e-09
96.2114   0.00311173   6.57723e-08   -1.02544e-09
96.2609   0.00311173   6.57215e-08   -1.02412e-09
96.3104   0.00311173   6.56708e-08   -1.0228e-09
96.3599   0.00311173   6.56202e-08   -1.02139e-09
96.4095   0.00311173   6.55697e-08   -1.02018e-09
96.459   0.00311173   6.55192e-08   -1.01887e-09
96.5085   0.00311173   6.54687e-08   -1.01756e-09
96.558   0.00311173   6.54184e-08   -1.01626e-09
96.6076   0.00311173   6.53681e-08   -1.01496e-09
96.6571   0.00311173   6.53178e-08   -1.01366e-09
96.7066   0.00311173   6.52677e-08   -1.01236e-09
96.7561   0.00311173   6.52176e-08   -1.01107e-09
96.8056   0.00311173   6.51675e-08   -1.00977e-09
96.8552   0.00311173   6.51176e-08   -1.00848e-09
96.9047   0.00311173   6.50676e-08   -1.0072e-09
96.9542   0.00311173   6.50178e-08   -1.00591e-09
97.0037   0.00311173   6.4968e-08   -1.00463e-09
97.0533   0.00311173   6.49183e-08   -1.00335e-09
97.1028   0.00311173   6.48686e-08   -1.00207e-09
97.1523   0.00311173   6.4819e-08   -1.00079e-09
97.2018   0.00311173   6.47695e-08   -9.99515e-10
97.2514   0.00311173   6.472e-08   -9.98243e-10
97.3009   0.00311173   6.46706e-08   -9.96974e-10
97.3504   0.00311173   6.46213e-08   -9.95706e-10
97.4   0.00311173   6.4572e-08   -9.94341e-10
97.4495   0.00311173   6.45228e-08   -9.93178e-10
97.499   0.00311173   6.44736e-08   -9.91917e-10
97.5485   0.00311173   6.44245e-08   -9.90659e-10
97.5981   0.00311173   6.43755e-08   -9.89403e-10
97.6476   0.00311173   6.43265e-08   -9.88148e-10
97.6971   0.00311173   6.42776e-08   -9.86897e-10
97.7466   0.00311173   6.42288e-08   -9.85647e-10
97.7961   0.00311173   6.418e-08   -9.844e-10
97.8457   0.00311173   6.41313e-08   -9.83154e-10
97.8952   0.00311173   6.40826e-08   -9.81912e-10
97.9447   0.00311173   6.4034e-08   -9.80671e-10
97.9942   0.00311173   6.39855e-08   -9.79432e-10
98.0438   0.00311173   6.3937e-08   -9.78196e-10
98.0933   0.00311173   6.38886e-08   -9.76962e-10
98.1428   0.00311173   6.38402e-08   -9.7573e-10
98.1924   0.00311173   6.37919e-08   -9.745e-10
98.2419   0.00311173   6.37437e-08   -9.73272e-10
98.2914   0.00311173   6.36955e-08   -9.72047e-10
98.3409   0.00311173   6.36474e-08   -9.70823e-10
98.3905   0.00311173   6.35994e-08   -9.69602e-10
98.44   0.00311173   6.35514e-08   -9.68285e-10
98.4895   0.00311173   6.35035e-08   -9.67166e-10
98.539   0.00311173   6.34556e-08   -9.65951e-10
98.5885   0.00311173   6.34078e-08   -9.64739e-10
98.6381   0.00311173   6.336e-08   -9.63528e-10
98.6876   0.00311173   6.33124e-08   -9.6232e-10
98.7371   0.00311173   6.32647e-08   -9.61114e-10
98.7866   0.00311173   6.32172e-08   -9.59909e-10
98.8362   0.00311173   6.31697e-08   -9.58708e-10
98.8857   0.00311173   6.31222e-08   -9.57507e-10
98.9352   0.00311173   6.30748e-08   -9.5631e-10
98.9847   0.00311173   6.30275e-08   -9.55114e-10
99.0343   0.00311173   6.29802e-08   -9.5392e-10
99.0838   0.00311173   6.2933e-08   -9.52729e-10
99.1333   0.00311173   6.28858e-08   -9.51539e-10
99.1828   0.00311173   6.28387e-08   -9.50352e-10
99.2324   0.00311173   6.27917e-08   -9.49167e-10
99.2819   0.00311173   6.27447e-08   -9.47983e-10
99.3314   0.00311173   6.26978e-08   -9.46802e-10
99.3809   0.00311173   6.2651e-08   -9.45623e-10
99.4305   0.00311173   6.26041e-08   -9.44446e-10
99.48   0.00311173   6.25574e-08   -9.43176e-10
99.5295   0.00311173   6.25107e-08   -9.42098e-10
99.579   0.00311173   6.24641e-08   -9.40927e-10
99.6286   0.00311173   6.24175e-08   -9.39758e-10
99.6781   0.00311173   6.2371e-08   -9.38592e-10
99.7276   0.00311173   6.23246e-08   -9.37427e-10
99.7771   0.00311173   6.22782e-08   -9.36264e-10
99.8267   0.00311173   6.22318e-08   -9.35103e-10
99.8762   0.00311173   6.21855e-08   -9.33944e-10
99.9257   0.00311173   6.21393e-08   -9.32787e-10
99.9752   0.00311173   6.20931e-08   -9.32009e-10
100.025   0.00311173   6.2047e-08   -9.31418e-10
