1.0247605851  303.182 
1.0742896884  289.535 
1.1238095364  277.063 
1.1733399619  265.62 
1.2228598099  255.086 
1.2723902354  245.354 
1.3219100834  236.339 
1.3714405089  227.961 
1.4209603569  220.157 
1.4704894602  212.868 
1.5200106304  206.048 
1.5695304784  199.651 
1.6190595817  193.639 
1.6685794297  187.979 
1.7181098552  182.639 
1.7676297032  177.595 
1.8171601287  172.821 
1.8666799767  168.298 
1.9162104022  164.005 
1.9657302502  159.926 
2.0152593535  156.044 
2.0647805237  152.347 
2.114309627  148.821 
2.163829475  145.454 
2.2133599005  142.236 
2.2628797485  139.158 
2.312410174  136.21 
2.361930022  133.384 
2.4114604475  130.673 
2.4609802955  128.07 
2.5105093988  125.569 
2.560030569  123.164 
2.609550417  120.849 
2.6590795203  118.619 
2.7085993683  116.47 
2.7581297938  114.398 
2.8076496418  112.398 
2.8571800672  110.467 
2.9066999152  108.601 
2.9562303407  106.797 
3.0057501887  105.052 
3.0552806142  103.363 
3.1048004622  101.727 
3.1543295655  100.143 
3.2038494135  98.6068 
3.253379839  97.1171 
3.302899687  95.672 
3.3524301125  94.2692 
3.4019499605  92.9069 
3.451480386  91.5834 
3.501000234  90.297 
3.5505306595  89.0465 
3.6000505075  87.83 
3.6495703555  86.6465 
3.6990994588  85.4941 
3.748620629  84.3721 
3.7981497323  83.2791 
3.8476695803  82.2142 
3.8972000058  81.1761 
3.9467198538  80.164 
3.9962502793  79.1765 
4.0457701273  78.2133 
4.0953005528  77.2732 
4.1448204008  76.3555 
4.1943495041  75.4593 
4.2438693521  74.5839 
4.2933997776  73.7286 
4.3429196256  72.8926 
4.3924500511  72.0753 
4.4419698991  71.2764 
4.4915003246  70.4947 
4.5410201726  69.7302 
4.5905505981  68.982 
4.6400704461  68.2497 
4.6895902941  67.5329 
4.7391193974  66.8306 
4.7886405676  66.1433 
4.8381696709  65.4696 
4.8876895189  64.8095 
4.9372199444  64.1628 
4.9867397924  63.5288 
5.0362702179  62.9071 
5.0857900659  62.2974 
5.1353204914  61.6996 
5.1848403394  61.1131 
5.2343694427  60.5376 
5.2838906129  59.9729 
5.3334197162  59.4185 
5.3829395642  58.8745 
5.4324699897  58.3402 
5.4819898377  57.8156 
5.5315202632  57.3001 
5.5810401112  56.7941 
5.6305705367  56.2966 
5.6800903847  55.8079 
5.7296102327  55.3277 
5.7791406582  54.8556 
5.8286605062  54.3916 
5.8781896095  53.9351 
5.9277094575  53.4864 
5.977239883  53.0452 
6.026759731  52.6111 
6.0762901565  52.1839 
6.1258100045  51.7638 
6.1753404299  51.3504 
6.224860278  50.9434 
6.2743893813  50.5428 
6.3239105514  50.1487 
6.3734396548  49.7605 
6.4229595028  49.3784 
6.4724899282  49.0018 
6.5220097762  48.6312 
6.5715402017  48.2662 
6.6210600497  47.9064 
6.6705904752  47.552 
6.7201103232  47.203 
6.7696301712  46.859 
6.8191605967  46.5199 
6.8686804447  46.1857 
6.918209548  45.8562 
6.967729396  45.5314 
7.0172598215  45.2112 
7.0667796695  44.8954 
7.116310095  44.5841 
7.165829943  44.277 
7.2153603685  43.9743 
7.2648802165  43.6755 
7.314410642  43.3807 
7.36393049  43.09 
7.4134595933  42.8031 
7.4629794413  42.52 
7.5125098668  42.2405 
7.5620297148  41.9648 
7.6115601403  41.6927 
7.6610799883  41.424 
7.7106104138  41.1589 
7.7601302618  40.897 
7.8096501098  40.6386 
7.8591805353  40.3832 
7.9087003833  40.1311 
7.9582294866  39.8821 
8.0077506568  39.6363 
8.0572797601  39.3933 
8.1067996081  39.1535 
8.1563300336  38.9164 
8.2058498816  38.6823 
8.2553803071  38.451 
8.3049001551  38.2224 
8.3544305806  37.9964 
8.4039504286  37.7732 
8.4534795319  37.5525 
8.5029993799  37.3345 
8.5525298054  37.1188 
8.6020496534  36.9058 
8.6515800789  36.6951 
8.7010999269  36.487 
8.7506303524  36.281 
8.8001502004  36.0774 
8.8496700484  35.876 
8.8992004739  35.6769 
8.9487203219  35.48 
8.9982494252  35.2853 
9.0477705954  35.0927 
9.0972996987  34.9021 
9.1468195467  34.7137 
9.1963499722  34.5273 
9.2458698202  34.3429 
9.2954002457  34.1604 
9.3449200937  33.9798 
9.3944505192  33.8011 
9.4439703672  33.6244 
9.4934994705  33.4493 
9.5430206407  33.2763 
9.592549744  33.1048 
9.642069592  32.9353 
9.6916000175  32.7674 
9.7411198655  32.6013 
9.7906502909  32.4367 
9.8401701389  32.274 
9.889689987  32.1127 
9.9392204124  31.9531 
9.9887402604  31.7951 
10.038299774  31.6385 
10.087799789  31.4836 
10.137299804  31.3303 
10.18679982  31.1784 
10.236400321  31.0277 
10.285900336  30.8788 
10.335400351  30.7313 
10.384900367  30.5851 
10.434499546  30.4401 
10.483999561  30.2967 
10.533499576  30.1546 
10.582999591  30.0139 
10.632600093  29.8742 
10.682100108  29.7361 
10.731600123  29.5993 
10.781100138  29.4637 
10.83070064  29.3291 
10.880200655  29.1959 
10.929699348  29.064 
10.979199363  28.9333 
11.028799865  28.8034 
11.07829988  28.675 
11.127799895  28.5478 
11.17729991  28.4216 
11.226900412  28.2963 
11.276400427  28.1723 
11.325900442  28.0495 
11.375400457  27.9278 
11.424999636  27.8068 
11.474499652  27.687 
11.523999667  27.5684 
11.573499682  27.4507 
11.623100183  27.3339 
11.672600199  27.2181 
11.722100214  27.1035 
11.771600229  26.9898 
11.821199408  26.8767 
11.870699423  26.7649 
11.920199439  26.654 
11.969699454  26.544 
12.019299955  26.4346 
12.06879997  26.3265 
12.118299986  26.2192 
12.167800001  26.1127 
12.217400502  26.0069 
12.266900517  25.9021 
12.316400533  25.7982 
12.365900548  25.6953 
12.415499727  25.5928 
12.464999742  25.4914 
12.514499757  25.3907 
12.563999773  25.2909 
12.613600274  25.1916 
12.663100289  25.0933 
12.712600304  24.9958 
12.76210032  24.8991 
12.811699499  24.8029 
12.861199514  24.7076 
12.910699529  24.613 
12.960199544  24.5192 
13.009800046  24.4259 
13.059300061  24.3335 
13.108800076  24.2418 
13.158300091  24.1508 
13.207900593  24.0602 
13.257400608  23.9706 
13.306900623  23.8816 
13.356400638  23.7932 
13.405999818  23.7054 
13.455499833  23.6184 
13.504999848  23.5319 
13.554499863  23.4461 
13.604100365  23.3608 
13.65360038  23.2763 
13.703100395  23.1923 
13.75260041  23.109 
13.802199589  23.0261 
13.851699605  22.9439 
13.90119962  22.8624 
13.950699635  22.7815 
14.000300136  22.7008 
14.049800152  22.621 
14.099300167  22.5418 
14.148800182  22.463 
14.198300197  22.3849 
14.247899376  22.3071 
14.297399392  22.23 
14.346899407  22.1534 
14.396399422  22.0773 
14.445999923  22.0017 
14.495499939  21.9267 
14.544999954  21.8522 
14.594499969  21.7782 
14.64410047  21.7046 
14.693600486  21.6316 
14.743100501  21.5591 
14.792600516  21.4871 
14.842199695  21.4154 
14.89169971  21.3443 
14.941199726  21.2737 
14.990699741  21.2035 
15.040300242  21.1338 
15.089800257  21.0645 
15.139300273  20.9958 
15.188800288  20.9275 
15.238399467  20.8594 
15.287899482  20.792 
15.337399497  20.725 
15.386899513  20.6585 
15.436500014  20.5922 
15.486000029  20.5265 
15.535500044  20.4612 
15.585000059  20.3963 
15.634600561  20.3317 
15.684100576  20.2677 
15.733600591  20.204 
15.783100606  20.1407 
15.832699786  20.0777 
15.882199801  20.0152 
15.931699816  19.9531 
15.981199831  19.8914 
16.030800333  19.83 
16.080300348  19.769 
16.129800363  19.7084 
16.179300378  19.6482 
16.228899557  19.5883 
16.278399573  19.5288 
16.327899588  19.4697 
16.377399603  19.4109 
16.427000104  19.3525 
16.47650012  19.2944 
16.526000135  19.2367 
16.57550015  19.1793 
16.625100651  19.1221 
16.674599344  19.0655 
16.72409936  19.0092 
16.773599375  18.9531 
16.823199876  18.8973 
16.872699891  18.842 
16.922199907  18.7869 
16.971699922  18.7322 
17.021300423  18.6777 
17.070800438  18.6237 
17.120300454  18.5699 
17.169800469  18.5164 
17.219399648  18.4632 
17.268899663  18.4103 
17.318399678  18.3577 
17.367899694  18.3055 
17.417500195  18.2534 
17.46700021  18.2018 
17.516500225  18.1504 
17.566000241  18.0993 
17.61559942  18.0484 
17.665099435  17.998 
17.71459945  17.9478 
17.764099465  17.8978 
17.813699967  17.8481 
17.863199982  17.7987 
17.912699997  17.7496 
17.962200012  17.7007 
18.011800514  17.652 
18.061300529  17.6037 
18.110800544  17.5557 
18.160300559  17.5079 
18.209899739  17.4603 
18.259399754  17.413 
18.308899769  17.366 
18.358399784  17.3192 
18.408000286  17.2726 
18.457500301  17.2263 
18.507000316  17.1803 
18.556500331  17.1345 
18.60609951  17.0889 
18.655599526  17.0436 
18.705099541  16.9986 
18.754599556  16.9538 
18.804200057  16.9091 
18.853700073  16.8648 
18.903200088  16.8207 
18.952700103  16.7768 
19.002300604  16.7331 
19.05180062  16.6896 
19.101300635  16.6465 
19.15080065  16.6035 
19.200399829  16.5607 
19.249899844  16.5181 
19.29939986  16.4758 
19.348899875  16.4338 
19.39839989  16.3919 
19.448000391  16.3501 
19.497500407  16.3086 
19.547000422  16.2674 
19.596500437  16.2264 
19.646099616  16.1855 
19.695599631  16.1448 
19.745099647  16.1044 
19.794599662  16.0642 
19.844200163  16.0241 
19.893700178  15.9842 
19.943200194  15.9446 
19.992700209  15.9052 
20.042299388  15.8659 
20.091799403  15.8268 
20.141299418  15.788 
20.190799434  15.7493 
20.240399935  15.7108 
20.28989995  15.6725 
20.339399965  15.6344 
20.388899981  15.5965 
20.438500482  15.5587 
20.488000497  15.5212 
20.537500512  15.4838 
20.587000528  15.4466 
20.636599707  15.4095 
20.686099722  15.3727 
20.735599737  15.336 
20.785099752  15.2996 
20.834700254  15.2632 
20.884200269  15.2271 
20.933700284  15.1911 
20.983200299  15.1553 
21.032799479  15.1196 
21.082299494  15.0842 
21.131799509  15.0488 
21.181299524  15.0137 
21.230900026  14.9787 
21.280400041  14.9439 
21.329900056  14.9092 
21.379400071  14.8748 
21.429000573  14.8404 
21.478500588  14.8062 
21.528000603  14.7722 
21.577500618  14.7384 
21.627099797  14.7046 
21.676599813  14.671 
21.726099828  14.6377 
21.775599843  14.6044 
21.825200344  14.5713 
21.87470036  14.5383 
21.924200375  14.5056 
21.97370039  14.4729 
22.023299569  14.4404 
22.072799584  14.408 
22.1222996  14.3758 
22.171799615  14.3438 
22.221400116  14.3118 
22.270900131  14.28 
22.320400146  14.2484 
22.369900162  14.2168 
22.419499341  14.1854 
22.468999356  14.1542 
22.518499371  14.1231 
22.567999387  14.0922 
22.617599888  14.0613 
22.667099903  14.0306 
22.716599918  14.0001 
22.766099933  13.9697 
22.815700435  13.9394 
22.86520045  13.9092 
22.914700465  13.8792 
22.96420048  13.8493 
23.01379966  13.8195 
23.063299675  13.7899 
23.11279969  13.7604 
23.162299705  13.731 
23.211900207  13.7017 
23.261400222  13.6726 
23.310900237  13.6436 
23.360400252  13.6147 
23.409999431  13.5859 
23.459499447  13.5572 
23.508999462  13.5287 
23.558499477  13.5003 
23.608099978  13.472 
23.657599994  13.4438 
23.707100009  13.4158 
23.756600024  13.3879 
23.806200525  13.36 
23.855700541  13.3323 
23.905200556  13.3047 
23.954700571  13.2773 
24.00429975  13.2498 
24.053799765  13.2226 
24.103299781  13.1955 
24.152799796  13.1685 
24.202400297  13.1415 
24.251900312  13.1147 
24.301400328  13.0881 
24.350900343  13.0614 
24.400499522  13.0349 
24.449999537  13.0086 
24.499499552  12.9823 
24.548999568  12.9561 
24.598499583  12.9301 
24.648100084  12.9042 
24.697600099  12.8783 
24.747100115  12.8526 
24.79660013  12.8269 
24.846200631  12.8014 
24.895700646  12.7759 
24.945199339  12.7506 
24.994699355  12.7254 
25.044299856  12.7002 
25.093799871  12.6752 
25.143299886  12.6502 
25.192799902  12.6254 
25.242400403  12.6006 
25.291900418  12.576 
25.341400433  12.5514 
25.390900449  12.527 
25.440499628  12.5026 
25.489999643  12.4783 
25.539499658  12.4542 
25.588999673  12.4301 
25.638600175  12.4061 
25.68810019  12.3822 
25.737600205  12.3584 
25.78710022  12.3347 
25.8366994  12.3111 
25.886199415  12.2875 
25.93569943  12.2641 
25.985199445  12.2408 
26.034799947  12.2175 
26.084299962  12.1943 
26.133799977  12.1712 
26.183299992  12.1482 
26.232900494  12.1253 
26.282400509  12.1025 
26.331900524  12.0798 
26.381400539  12.0571 
26.430999718  12.0345 
26.480499734  12.012 
26.529999749  11.9896 
26.579499764  11.9673 
26.629100265  11.945 
26.678600281  11.9229 
26.728100296  11.9008 
26.777600311  11.8789 
26.82719949  11.8569 
26.876699505  11.8351 
26.926199521  11.8134 
26.975699536  11.7917 
27.025300037  11.7701 
27.074800052  11.7486 
27.124300068  11.7272 
27.173800083  11.7058 
27.223400584  11.6845 
27.272900599  11.6633 
27.322400615  11.6422 
27.37190063  11.6212 
27.421499809  11.6002 
27.470999824  11.5793 
27.520499839  11.5585 
27.569999855  11.5378 
27.619600356  11.5171 
27.669100371  11.4965 
27.718600386  11.476 
27.768100402  11.4555 
27.817699581  11.4351 
27.867199596  11.4148 
27.916699611  11.3946 
27.966199626  11.3745 
28.015800128  11.3543 
28.065300143  11.3343 
28.114800158  11.3144 
28.164300173  11.2945 
28.213899353  11.2747 
28.263399368  11.255 
28.312899383  11.2353 
28.362399398  11.2157 
28.4119999  11.1961 
28.461499915  11.1767 
28.51099993  11.1573 
28.560499945  11.138 
28.610100447  11.1187 
28.659600462  11.0995 
28.709100477  11.0804 
28.758600492  11.0613 
28.808199671  11.0423 
28.857699687  11.0234 
28.907199702  11.0045 
28.956699717  10.9857 
29.006300218  10.9669 
29.055800233  10.9483 
29.105300249  10.9297 
29.154800264  10.9111 
29.204399443  10.8926 
29.253899458  10.8742 
29.303399474  10.8559 
29.352899489  10.8375 
29.40249999  10.8193 
29.452000005  10.8011 
29.50150002  10.783 
29.551000036  10.765 
29.600600537  10.7469 
29.650100552  10.729 
29.699600567  10.7112 
29.749100583  10.6933 
29.798600598  10.6756 
29.848199777  10.6579 
29.897699792  10.6402 
29.947199807  10.6227 
29.996699823  10.6051 
30.046300324  10.5876 
30.095800339  10.5703 
30.145300354  10.5529 
30.19480037  10.5356 
30.244399549  10.5184 
30.293899564  10.5012 
30.343399579  10.4841 
30.392899594  10.467 
30.442500096  10.45 
30.492000111  10.433 
30.541500126  10.4161 
30.591000141  10.3993 
30.640600643  10.3825 
30.690100658  10.3657 
30.739599351  10.349 
30.789099366  10.3324 
30.838699868  10.3158 
30.888199883  10.2993 
30.937699898  10.2829 
30.987199913  10.2664 
31.036800415  10.25 
31.08630043  10.2337 
31.135800445  10.2175 
31.18530046  10.2013 
31.234899639  10.1851 
31.284399655  10.169 
31.33389967  10.1529 
31.383399685  10.1369 
31.433000186  10.1209 
31.482500202  10.105 
31.532000217  10.0892 
31.581500232  10.0734 
31.631099411  10.0576 
31.680599426  10.0419 
31.730099442  10.0262 
31.779599457  10.0106 
31.829199958  9.99503 
31.878699973  9.97955 
31.928199989  9.96408 
31.977700004  9.94865 
32.027300505  9.93328 
32.07680052  9.91796 
32.126300536  9.90267 
32.175800551  9.88748 
32.22539973  9.87226 
32.274899745  9.85712 
32.32439976  9.84206 
32.373899776  9.82701 
32.423500277  9.81198 
32.473000292  9.79706 
32.522500307  9.78215 
32.572000323  9.76728 
32.621599502  9.75243 
32.671099517  9.73769 
32.720599532  9.72296 
32.770099547  9.70827 
32.819700049  9.69364 
32.869200064  9.67904 
32.918700079  9.66449 
32.968200094  9.65001 
33.017800596  9.63552 
33.067300611  9.62109 
33.116800626  9.60671 
33.166300641  9.59241 
33.215899821  9.57809 
33.265399836  9.56383 
33.314899851  9.54966 
33.364399866  9.53549 
33.414000368  9.52134 
33.463500383  9.50729 
33.513000398  9.49325 
33.562500413  9.47924 
33.612099592  9.46526 
33.661599608  9.45137 
33.711099623  9.43749 
33.760599638  9.42366 
33.810200139  9.40987 
33.859700155  9.39611 
33.90920017  9.3824 
33.958700185  9.36872 
34.008299364  9.35509 
34.057799379  9.34149 
34.107299395  9.32794 
34.15679941  9.31445 
34.206399911  9.30095 
34.255899926  9.28751 
34.305399942  9.27411 
34.354899957  9.26078 
34.404500458  9.24743 
34.454000473  9.23414 
34.503500489  9.22089 
34.553000504  9.20772 
34.602599683  9.19452 
34.652099698  9.18139 
34.701599713  9.16833 
34.751099729  9.15527 
34.80070023  9.14222 
34.850200245  9.12923 
34.89970026  9.11632 
34.949200276  9.10341 
34.998700291  9.09053 
35.04829947  9.07767 
35.097799485  9.0649 
35.1472995  9.05213 
35.196799516  9.0394 
35.246400017  9.02668 
35.295900032  9.01405 
35.345400047  9.00143 
35.394900063  8.98884 
35.444500564  8.97626 
35.494000579  8.96378 
35.543500594  8.9513 
35.59300061  8.93885 
35.642599789  8.92644 
35.692099804  8.91406 
35.741599819  8.90172 
35.791099834  8.8894 
35.840700336  8.87714 
35.890200351  8.86489 
35.939700366  8.85268 
35.989200381  8.84051 
36.038799561  8.82837 
36.088299576  8.81626 
36.137799591  8.80419 
36.187299606  8.79214 
36.236900107  8.78014 
36.286400123  8.76817 
36.335900138  8.75622 
36.385400153  8.74431 
36.435000654  8.73244 
36.484499348  8.72059 
36.533999363  8.70877 
36.583499378  8.69699 
36.633099879  8.68522 
36.682599894  8.67353 
36.73209991  8.66184 
36.781599925  8.65018 
36.831200426  8.63853 
36.880700441  8.62697 
36.930200457  8.61541 
36.979700472  8.60388 
37.029299651  8.59235 
37.078799666  8.58091 
37.128299681  8.56947 
37.177799697  8.55806 
37.227400198  8.54666 
37.276900213  8.53534 
37.326400228  8.52403 
37.375900244  8.51274 
37.425499423  8.50145 
37.474999438  8.49023 
37.524499453  8.47906 
37.573999468  8.46789 
37.62359997  8.45672 
37.673099985  8.44561 
37.7226  8.43456 
37.772100015  8.42351 
37.821700517  8.41246 
37.871200532  8.40147 
37.920700547  8.39053 
37.970200562  8.37959 
38.019799742  8.36866 
38.069299757  8.35778 
38.118799772  8.34693 
38.168299787  8.33613 
38.217900289  8.32531 
38.267400304  8.31454 
38.316900319  8.3038 
38.366400334  8.29312 
38.415999513  8.28241 
38.465499529  8.27176 
38.514999544  8.26112 
38.564499559  8.25052 
38.61410006  8.23995 
38.663600076  8.2294 
38.713100091  8.21888 
38.762600106  8.20839 
38.812200607  8.19793 
38.861700623  8.18749 
38.911200638  8.17707 
38.960700653  8.16668 
39.010299832  8.1563 
39.059799847  8.14599 
39.109299863  8.13568 
39.158799878  8.1254 
39.208400379  8.11512 
39.257900394  8.10489 
39.30740041  8.09471 
39.356900425  8.08453 
39.406499604  8.07435 
39.455999619  8.06422 
39.505499634  8.05412 
39.55499965  8.04407 
39.604600151  8.034 
39.654100166  8.02397 
39.703600181  8.01396 
39.753100197  8.00402 
39.802699376  7.99404 
39.852199391  7.98411 
39.901699406  7.97421 
39.951199421  7.96433 
40.000799923  7.95448 
40.050299938  7.94465 
40.099799953  7.93484 
40.149299968  7.92506 
40.198799984  7.9153 
40.248400485  7.90558 
40.2979005  7.89587 
40.347400515  7.88618 
40.396900531  7.87652 
40.44649971  7.86686 
40.495999725  7.85727 
40.54549974  7.84768 
40.594999755  7.83811 
40.644600257  7.82854 
40.694100272  7.81902 
40.743600287  7.80955 
40.793100302  7.80008 
40.842699482  7.7906 
40.892199497  7.78117 
40.941699512  7.77176 
40.991199527  7.76238 
41.040800029  7.75303 
41.090300044  7.74369 
41.139800059  7.73437 
41.189300074  7.72508 
41.238900576  7.71578 
41.288400591  7.70656 
41.337900606  7.69733 
41.387400621  7.68813 
41.4369998  7.67893 
41.486499816  7.66976 
41.535999831  7.66065 
41.585499846  7.65153 
41.635100347  7.64242 
41.684600363  7.63334 
41.734100378  7.62429 
41.783600393  7.61529 
41.833199572  7.60626 
41.882699587  7.59727 
41.932199603  7.5883 
41.981699618  7.57935 
42.031300119  7.57041 
42.080800134  7.56153 
42.13030015  7.55265 
42.179800165  7.54378 
42.229399344  7.53492 
42.278899359  7.5261 
42.328399374  7.51733 
42.37789939  7.50855 
42.427499891  7.49977 
42.476999906  7.49103 
42.526499921  7.48231 
42.575999937  7.47361 
42.625600438  7.46494 
42.675100453  7.45628 
42.724600468  7.44765 
42.774100484  7.43903 
42.823699663  7.43041 
42.873199678  7.42186 
42.922699693  7.4133 
42.972199708  7.40476 
43.02180021  7.39622 
43.071300225  7.38772 
43.12080024  7.37924 
43.170300255  7.37081 
43.219899435  7.36235 
43.26939945  7.35393 
43.318899465  7.34553 
43.36839948  7.33714 
43.417999981  7.32876 
43.467499997  7.32044 
43.517000012  7.31211 
43.566500027  7.30381 
43.616100528  7.2955 
43.665600544  7.28723 
43.715100559  7.27898 
43.764600574  7.27077 
43.814199753  7.26254 
43.863699768  7.25435 
43.913199784  7.24617 
43.962699799  7.23801 
44.0123003  7.22985 
44.061800315  7.22176 
44.111300331  7.21366 
44.160800346  7.20557 
44.210399525  7.19749 
44.25989954  7.18944 
44.309399555  7.1814 
44.358899571  7.17342 
44.408500072  7.16541 
44.458000087  7.15743 
44.507500102  7.14947 
44.557000118  7.14152 
44.606600619  7.13358 
44.656100634  7.1257 
44.705600649  7.11781 
44.755099342  7.10994 
44.804699844  7.10207 
44.854199859  7.09423 
44.903699874  7.08641 
44.953199889  7.07864 
45.002800391  7.07083 
45.052300406  7.06306 
45.101800421  7.05531 
45.151300436  7.04758 
45.200899616  7.03984 
45.250399631  7.03217 
45.299899646  7.02449 
45.349399661  7.01682 
45.398899676  7.00917 
45.448500178  7.00152 
45.498000193  6.9939 
45.547500208  6.9863 
45.597000223  6.97874 
45.646599403  6.97116 
45.696099418  6.96361 
45.745599433  6.95607 
45.795099448  6.94855 
45.84469995  6.94104 
45.894199965  6.93358 
45.94369998  6.92611 
45.993199995  6.91865 
46.042800497  6.9112 
46.092300512  6.90378 
46.141800527  6.89637 
46.191300542  6.88898 
46.240899721  6.88162 
46.290399737  6.87426 
46.339899752  6.86691 
46.389399767  6.85959 
46.439000268  6.85226 
46.488500284  6.84496 
46.538000299  6.83771 
46.587500314  6.83044 
46.637099493  6.82318 
46.686599508  6.81595 
46.736099524  6.80873 
46.785599539  6.80152 
46.83520004  6.79432 
46.884700055  6.78717 
46.934200071  6.78001 
46.983700086  6.77287 
47.033300587  6.76573 
47.082800602  6.75862 
47.132300618  6.75152 
47.181800633  6.74443 
47.231399812  6.73738 
47.280899827  6.73032 
47.330399842  6.72328 
47.379899858  6.71626 
47.429500359  6.70924 
47.479000374  6.70224 
47.528500389  6.69526 
47.578000405  6.68832 
47.627599584  6.68136 
47.677099599  6.67442 
47.726599614  6.6675 
47.776099629  6.66059 
47.825700131  6.65368 
47.875200146  6.6468 
47.924700161  6.63996 
47.974200176  6.63311 
48.023799356  6.62626 
48.073299371  6.61944 
48.122799386  6.61263 
48.172299401  6.60583 
48.221899903  6.59904 
48.271399918  6.5923 
48.320899933  6.58554 
48.370399948  6.5788 
48.42000045  6.57206 
48.469500465  6.56535 
48.51900048  6.55865 
48.568500495  6.55197 
48.618099674  6.54531 
48.66759969  6.53865 
48.717099705  6.53201 
48.76659972  6.52538 
48.816200221  6.51875 
48.865700237  6.51215 
48.915200252  6.50556 
48.964700267  6.499 
49.014299446  6.49243 
49.063799461  6.48588 
49.113299477  6.47934 
49.162799492  6.47282 
49.212399993  6.46629 
49.261900008  6.45979 
49.311400024  6.45331 
49.360900039  6.44686 
49.41050054  6.44039 
49.460000555  6.43395 
49.509500571  6.42751 
49.559000586  6.42109 
49.608599765  6.41467 
49.65809978  6.40828 
49.707599795  6.40192 
49.757099811  6.39555 
49.806700312  6.38918 
49.856200327  6.38284 
49.905700342  6.37651 
49.955200358  6.37019 
50.004799537  6.36387 
50.054299552  6.35758 
50.103799567  6.35132 
50.153299582  6.34505 
50.202900084  6.33878 
50.252400099  6.33254 
50.301900114  6.32631 
50.351400129  6.32009 
50.401000631  6.31387 
50.450500646  6.30768 
50.500000661  6.30152 
50.549499354  6.29535 
50.598999369  6.28919 
50.648599871  6.28303 
50.698099886  6.27689 
50.747599901  6.27077 
50.797099916  6.26466 
50.846700418  6.25855 
50.896200433  6.25249 
50.945700448  6.24641 
50.995200463  6.24035 
51.044799642  6.23428 
51.094299658  6.22824 
51.143799673  6.22222 
51.193299688  6.2162 
51.242900189  6.21018 
51.292400205  6.20421 
51.34190022  6.19823 
51.391400235  6.19226 
51.440999414  6.18629 
51.490499429  6.18034 
51.539999445  6.17441 
51.58949946  6.16848 
51.639099961  6.16256 
51.688599976  6.15668 
51.738099992  6.15079 
51.787600007  6.14491 
51.837200508  6.13903 
51.886700523  6.13317 
51.936200539  6.12733 
51.985700554  6.12149 
52.035299733  6.11566 
52.084799748  6.10987 
52.134299763  6.10407 
52.183799779  6.09828 
52.23340028  6.09249 
52.282900295  6.08672 
52.33240031  6.08096 
52.381900326  6.07522 
52.431499505  6.06947 
52.48099952  6.06374 
52.530499535  6.05805 
52.57999955  6.05235 
52.629600052  6.04665 
52.679100067  6.04096 
52.728600082  6.03529 
52.778100097  6.02963 
52.827700599  6.02397 
52.877200614  6.01833 
52.926700629  6.01273 
52.976200644  6.00711 
53.025799824  6.00149 
53.075299839  5.99589 
53.124799854  5.99031 
53.174299869  5.98473 
53.223900371  5.97915 
53.273400386  5.9736 
53.322900401  5.96805 
53.372400416  5.96254 
53.421999595  5.957 
53.471499611  5.95149 
53.520999626  5.94598 
53.570499641  5.94049 
53.620100142  5.93499 
53.669600158  5.92952 
53.719100173  5.92406 
53.768600188  5.9186 
53.818199367  5.91317 
53.867699382  5.90774 
53.917199398  5.90231 
53.966699413  5.8969 
54.016299914  5.89148 
54.065799929  5.88609 
54.115299945  5.88071 
54.16479996  5.87533 
54.214400461  5.86996 
54.263900476  5.86462 
54.313400492  5.85928 
54.362900507  5.85394 
54.412499686  5.84861 
54.461999701  5.84329 
54.511499716  5.83799 
54.560999732  5.83269 
54.610600233  5.82739 
54.660100248  5.82212 
54.709600263  5.81687 
54.759100279  5.81161 
54.808699458  5.80635 
54.858199473  5.80111 
54.907699488  5.79588 
54.957199503  5.79066 
55.006800005  5.78544 
55.05630002  5.78024 
55.105800035  5.77505 
55.15530005  5.76989 
55.204900552  5.7647 
55.254400567  5.75954 
55.303900582  5.75438 
55.353400597  5.74924 
55.402999777  5.74409 
55.452499792  5.73896 
55.501999807  5.73384 
55.551499822  5.72873 
55.601100324  5.72362 
55.650600339  5.71855 
55.700100354  5.71347 
55.749600369  5.7084 
55.799100384  5.70334 
55.848699564  5.69827 
55.898199579  5.69322 
55.947699594  5.68819 
55.997199609  5.68316 
56.046800111  5.67813 
56.096300126  5.67314 
56.145800141  5.66814 
56.195300156  5.66315 
56.244900658  5.65815 
56.294399351  5.65318 
56.343899366  5.64821 
56.393399381  5.64325 
56.442999882  5.63829 
56.492499898  5.63335 
56.541999913  5.62842 
56.591499928  5.62352 
56.641100429  5.6186 
56.690600445  5.61369 
56.74010046  5.60879 
56.789600475  5.6039 
56.839199654  5.59901 
56.888699669  5.59414 
56.938199685  5.58928 
56.9876997  5.58442 
57.037300201  5.57957 
57.086800216  5.57475 
57.136300232  5.56992 
57.185800247  5.5651 
57.235399426  5.56028 
57.284899441  5.55547 
57.334399456  5.55068 
57.383899472  5.54589 
57.433499973  5.5411 
57.482999988  5.53633 
57.532500003  5.53156 
57.582000019  5.52683 
57.63160052  5.52207 
57.681100535  5.51733 
57.73060055  5.5126 
57.780100565  5.50788 
57.829699745  5.50316 
57.87919976  5.49845 
57.928699775  5.49375 
57.97819979  5.48906 
58.027800292  5.48437 
58.077300307  5.47969 
58.126800322  5.47505 
58.176300337  5.47039 
58.225899516  5.46573 
58.275399532  5.46109 
58.324899547  5.45645 
58.374399562  5.45183 
58.424000063  5.4472 
58.473500079  5.44259 
58.523000094  5.43798 
58.572500109  5.43339 
58.62210061  5.42881 
58.671600626  5.42423 
58.721100641  5.41966 
58.770600656  5.41509 
58.820199835  5.41053 
58.86969985  5.40598 
58.919199866  5.40144 
58.968699881  5.3969 
59.018300382  5.39237 
59.067800397  5.38785 
59.117300413  5.38334 
59.166800428  5.37885 
59.216399607  5.37435 
59.265899622  5.36986 
59.315399637  5.36538 
59.364899653  5.3609 
59.414500154  5.35643 
59.464000169  5.35197 
59.513500184  5.34752 
59.5630002  5.34307 
59.612599379  5.33863 
59.662099394  5.3342 
59.711599409  5.3298 
59.761099424  5.32538 
59.810699926  5.32097 
59.860199941  5.31656 
59.909699956  5.31217 
59.959199971  5.30779 
60.008800473  5.3034 
60.058300488  5.29903 
60.107800503  5.29466 
60.157300518  5.29031 
60.206899698  5.28595 
60.256399713  5.28163 
60.305899728  5.27729 
60.355399743  5.27296 
60.405000245  5.26863 
60.45450026  5.26432 
60.504000275  5.26001 
60.55350029  5.25571 
60.603099469  5.25141 
60.652599485  5.24713 
60.7020995  5.24285 
60.751599515  5.23858 
60.801200016  5.23432 
60.850700032  5.23006 
60.900200047  5.22581 
60.949700062  5.22157 
60.999200077  5.21733 
61.048800579  5.21309 
61.098300594  5.20887 
61.147800609  5.20465 
61.197300624  5.20044 
61.246899803  5.19623 
61.296399819  5.19203 
61.345899834  5.18787 
61.395399849  5.18368 
61.44500035  5.1795 
61.494500366  5.17533 
61.544000381  5.17117 
61.593500396  5.16701 
61.643099575  5.16285 
61.69259959  5.15871 
61.742099606  5.15457 
61.791599621  5.15045 
61.841200122  5.14631 
61.890700137  5.1422 
61.940200153  5.13811 
61.989700168  5.13401 
62.039299347  5.1299 
62.088799362  5.12581 
62.138299377  5.12173 
62.187799393  5.11765 
62.237399894  5.11357 
62.286899909  5.10951 
62.336399924  5.10545 
62.38589994  5.1014 
62.435500441  5.09735 
62.485000456  5.09331 
62.534500471  5.0893 
62.584000487  5.08527 
62.633599666  5.08124 
62.683099681  5.07723 
62.732599696  5.07323 
62.782099711  5.06923 
62.831700213  5.06522 
62.881200228  5.06124 
62.930700243  5.05726 
62.980200258  5.05328 
63.029799438  5.0493 
63.079299453  5.04534 
63.128799468  5.04141 
63.178299483  5.03746 
63.227899985  5.0335 
63.2774  5.02957 
63.326900015  5.02563 
63.37640003  5.02171 
63.426000532  5.01778 
63.475500547  5.01387 
63.525000562  5.00996 
63.574500577  5.00606 
63.624099756  5.00216 
63.673599772  4.99827 
63.723099787  4.99439 
63.772599802  4.99053 
63.822200303  4.98665 
63.871700319  4.98279 
63.921200334  4.97893 
63.970700349  4.97508 
64.020299528  4.97122 
64.069799543  4.96738 
64.119299559  4.96355 
64.168799574  4.95972 
64.218400075  4.95589 
64.26790009  4.95207 
64.317400106  4.94826 
64.366900121  4.94447 
64.416500622  4.94066 
64.466000637  4.93687 
64.515500652  4.93308 
64.564999346  4.9293 
64.614599847  4.92552 
64.664099862  4.92175 
64.713599877  4.91798 
64.763099893  4.91422 
64.812700394  4.91046 
64.862200409  4.90671 
64.911700424  4.90297 
64.961200439  4.89924 
65.010799619  4.89552 
65.060299634  4.89179 
65.109799649  4.88807 
65.159299664  4.88436 
65.208900166  4.88064 
65.258400181  4.87694 
65.307900196  4.87325 
65.357400211  4.86956 
65.40699939  4.86586 
65.456499406  4.86218 
65.505999421  4.85851 
65.555499436  4.85484 
65.605099937  4.85117 
65.654599953  4.84753 
65.704099968  4.84388 
65.753599983  4.84023 
65.803200484  4.83658 
65.8527005  4.83295 
65.902200515  4.82932 
65.95170053  4.82569 
66.001299709  4.82207 
66.050799724  4.81845 
66.10029974  4.81484 
66.149799755  4.81124 
66.19929977  4.80764 
66.248900271  4.80404 
66.298400287  4.80046 
66.347900302  4.79689 
66.397400317  4.79332 
66.446999496  4.78974 
66.496499511  4.78617 
66.545999527  4.78261 
66.595499542  4.77906 
66.645100043  4.7755 
66.694600058  4.77196 
66.744100074  4.76842 
66.793600089  4.76489 
66.84320059  4.76135 
66.892700605  4.75783 
66.942200621  4.75431 
66.991700636  4.75081 
67.041299815  4.7473 
67.09079983  4.7438 
67.140299845  4.7403 
67.189799861  4.73681 
67.239400362  4.73331 
67.288900377  4.72983 
67.338400392  4.72635 
67.387900408  4.72288 
67.437499587  4.71941 
67.486999602  4.71595 
67.536499617  4.71249 
67.585999632  4.70904 
67.635600134  4.70559 
67.685100149  4.70216 
67.734600164  4.69873 
67.784100179  4.69529 
67.833699359  4.69186 
67.883199374  4.68844 
67.932699389  4.68502 
67.982199404  4.68161 
68.031799906  4.6782 
68.081299921  4.6748 
68.130799936  4.6714 
68.180299951  4.66801 
68.229900453  4.66462 
68.279400468  4.66123 
68.328900483  4.65786 
68.378400498  4.65449 
68.427999677  4.65113 
68.477499693  4.64777 
68.526999708  4.64441 
68.576499723  4.64106 
68.626100224  4.6377 
68.67560024  4.63436 
68.725100255  4.63102 
68.77460027  4.62769 
68.824199449  4.62435 
68.873699464  4.62103 
68.92319948  4.61771 
68.972699495  4.6144 
69.022299996  4.61108 
69.071800011  4.60778 
69.121300027  4.6045 
69.170800042  4.6012 
69.220400543  4.5979 
69.269900558  4.59462 
69.319400574  4.59134 
69.368900589  4.58806 
69.418499768  4.58478 
69.467999783  4.58152 
69.517499798  4.57825 
69.566999814  4.575 
69.616600315  4.57174 
69.66610033  4.56849 
69.715600345  4.56524 
69.765100361  4.562 
69.81469954  4.55876 
69.864199555  4.55555 
69.91369957  4.55233 
69.963199585  4.5491 
70.012800087  4.54588 
70.062300102  4.54267 
70.111800117  4.53946 
70.161300132  4.53626 
70.210900634  4.53306 
70.260400649  4.52986 
70.309899342  4.52667 
70.359399357  4.52349 
70.408999859  4.5203 
70.458499874  4.51713 
70.507999889  4.51395 
70.557499904  4.51079 
70.607100406  4.50764 
70.656600421  4.50448 
70.706100436  4.50132 
70.755600451  4.49818 
70.80519963  4.49502 
70.854699646  4.49188 
70.904199661  4.48875 
70.953699676  4.48562 
71.003300177  4.48248 
71.052800193  4.47936 
71.102300208  4.47624 
71.151800223  4.47313 
71.201399402  4.47001 
71.250899417  4.46691 
71.300399433  4.46381 
71.349899448  4.46071 
71.399399463  4.45763 
71.448999964  4.45454 
71.49849998  4.45145 
71.547999995  4.44837 
71.59750001  4.4453 
71.647100511  4.44222 
71.696600526  4.43915 
71.746100542  4.43609 
71.795600557  4.43303 
71.845199736  4.42997 
71.894699751  4.42692 
71.944199767  4.42388 
71.993699782  4.42084 
72.043300283  4.41779 
72.092800298  4.41476 
72.142300313  4.41173 
72.191800329  4.40872 
72.241399508  4.40569 
72.290899523  4.40268 
72.340399538  4.39966 
72.389899553  4.39666 
72.439500055  4.39365 
72.48900007  4.39065 
72.538500085  4.38765 
72.5880001  4.38466 
72.637600602  4.38166 
72.687100617  4.37868 
72.736600632  4.3757 
72.786100647  4.37272 
72.835699827  4.36975 
72.885199842  4.36678 
72.934699857  4.36381 
72.984199872  4.36087 
73.033800374  4.35791 
73.083300389  4.35496 
73.132800404  4.35201 
73.182300419  4.34907 
73.231899598  4.34612 
73.281399614  4.34319 
73.330899629  4.34025 
73.380399644  4.33733 
73.430000145  4.3344 
73.479500161  4.33148 
73.529000176  4.32856 
73.578500191  4.32565 
73.62809937  4.32273 
73.677599385  4.31983 
73.727099401  4.31693 
73.776599416  4.31403 
73.826199917  4.31115 
73.875699932  4.30826 
73.925199948  4.30538 
73.974699963  4.3025 
74.024300464  4.29961 
74.073800479  4.29674 
74.123300495  4.29387 
74.17280051  4.29101 
74.222399689  4.28814 
74.271899704  4.28528 
74.321399719  4.28243 
74.370899735  4.27958 
74.420500236  4.27672 
74.470000251  4.27388 
74.519500266  4.27104 
74.569000282  4.26821 
74.618599461  4.26537 
74.668099476  4.26256 
74.717599491  4.25973 
74.767099506  4.25691 
74.816700008  4.25409 
74.866200023  4.25128 
74.915700038  4.24847 
74.965200053  4.24566 
75.014800555  4.24286 
75.06430057  4.24006 
75.113800585  4.23727 
75.1633006  4.23448 
75.21289978  4.23168 
75.262399795  4.2289 
75.31189981  4.22612 
75.361399825  4.22334 
75.411000327  4.22057 
75.460500342  4.2178 
75.510000357  4.21505 
75.559500372  4.21229 
75.609099551  4.20952 
75.658599567  4.20677 
75.708099582  4.20402 
75.757599597  4.20127 
75.807200098  4.19852 
75.856700114  4.19578 
75.906200129  4.19305 
75.955700144  4.19032 
76.005300645  4.18758 
76.054800661  4.18486 
76.104299354  4.18213 
76.153799369  4.17941 
76.20339987  4.17669 
76.252899885  4.17398 
76.302399901  4.17128 
76.351899916  4.16857 
76.401500417  4.16588 
76.451000432  4.16318 
76.500500448  4.16049 
76.550000463  4.1578 
76.599500478  4.15511 
76.649099657  4.15242 
76.698599672  4.14974 
76.748099688  4.14707 
76.797599703  4.14439 
76.847200204  4.14172 
76.896700219  4.13905 
76.946200235  4.13639 
76.99570025  4.13373 
77.045299429  4.13107 
77.094799444  4.12842 
77.144299459  4.12577 
77.193799475  4.12312 
77.243399976  4.12048 
77.292899991  4.11785 
77.342400006  4.11522 
77.391900022  4.11258 
77.441500523  4.10995 
77.491000538  4.10733 
77.540500553  4.1047 
77.590000569  4.10208 
77.639599748  4.09946 
77.689099763  4.09685 
77.738599778  4.09424 
77.788099793  4.09164 
77.837700295  4.08903 
77.88720031  4.08643 
77.936700325  4.08384 
77.98620034  4.08124 
78.03579952  4.07865 
78.085299535  4.07606 
78.13479955  4.07348 
78.184299565  4.0709 
78.233900067  4.06834 
78.283400082  4.06577 
78.332900097  4.0632 
78.382400112  4.06063 
78.432000613  4.05806 
78.481500629  4.0555 
78.531000644  4.05295 
78.580500659  4.05039 
78.630099838  4.04784 
78.679599854  4.04529 
78.729099869  4.04275 
78.778599884  4.04021 
78.828200385  4.03767 
78.8777004  4.03513 
78.927200416  4.0326 
78.976700431  4.03007 
79.02629961  4.02754 
79.075799625  4.02502 
79.12529964  4.02251 
79.174799656  4.02001 
79.224400157  4.01749 
79.273900172  4.01498 
79.323400187  4.01247 
79.372900203  4.00997 
79.422499382  4.00747 
79.471999397  4.00497 
79.521499412  4.00248 
79.570999427  3.99999 
79.620599929  3.9975 
79.670099944  3.99501 
79.719599959  3.99253 
79.769099974  3.99006 
79.818700476  3.98758 
79.868200491  3.9851 
79.917700506  3.98264 
79.967200521  3.98017 
80.016799701  3.9777 
80.066299716  3.97524 
80.115799731  3.9728 
80.165299746  3.97035 
80.214900248  3.9679 
80.264400263  3.96545 
80.313900278  3.963 
80.363400293  3.96056 
80.412999472  3.95812 
80.462499488  3.95569 
80.511999503  3.95325 
80.561499518  3.95082 
80.611100019  3.94839 
80.660600035  3.94597 
80.71010005  3.94355 
80.759600065  3.94113 
80.809200566  3.93871 
80.858700582  3.9363 
80.908200597  3.93389 
80.957700612  3.93149 
81.007299791  3.92908 
81.056799806  3.92668 
81.106299822  3.9243 
81.155799837  3.92191 
81.205400338  3.91951 
81.254900353  3.91712 
81.304400369  3.91474 
81.353900384  3.91236 
81.403499563  3.90997 
81.452999578  3.9076 
81.502499593  3.90522 
81.551999609  3.90285 
81.60160011  3.90048 
81.651100125  3.89812 
81.70060014  3.89576 
81.750100156  3.8934 
81.799600171  3.89104 
81.84919935  3.88868 
81.898699365  3.88633 
81.94819938  3.88398 
81.997699396  3.88164 
82.047299897  3.87929 
82.096799912  3.87695 
82.146299927  3.87463 
82.195799943  3.8723 
82.245400444  3.86996 
82.294900459  3.86764 
82.344400474  3.86531 
82.39390049  3.86299 
82.443499669  3.86067 
82.492999684  3.85835 
82.542499699  3.85603 
82.591999714  3.85372 
82.641600216  3.85141 
82.691100231  3.84911 
82.740600246  3.8468 
82.790100261  3.8445 
82.839699441  3.8422 
82.889199456  3.83991 
82.938699471  3.83761 
82.988199486  3.83533 
83.037799988  3.83303 
83.087300003  3.83075 
83.136800018  3.82847 
83.186300033  3.82621 
83.235900535  3.82393 
83.28540055  3.82165 
83.334900565  3.81938 
83.38440058  3.81712 
83.433999759  3.81485 
83.483499775  3.81259 
83.53299979  3.81033 
83.582499805  3.80807 
83.632100306  3.80581 
83.681600322  3.80356 
83.731100337  3.80131 
83.780600352  3.79907 
83.830199531  3.79682 
83.879699546  3.79458 
83.929199562  3.79234 
83.978699577  3.7901 
84.028300078  3.78787 
84.077800093  3.78564 
84.127300109  3.78341 
84.176800124  3.78118 
84.226400625  3.77897 
84.27590064  3.77675 
84.325400656  3.77453 
84.374899349  3.77232 
84.42449985  3.7701 
84.473999865  3.76789 
84.52349988  3.76569 
84.572999896  3.76348 
84.622600397  3.76128 
84.672100412  3.75908 
84.721600427  3.75688 
84.771100443  3.75469 
84.820699622  3.75249 
84.870199637  3.75031 
84.919699652  3.74812 
84.969199667  3.74594 
85.018800169  3.74375 
85.068300184  3.74157 
85.117800199  3.7394 
85.167300214  3.73722 
85.216899394  3.73505 
85.266399409  3.73288 
85.315899424  3.73073 
85.365399439  3.72856 
85.414999941  3.7264 
85.464499956  3.72424 
85.513999971  3.72208 
85.563499986  3.71993 
85.613100487  3.71778 
85.662600503  3.71563 
85.712100518  3.71348 
85.761600533  3.71134 
85.811199712  3.70919 
85.860699727  3.70706 
85.910199743  3.70492 
85.959699758  3.70279 
86.009300259  3.70065 
86.058800274  3.69852 
86.10830029  3.6964 
86.157800305  3.69427 
86.207399484  3.69215 
86.256899499  3.69003 
86.306399514  3.68791 
86.35589953  3.6858 
86.405500031  3.68368 
86.455000046  3.68159 
86.504500061  3.67948 
86.554000077  3.67738 
86.603600578  3.67527 
86.653100593  3.67317 
86.702600608  3.67107 
86.752100624  3.66898 
86.801699803  3.66688 
86.851199818  3.66479 
86.900699833  3.6627 
86.950199848  3.66062 
86.999699864  3.65854 
87.049300365  3.65645 
87.09880038  3.65437 
87.148300395  3.6523 
87.197800411  3.65022 
87.24739959  3.64815 
87.296899605  3.64608 
87.34639962  3.64401 
87.395899635  3.64195 
87.445500137  3.63989 
87.495000152  3.63783 
87.544500167  3.63577 
87.594000182  3.63371 
87.643599362  3.63167 
87.693099377  3.62962 
87.742599392  3.62757 
87.792099407  3.62553 
87.841699909  3.62348 
87.891199924  3.62144 
87.940699939  3.6194 
87.990199954  3.61737 
88.039800456  3.61533 
88.089300471  3.6133 
88.138800486  3.61127 
88.188300501  3.60924 
88.23789968  3.60721 
88.287399696  3.60519 
88.336899711  3.60317 
88.386399726  3.60115 
88.436000227  3.59913 
88.485500243  3.59712 
88.535000258  3.59511 
88.584500273  3.5931 
88.634099452  3.59109 
88.683599467  3.58908 
88.733099483  3.58708 
88.782599498  3.58508 
88.832199999  3.58309 
88.881700014  3.5811 
88.93120003  3.5791 
88.980700045  3.57711 
89.030300546  3.57512 
89.079800561  3.57313 
89.129300577  3.57115 
89.178800592  3.56917 
89.228399771  3.56718 
89.277899786  3.5652 
89.327399801  3.56323 
89.376899817  3.56126 
89.426500318  3.55928 
89.476000333  3.55731 
89.525500348  3.55534 
89.575000364  3.55338 
89.624599543  3.55141 
89.674099558  3.54945 
89.723599573  3.54749 
89.773099588  3.54554 
89.82270009  3.54358 
89.872200105  3.54163 
89.92170012  3.53968 
89.971200135  3.53773 
90.020800637  3.5358 
90.070300652  3.53385 
90.119799345  3.53191 
90.16929936  3.52997 
90.218899862  3.52803 
90.268399877  3.5261 
90.317899892  3.52416 
90.367399907  3.52223 
90.417000409  3.5203 
90.466500424  3.51838 
90.516000439  3.51645 
90.565500454  3.51453 
90.615099633  3.51261 
90.664599649  3.51069 
90.714099664  3.50877 
90.763599679  3.50686 
90.81320018  3.50494 
90.862700196  3.50303 
90.912200211  3.50113 
90.961700226  3.49922 
91.011299405  3.49731 
91.06079942  3.49541 
91.110299436  3.49351 
91.159799451  3.49162 
91.209399952  3.48972 
91.258899967  3.48784 
91.308399983  3.48595 
91.357899998  3.48406 
91.407500499  3.48217 
91.457000514  3.48028 
91.50650053  3.4784 
91.556000545  3.47652 
91.605599724  3.47464 
91.655099739  3.47276 
91.704599754  3.47089 
91.75409977  3.46902 
91.803700271  3.46714 
91.853200286  3.46527 
91.902700301  3.46341 
91.952200317  3.46154 
92.001799496  3.45968 
92.051299511  3.45782 
92.100799526  3.45596 
92.150299541  3.4541 
92.199799557  3.45225 
92.249400058  3.45039 
92.298900073  3.44854 
92.348400088  3.44669 
92.397900104  3.44484 
92.447500605  3.443 
92.49700062  3.44115 
92.546500635  3.43931 
92.596000651  3.43749 
92.64559983  3.43565 
92.695099845  3.43381 
92.74459986  3.43198 
92.794099875  3.43015 
92.843700377  3.42832 
92.893200392  3.42649 
92.942700407  3.42466 
92.992200422  3.42284 
93.041799601  3.42102 
93.091299617  3.4192 
93.140799632  3.41738 
93.190299647  3.41557 
93.239900148  3.41375 
93.289400164  3.41194 
93.338900179  3.41013 
93.388400194  3.40832 
93.437999373  3.40651 
93.487499388  3.40471 
93.536999404  3.40291 
93.586499419  3.40111 
93.63609992  3.3993 
93.685599935  3.39751 
93.735099951  3.39571 
93.784599966  3.39392 
93.834200467  3.39213 
93.883700482  3.39035 
93.933200498  3.38857 
93.982700513  3.38678 
94.032299692  3.38499 
94.081799707  3.38321 
94.131299722  3.38143 
94.180799738  3.37966 
94.230400239  3.37788 
94.279900254  3.3761 
94.329400269  3.37433 
94.378900285  3.37256 
94.428499464  3.37079 
94.477999479  3.36903 
94.527499494  3.36726 
94.576999509  3.3655 
94.626600011  3.36373 
94.676100026  3.36198 
94.725600041  3.36022 
94.775100056  3.35846 
94.824700558  3.35671 
94.874200573  3.35496 
94.923700588  3.35321 
94.973200603  3.35146 
95.022799783  3.34971 
95.072299798  3.34797 
95.121799813  3.34622 
95.171299828  3.34448 
95.22090033  3.34274 
95.270400345  3.34102 
95.31990036  3.33928 
95.369400375  3.33755 
95.418999554  3.33581 
95.46849957  3.33408 
95.517999585  3.33236 
95.5674996  3.33063 
95.617100101  3.3289 
95.666600117  3.32718 
95.716100132  3.32546 
95.765600147  3.32374 
95.815200648  3.32202 
95.864699341  3.3203 
95.914199357  3.31859 
95.963699372  3.31688 
96.013299873  3.31517 
96.062799888  3.31346 
96.112299904  3.31175 
96.161799919  3.31005 
96.21140042  3.30834 
96.260900435  3.30664 
96.310400451  3.30494 
96.359900466  3.30324 
96.409499645  3.30154 
96.45899966  3.29985 
96.508499675  3.29816 
96.557999691  3.29646 
96.607600192  3.29477 
96.657100207  3.2931 
96.706600222  3.29141 
96.756100238  3.28973 
96.805699417  3.28804 
96.855199432  3.28636 
96.904699447  3.28468 
96.954199462  3.28301 
97.003799964  3.28133 
97.053299979  3.27965 
97.102799994  3.27798 
97.152300009  3.27631 
97.201900511  3.27464 
97.251400526  3.27297 
97.300900541  3.27131 
97.350400556  3.26964 
97.399900572  3.26798 
97.449499751  3.26632 
97.498999766  3.26466 
97.548499781  3.263 
97.597999796  3.26135 
97.647600298  3.25969 
97.697100313  3.25804 
97.746600328  3.25639 
97.796100343  3.25474 
97.845699523  3.25309 
97.895199538  3.25145 
97.944699553  3.24981 
97.994199568  3.24816 
98.04380007  3.24652 
98.093300085  3.24489 
98.1428001  3.24326 
98.192300115  3.24162 
98.241900617  3.23999 
98.291400632  3.23835 
98.340900647  3.23672 
98.39039934  3.2351 
98.439999841  3.23347 
98.489499857  3.23184 
98.538999872  3.23022 
98.588499887  3.2286 
98.638100388  3.22697 
98.687600404  3.22535 
98.737100419  3.22374 
98.786600434  3.22212 
98.836199613  3.2205 
98.885699628  3.21889 
98.935199644  3.21728 
98.984699659  3.21567 
99.03430016  3.21406 
99.083800175  3.21246 
99.133300191  3.21085 
99.182800206  3.20925 
99.232399385  3.20765 
99.2818994  3.20605 
99.331399415  3.20445 
99.380899431  3.20285 
99.430499932  3.20126 
99.479999947  3.19966 
99.529499962  3.19807 
99.578999978  3.19648 
99.628600479  3.1949 
99.678100494  3.19332 
99.727600509  3.19173 
99.777100525  3.19015 
99.826699704  3.18856 
99.876199719  3.18698 
99.925699734  3.1854 
99.975199749  3.18383 
100.0249999  3.18224 
