# Generated by Dust Drift Simulation (Date: Jan 23 2026 08:54:11)
# Initial particle distribution
#--------------------------------------------------------------------------
# Index Radius_AU       RepMass_Pop1_Msun    RepMass_Pop2_Msun    MaxPartSize_cm  MicroSize_cm   
#--------------------------------------------------------------------------
0     1.000000e+00    8.72315560147e-09    1.53938040026e-09    1.771578e+00    1.000000e-02   
1     1.049049e+00    8.93452599175e-09    1.57668105737e-09    1.858920e+00    1.000000e-02   
2     1.098098e+00    9.1410101054e-09     1.61311943036e-09    1.258426e+00    1.000000e-02   
3     1.147147e+00    9.34293191652e-09    1.64875269115e-09    1.279957e+00    1.000000e-02   
4     1.196196e+00    9.54058110633e-09    1.68363195994e-09    1.259465e+00    1.000000e-02   
5     1.245245e+00    9.73421793963e-09    1.71780316582e-09    1.277090e+00    1.000000e-02   
6     1.294294e+00    9.92407728437e-09    1.75130775606e-09    1.260277e+00    1.000000e-02   
7     1.343343e+00    1.01103719514e-08    1.78418328554e-09    1.274974e+00    1.000000e-02   
8     1.392392e+00    1.02932954901e-08    1.81646391001e-09    1.260924e+00    1.000000e-02   
9     1.441441e+00    1.04730245438e-08    1.84818080185e-09    1.273368e+00    1.000000e-02   
10    1.490490e+00    1.06497208482e-08    1.87936250263e-09    1.261448e+00    1.000000e-02   
11    1.539540e+00    1.0823532935e-08     1.91003522382e-09    1.261673e+00    1.000000e-02   
12    1.588589e+00    1.09945975936e-08    1.94022310475e-09    1.261877e+00    1.000000e-02   
13    1.637638e+00    1.11630411311e-08    1.9699484349e-09     1.262064e+00    1.000000e-02   
14    1.686687e+00    1.13289804636e-08    1.99923184651e-09    1.270716e+00    1.000000e-02   
15    1.735736e+00    1.14925240654e-08    2.02809248213e-09    1.262391e+00    1.000000e-02   
16    1.784785e+00    1.16537727987e-08    2.05654814095e-09    1.262534e+00    1.000000e-02   
17    1.833834e+00    1.18128206409e-08    2.08461540721e-09    1.262666e+00    1.000000e-02   
18    1.882883e+00    1.19697553251e-08    2.11230976326e-09    1.269410e+00    1.000000e-02   
19    1.931932e+00    1.21246589063e-08    2.13964568934e-09    1.262901e+00    1.000000e-02   
20    1.980981e+00    1.22776082623e-08    2.16663675217e-09    1.263006e+00    1.000000e-02   
21    2.030030e+00    1.24286755406e-08    2.19329568363e-09    1.263103e+00    1.000000e-02   
22    2.079079e+00    1.25779285553e-08    2.21963445094e-09    1.263193e+00    1.000000e-02   
23    2.128128e+00    1.27254311437e-08    2.24566431947e-09    1.268324e+00    1.000000e-02   
24    2.177177e+00    1.28712434847e-08    2.27139590906e-09    1.263356e+00    1.000000e-02   
25    2.226226e+00    1.30154223862e-08    2.29683924463e-09    1.263429e+00    1.000000e-02   
26    2.275275e+00    1.31580215436e-08    2.32200380181e-09    1.263498e+00    1.000000e-02   
27    2.324324e+00    1.32990917732e-08    2.34689854821e-09    1.263562e+00    1.000000e-02   
28    2.373373e+00    1.3438681224e-08     2.37153198071e-09    1.267598e+00    1.000000e-02   
29    2.422422e+00    1.35768355699e-08    2.39591215939e-09    1.263680e+00    1.000000e-02   
30    2.471471e+00    1.37135981836e-08    2.42004673828e-09    1.263733e+00    1.000000e-02   
31    2.520521e+00    1.38490102964e-08    2.44394299349e-09    1.267272e+00    1.000000e-02   
32    2.569570e+00    1.39831111431e-08    2.46760784878e-09    1.263831e+00    1.000000e-02   
33    2.618619e+00    1.41159380946e-08    2.49104789904e-09    1.263876e+00    1.000000e-02   
34    2.667668e+00    1.42475267798e-08    2.51426943172e-09    1.263918e+00    1.000000e-02   
35    2.716717e+00    1.4377911197e-08     2.53727844653e-09    1.263958e+00    1.000000e-02   
36    2.765766e+00    1.45071238169e-08    2.56008067357e-09    1.266852e+00    1.000000e-02   
37    2.814815e+00    1.46351956765e-08    2.58268158997e-09    1.264033e+00    1.000000e-02   
38    2.863864e+00    1.47621564664e-08    2.60508643525e-09    1.264067e+00    1.000000e-02   
39    2.912913e+00    1.48880346113e-08    2.62730022553e-09    1.264099e+00    1.000000e-02   
40    2.961962e+00    1.50128573442e-08    2.64932776663e-09    1.264130e+00    1.000000e-02   
41    3.011011e+00    1.51366507751e-08    2.6711736662e-09     1.264160e+00    1.000000e-02   
42    3.060060e+00    1.52594399549e-08    2.69284234499e-09    1.264188e+00    1.000000e-02   
43    3.109109e+00    1.53812489346e-08    2.71433804728e-09    1.264214e+00    1.000000e-02   
44    3.158158e+00    1.55021008201e-08    2.73566485061e-09    1.264240e+00    1.000000e-02   
45    3.207207e+00    1.56220178238e-08    2.75682667479e-09    1.264264e+00    1.000000e-02   
46    3.256256e+00    1.57410213118e-08    2.77782729031e-09    1.264287e+00    1.000000e-02   
47    3.305305e+00    1.58591318485e-08    2.7986703262e-09     1.264309e+00    1.000000e-02   
48    3.354354e+00    1.59763692382e-08    2.81935927734e-09    1.264331e+00    1.000000e-02   
49    3.403403e+00    1.6092752564e-08     2.8398975113e-09     1.264351e+00    1.000000e-02   
50    3.452452e+00    1.62083002235e-08    2.86028827474e-09    1.264370e+00    1.000000e-02   
51    3.501502e+00    1.63230299634e-08    2.88053469942e-09    1.264389e+00    1.000000e-02   
52    3.550551e+00    1.64369589108e-08    2.90063980779e-09    1.264407e+00    1.000000e-02   
53    3.599600e+00    1.65501036035e-08    2.92060651826e-09    1.264424e+00    1.000000e-02   
54    3.648649e+00    1.66624800175e-08    2.94043765016e-09    1.264441e+00    1.000000e-02   
55    3.697698e+00    1.67741035941e-08    2.96013592837e-09    1.264456e+00    1.000000e-02   
56    3.746747e+00    1.68849892637e-08    2.97970398771e-09    1.264472e+00    1.000000e-02   
57    3.795796e+00    1.69951514699e-08    2.99914437704e-09    1.264486e+00    1.000000e-02   
58    3.844845e+00    1.71046041911e-08    3.01845956314e-09    1.264500e+00    1.000000e-02   
59    3.893894e+00    1.72133609613e-08    3.03765193435e-09    1.264514e+00    1.000000e-02   
60    3.942943e+00    1.73214348896e-08    3.05672380404e-09    1.264527e+00    1.000000e-02   
61    3.991992e+00    1.74288386786e-08    3.07567741387e-09    1.264539e+00    1.000000e-02   
62    4.041041e+00    1.75355846419e-08    3.09451493681e-09    1.265829e+00    1.000000e-02   
63    4.090090e+00    1.76416847207e-08    3.11323848012e-09    1.264563e+00    1.000000e-02   
64    4.139139e+00    1.7747150499e-08     3.13185008805e-09    1.264574e+00    1.000000e-02   
65    4.188188e+00    1.78519932188e-08    3.15035174449e-09    1.264585e+00    1.000000e-02   
66    4.237237e+00    1.79562237938e-08    3.16874537537e-09    1.264596e+00    1.000000e-02   
67    4.286286e+00    1.80598528228e-08    3.18703285109e-09    1.264606e+00    1.000000e-02   
68    4.335335e+00    1.81628906023e-08    3.20521598865e-09    1.264616e+00    1.000000e-02   
69    4.384384e+00    1.82653471383e-08    3.22329655381e-09    1.264625e+00    1.000000e-02   
70    4.433433e+00    1.83672321576e-08    3.24127626311e-09    1.264634e+00    1.000000e-02   
71    4.482482e+00    1.84685551189e-08    3.2591567857e-09     1.264643e+00    1.000000e-02   
72    4.531532e+00    1.85693252228e-08    3.2769397452e-09     1.265657e+00    1.000000e-02   
73    4.580581e+00    1.86695514215e-08    3.29462672145e-09    1.264660e+00    1.000000e-02   
74    4.629630e+00    1.87692424283e-08    3.31221925205e-09    1.264668e+00    1.000000e-02   
75    4.678679e+00    1.88684067261e-08    3.32971883401e-09    1.264676e+00    1.000000e-02   
76    4.727728e+00    1.89670525762e-08    3.34712692522e-09    1.264683e+00    1.000000e-02   
77    4.776777e+00    1.90651880263e-08    3.36444494583e-09    1.265591e+00    1.000000e-02   
78    4.825826e+00    1.91628209179e-08    3.38167427962e-09    1.264698e+00    1.000000e-02   
79    4.874875e+00    1.92599588935e-08    3.39881627532e-09    1.264704e+00    1.000000e-02   
80    4.923924e+00    1.93566094043e-08    3.41587224781e-09    1.264711e+00    1.000000e-02   
81    4.972973e+00    1.9452779716e-08     3.43284347929e-09    1.264718e+00    1.000000e-02   
82    5.022022e+00    1.95484769158e-08    3.44973122044e-09    1.264724e+00    1.000000e-02   
83    5.071071e+00    1.96437079183e-08    3.46653669146e-09    1.264730e+00    1.000000e-02   
84    5.120120e+00    1.9738479471e-08     3.48326108312e-09    1.264736e+00    1.000000e-02   
85    5.169169e+00    1.98327981606e-08    3.49990555775e-09    1.264742e+00    1.000000e-02   
86    5.218218e+00    1.99266704175e-08    3.51647125015e-09    1.264747e+00    1.000000e-02   
87    5.267267e+00    2.00201025217e-08    3.53295926853e-09    1.264753e+00    1.000000e-02   
88    5.316316e+00    2.0113100607e-08     3.54937069535e-09    1.264758e+00    1.000000e-02   
89    5.365365e+00    2.02056706664e-08    3.56570658818e-09    1.264763e+00    1.000000e-02   
90    5.414414e+00    2.02978185559e-08    3.58196798045e-09    1.264768e+00    1.000000e-02   
91    5.463463e+00    2.03895499994e-08    3.59815588224e-09    1.264773e+00    1.000000e-02   
92    5.512513e+00    2.04808705925e-08    3.61427128103e-09    1.264778e+00    1.000000e-02   
93    5.561562e+00    2.05717858067e-08    3.63031514236e-09    1.264782e+00    1.000000e-02   
94    5.610611e+00    2.0662300993e-08     3.64628841053e-09    1.264787e+00    1.000000e-02   
95    5.659660e+00    2.07524213858e-08    3.66219200927e-09    1.264791e+00    1.000000e-02   
96    5.708709e+00    2.08421521064e-08    3.6780268423e-09     1.264795e+00    1.000000e-02   
97    5.757758e+00    2.09314981661e-08    3.69379379401e-09    1.264800e+00    1.000000e-02   
98    5.806807e+00    2.10204644698e-08    3.70949372996e-09    1.264804e+00    1.000000e-02   
99    5.855856e+00    2.11090558191e-08    3.72512749749e-09    1.264808e+00    1.000000e-02   
100   5.904905e+00    2.11972769153e-08    3.74069592623e-09    1.264811e+00    1.000000e-02   
101   5.953954e+00    2.12851323622e-08    3.75619982862e-09    1.264815e+00    1.000000e-02   
102   6.003003e+00    2.13726266688e-08    3.77164000038e-09    1.264819e+00    1.000000e-02   
103   6.052052e+00    2.14597642525e-08    3.78701722103e-09    1.264822e+00    1.000000e-02   
104   6.101101e+00    2.15465494412e-08    3.80233225434e-09    1.264826e+00    1.000000e-02   
105   6.150150e+00    2.16329864761e-08    3.81758584872e-09    1.264829e+00    1.000000e-02   
106   6.199199e+00    2.17190795137e-08    3.83277873772e-09    1.264833e+00    1.000000e-02   
107   6.248248e+00    2.18048326289e-08    3.84791164039e-09    1.264836e+00    1.000000e-02   
108   6.297297e+00    2.18902498164e-08    3.86298526171e-09    1.264839e+00    1.000000e-02   
109   6.346346e+00    2.19753349934e-08    3.87800029296e-09    1.264842e+00    1.000000e-02   
110   6.395395e+00    2.20600920017e-08    3.89295741206e-09    1.264845e+00    1.000000e-02   
111   6.444444e+00    2.21445246093e-08    3.907857284e-09      1.264848e+00    1.000000e-02   
112   6.493493e+00    2.22286365129e-08    3.9227005611e-09     1.264851e+00    1.000000e-02   
113   6.542543e+00    2.23124313393e-08    3.93748788341e-09    1.264854e+00    1.000000e-02   
114   6.591592e+00    2.23959126477e-08    3.952219879e-09      1.264857e+00    1.000000e-02   
115   6.640641e+00    2.24790839309e-08    3.96689716427e-09    1.264859e+00    1.000000e-02   
116   6.689690e+00    2.25619486176e-08    3.98152034427e-09    1.264862e+00    1.000000e-02   
117   6.738739e+00    2.26445100735e-08    3.99609001298e-09    1.264865e+00    1.000000e-02   
118   6.787788e+00    2.27267716036e-08    4.01060675357e-09    1.264867e+00    1.000000e-02   
119   6.836837e+00    2.28087364527e-08    4.02507113872e-09    1.264870e+00    1.000000e-02   
120   6.885886e+00    2.28904078081e-08    4.03948373084e-09    1.264872e+00    1.000000e-02   
121   6.934935e+00    2.29717888e-08       4.05384508235e-09    1.264874e+00    1.000000e-02   
122   6.983984e+00    2.30528825035e-08    4.06815573591e-09    1.264877e+00    1.000000e-02   
123   7.033033e+00    2.31336919399e-08    4.08241622469e-09    1.264879e+00    1.000000e-02   
124   7.082082e+00    2.32142200778e-08    4.09662707255e-09    1.264881e+00    1.000000e-02   
125   7.131131e+00    2.32944698345e-08    4.11078879432e-09    1.264883e+00    1.000000e-02   
126   7.180180e+00    2.33744440772e-08    4.12490189598e-09    1.264886e+00    1.000000e-02   
127   7.229229e+00    2.34541456244e-08    4.13896687489e-09    1.264888e+00    1.000000e-02   
128   7.278278e+00    2.35335772465e-08    4.15298421998e-09    1.264890e+00    1.000000e-02   
129   7.327327e+00    2.36127416678e-08    4.16695441196e-09    1.264892e+00    1.000000e-02   
130   7.376376e+00    2.36916415666e-08    4.18087792351e-09    1.264894e+00    1.000000e-02   
131   7.425425e+00    2.3770279577e-08     4.19475521947e-09    1.264896e+00    1.000000e-02   
132   7.474474e+00    2.38486582897e-08    4.208586757e-09      1.264898e+00    1.000000e-02   
133   7.523524e+00    2.39267802528e-08    4.22237298579e-09    1.264899e+00    1.000000e-02   
134   7.572573e+00    2.40046479732e-08    4.23611434821e-09    1.264901e+00    1.000000e-02   
135   7.621622e+00    2.4082263917e-08     4.24981127947e-09    1.264903e+00    1.000000e-02   
136   7.670671e+00    2.41596305108e-08    4.26346420778e-09    1.264905e+00    1.000000e-02   
137   7.719720e+00    2.42367501424e-08    4.27707355455e-09    1.264907e+00    1.000000e-02   
138   7.768769e+00    2.4313625162e-08     4.29063973446e-09    1.264908e+00    1.000000e-02   
139   7.817818e+00    2.43902578823e-08    4.3041631557e-09     1.264910e+00    1.000000e-02   
140   7.866867e+00    2.44666505802e-08    4.31764422004e-09    1.264911e+00    1.000000e-02   
141   7.915916e+00    2.4542805497e-08     4.33108332301e-09    1.264913e+00    1.000000e-02   
142   7.964965e+00    2.46187248393e-08    4.344480854e-09      1.264915e+00    1.000000e-02   
143   8.014014e+00    2.46944107799e-08    4.35783719645e-09    1.264916e+00    1.000000e-02   
144   8.063063e+00    2.47698654581e-08    4.37115272791e-09    1.265224e+00    1.000000e-02   
145   8.112112e+00    2.48450909812e-08    4.38442782021e-09    1.264919e+00    1.000000e-02   
146   8.161161e+00    2.49200894243e-08    4.39766283958e-09    1.264921e+00    1.000000e-02   
147   8.210210e+00    2.49948628315e-08    4.41085814673e-09    1.264922e+00    1.000000e-02   
148   8.259259e+00    2.50694132164e-08    4.42401409701e-09    1.264923e+00    1.000000e-02   
149   8.308308e+00    2.51437425628e-08    4.43713104049e-09    1.264925e+00    1.000000e-02   
150   8.357357e+00    2.52178528252e-08    4.45020932209e-09    1.264926e+00    1.000000e-02   
151   8.406406e+00    2.52917459295e-08    4.46324928168e-09    1.264928e+00    1.000000e-02   
152   8.455455e+00    2.53654237736e-08    4.47625125416e-09    1.264929e+00    1.000000e-02   
153   8.504505e+00    2.54388882277e-08    4.4892155696e-09     1.264930e+00    1.000000e-02   
154   8.553554e+00    2.55121411354e-08    4.50214255331e-09    1.265203e+00    1.000000e-02   
155   8.602603e+00    2.55851843136e-08    4.51503252593e-09    1.264933e+00    1.000000e-02   
156   8.651652e+00    2.56580195536e-08    4.52788580357e-09    1.264934e+00    1.000000e-02   
157   8.700701e+00    2.57306486211e-08    4.54070269784e-09    1.264935e+00    1.000000e-02   
158   8.749750e+00    2.58030732571e-08    4.55348351596e-09    1.264936e+00    1.000000e-02   
159   8.798799e+00    2.58752951782e-08    4.56622856087e-09    1.264937e+00    1.000000e-02   
160   8.847848e+00    2.59473160772e-08    4.57893813127e-09    1.264939e+00    1.000000e-02   
161   8.896897e+00    2.60191376233e-08    4.59161252176e-09    1.264940e+00    1.000000e-02   
162   8.945946e+00    2.60907614628e-08    4.60425202285e-09    1.264941e+00    1.000000e-02   
163   8.994995e+00    2.61621892196e-08    4.6168569211e-09     1.264942e+00    1.000000e-02   
164   9.044044e+00    2.62334224952e-08    4.62942749915e-09    1.264943e+00    1.000000e-02   
165   9.093093e+00    2.63044628696e-08    4.64196403582e-09    1.264944e+00    1.000000e-02   
166   9.142142e+00    2.63753119017e-08    4.65446680618e-09    1.264945e+00    1.000000e-02   
167   9.191191e+00    2.64459711291e-08    4.6669360816e-09     1.264946e+00    1.000000e-02   
168   9.240240e+00    2.65164420692e-08    4.67937212986e-09    1.264947e+00    1.000000e-02   
169   9.289289e+00    2.65867262193e-08    4.69177521517e-09    1.264948e+00    1.000000e-02   
170   9.338338e+00    2.66568250568e-08    4.70414559826e-09    1.264949e+00    1.000000e-02   
171   9.387387e+00    2.67267400399e-08    4.71648353645e-09    1.264950e+00    1.000000e-02   
172   9.436436e+00    2.67964726076e-08    4.72878928369e-09    1.264951e+00    1.000000e-02   
173   9.485485e+00    2.68660241803e-08    4.74106309065e-09    1.264952e+00    1.000000e-02   
174   9.534535e+00    2.69353961602e-08    4.75330520474e-09    1.264953e+00    1.000000e-02   
175   9.583584e+00    2.70045899313e-08    4.76551587023e-09    1.264954e+00    1.000000e-02   
176   9.632633e+00    2.707360686e-08      4.77769532823e-09    1.264954e+00    1.000000e-02   
177   9.681682e+00    2.71424482952e-08    4.7898438168e-09     1.264955e+00    1.000000e-02   
178   9.730731e+00    2.7211115569e-08     4.80196157099e-09    1.264956e+00    1.000000e-02   
179   9.779780e+00    2.72796099964e-08    4.8140488229e-09     1.264957e+00    1.000000e-02   
180   9.828829e+00    2.73479328763e-08    4.8261058017e-09     1.264958e+00    1.000000e-02   
181   9.877878e+00    2.74160854911e-08    4.83813273373e-09    1.264959e+00    1.000000e-02   
182   9.926927e+00    2.74840691075e-08    4.8501298425e-09     1.264959e+00    1.000000e-02   
183   9.975976e+00    2.75518849765e-08    4.86209734879e-09    1.264960e+00    1.000000e-02   
184   1.002503e+01    2.76195343336e-08    4.87403547064e-09    1.264961e+00    1.000000e-02   
185   1.007407e+01    2.76870183995e-08    4.88594442345e-09    1.264962e+00    1.000000e-02   
186   1.012312e+01    2.77543383799e-08    4.89782441998e-09    1.264963e+00    1.000000e-02   
187   1.017217e+01    2.78214954658e-08    4.90967567044e-09    1.264963e+00    1.000000e-02   
188   1.022122e+01    2.78884908341e-08    4.92149838249e-09    1.264964e+00    1.000000e-02   
189   1.027027e+01    2.79553256474e-08    4.93329276131e-09    1.264965e+00    1.000000e-02   
190   1.031932e+01    2.80220010546e-08    4.94505900964e-09    1.264966e+00    1.000000e-02   
191   1.036837e+01    2.80885181908e-08    4.95679732779e-09    1.264966e+00    1.000000e-02   
192   1.041742e+01    2.81548781777e-08    4.96850791372e-09    1.264967e+00    1.000000e-02   
193   1.046647e+01    2.82210821241e-08    4.98019096307e-09    1.264968e+00    1.000000e-02   
194   1.051552e+01    2.82871311254e-08    4.99184666918e-09    1.264968e+00    1.000000e-02   
195   1.056456e+01    2.83530262645e-08    5.00347522314e-09    1.264969e+00    1.000000e-02   
196   1.061361e+01    2.84187686117e-08    5.01507681382e-09    1.264970e+00    1.000000e-02   
197   1.066266e+01    2.84843592249e-08    5.02665162792e-09    1.264970e+00    1.000000e-02   
198   1.071171e+01    2.854979915e-08      5.03819984999e-09    1.264971e+00    1.000000e-02   
199   1.076076e+01    2.86150894207e-08    5.04972166247e-09    1.264972e+00    1.000000e-02   
200   1.080981e+01    2.86802310591e-08    5.06121724572e-09    1.264972e+00    1.000000e-02   
201   1.085886e+01    2.87452250757e-08    5.07268677806e-09    1.264973e+00    1.000000e-02   
202   1.090791e+01    2.88100724696e-08    5.08413043581e-09    1.264973e+00    1.000000e-02   
203   1.095696e+01    2.88747742286e-08    5.09554839328e-09    1.264974e+00    1.000000e-02   
204   1.100601e+01    2.89393313295e-08    5.10694082286e-09    1.264975e+00    1.000000e-02   
205   1.105506e+01    2.90037447384e-08    5.11830789501e-09    1.264975e+00    1.000000e-02   
206   1.110410e+01    2.90680154104e-08    5.12964977831e-09    1.264976e+00    1.000000e-02   
207   1.115315e+01    2.91321442903e-08    5.14096663946e-09    1.264976e+00    1.000000e-02   
208   1.120220e+01    2.91961323123e-08    5.15225864336e-09    1.264977e+00    1.000000e-02   
209   1.125125e+01    2.92599804007e-08    5.16352595307e-09    1.264977e+00    1.000000e-02   
210   1.130030e+01    2.93236894694e-08    5.1747687299e-09     1.264978e+00    1.000000e-02   
211   1.134935e+01    2.93872604227e-08    5.18598713341e-09    1.264979e+00    1.000000e-02   
212   1.139840e+01    2.94506941548e-08    5.19718132143e-09    1.264979e+00    1.000000e-02   
213   1.144745e+01    2.95139915506e-08    5.20835145011e-09    1.264980e+00    1.000000e-02   
214   1.149650e+01    2.95771534854e-08    5.21949767389e-09    1.264980e+00    1.000000e-02   
215   1.154555e+01    2.96401808252e-08    5.23062014562e-09    1.264981e+00    1.000000e-02   
216   1.159459e+01    2.97030744267e-08    5.24171901648e-09    1.264981e+00    1.000000e-02   
217   1.164364e+01    2.97658351378e-08    5.25279443607e-09    1.264982e+00    1.000000e-02   
218   1.169269e+01    2.98284637972e-08    5.26384655244e-09    1.264982e+00    1.000000e-02   
219   1.174174e+01    2.98909612349e-08    5.27487551205e-09    1.264983e+00    1.000000e-02   
220   1.179079e+01    2.99533282725e-08    5.28588145985e-09    1.264983e+00    1.000000e-02   
221   1.183984e+01    3.00155657226e-08    5.29686453928e-09    1.264984e+00    1.000000e-02   
222   1.188889e+01    3.00776743898e-08    5.30782489231e-09    1.264984e+00    1.000000e-02   
223   1.193794e+01    3.01396550701e-08    5.31876265944e-09    1.264985e+00    1.000000e-02   
224   1.198699e+01    3.02015085517e-08    5.32967797971e-09    1.264985e+00    1.000000e-02   
225   1.203604e+01    3.02632356143e-08    5.34057099076e-09    1.264985e+00    1.000000e-02   
226   1.208509e+01    3.032483703e-08      5.35144182882e-09    1.264986e+00    1.000000e-02   
227   1.213413e+01    3.0386313563e-08     5.36229062876e-09    1.264986e+00    1.000000e-02   
228   1.218318e+01    3.04476659696e-08    5.37311752405e-09    1.264987e+00    1.000000e-02   
229   1.223223e+01    3.05088949988e-08    5.38392264684e-09    1.264987e+00    1.000000e-02   
230   1.228128e+01    3.05700013918e-08    5.39470612797e-09    1.264988e+00    1.000000e-02   
231   1.233033e+01    3.06309858827e-08    5.40546809694e-09    1.264988e+00    1.000000e-02   
232   1.237938e+01    3.0691849198e-08     5.41620868201e-09    1.264988e+00    1.000000e-02   
233   1.242843e+01    3.07525920573e-08    5.42692801012e-09    1.264989e+00    1.000000e-02   
234   1.247748e+01    3.08132151729e-08    5.43762620699e-09    1.264989e+00    1.000000e-02   
235   1.252653e+01    3.08737192503e-08    5.44830339711e-09    1.264990e+00    1.000000e-02   
236   1.257558e+01    3.09341049878e-08    5.45895970372e-09    1.264990e+00    1.000000e-02   
237   1.262462e+01    3.09943730771e-08    5.4695952489e-09     1.264990e+00    1.000000e-02   
238   1.267367e+01    3.10545242033e-08    5.48021015352e-09    1.264991e+00    1.000000e-02   
239   1.272272e+01    3.11145590447e-08    5.49080453729e-09    1.264991e+00    1.000000e-02   
240   1.277177e+01    3.1174478273e-08     5.50137851876e-09    1.264992e+00    1.000000e-02   
241   1.282082e+01    3.12342825537e-08    5.51193221535e-09    1.264992e+00    1.000000e-02   
242   1.286987e+01    3.12939725457e-08    5.52246574336e-09    1.264992e+00    1.000000e-02   
243   1.291892e+01    3.13535489019e-08    5.53297921798e-09    1.264993e+00    1.000000e-02   
244   1.296797e+01    3.14130122687e-08    5.5434727533e-09     1.264993e+00    1.000000e-02   
245   1.301702e+01    3.14723632866e-08    5.55394646234e-09    1.264993e+00    1.000000e-02   
246   1.306607e+01    3.153160259e-08      5.56440045705e-09    1.264994e+00    1.000000e-02   
247   1.311512e+01    3.15907308073e-08    5.57483484835e-09    1.264994e+00    1.000000e-02   
248   1.316416e+01    3.16497485613e-08    5.58524974611e-09    1.264994e+00    1.000000e-02   
249   1.321321e+01    3.17086564686e-08    5.59564525916e-09    1.264995e+00    1.000000e-02   
250   1.326226e+01    3.17674551403e-08    5.60602149535e-09    1.264995e+00    1.000000e-02   
251   1.331131e+01    3.18261451819e-08    5.61637856151e-09    1.264995e+00    1.000000e-02   
252   1.336036e+01    3.18847271933e-08    5.62671656352e-09    1.264996e+00    1.000000e-02   
253   1.340941e+01    3.19432017688e-08    5.63703560625e-09    1.264996e+00    1.000000e-02   
254   1.345846e+01    3.20015694973e-08    5.64733579364e-09    1.264996e+00    1.000000e-02   
255   1.350751e+01    3.20598309624e-08    5.65761722866e-09    1.264997e+00    1.000000e-02   
256   1.355656e+01    3.21179867425e-08    5.66788001338e-09    1.264997e+00    1.000000e-02   
257   1.360561e+01    3.21760374105e-08    5.6781242489e-09     1.264997e+00    1.000000e-02   
258   1.365465e+01    3.22339835343e-08    5.68835003546e-09    1.264998e+00    1.000000e-02   
259   1.370370e+01    3.22918256768e-08    5.69855747237e-09    1.264998e+00    1.000000e-02   
260   1.375275e+01    3.23495643957e-08    5.70874665806e-09    1.264998e+00    1.000000e-02   
261   1.380180e+01    3.24072002437e-08    5.71891769007e-09    1.264999e+00    1.000000e-02   
262   1.385085e+01    3.24647337689e-08    5.72907066511e-09    1.264999e+00    1.000000e-02   
263   1.389990e+01    3.25221655143e-08    5.73920567899e-09    1.264999e+00    1.000000e-02   
264   1.394895e+01    3.2579496018e-08     5.74932282671e-09    1.265000e+00    1.000000e-02   
265   1.399800e+01    3.26367258137e-08    5.75942220241e-09    1.265000e+00    1.000000e-02   
266   1.404705e+01    3.26938554301e-08    5.76950389944e-09    1.265000e+00    1.000000e-02   
267   1.409610e+01    3.27508853916e-08    5.77956801029e-09    1.265000e+00    1.000000e-02   
268   1.414515e+01    3.28078162179e-08    5.78961462669e-09    1.265001e+00    1.000000e-02   
269   1.419419e+01    3.2864648424e-08     5.79964383954e-09    1.265001e+00    1.000000e-02   
270   1.424324e+01    3.29213825209e-08    5.80965573898e-09    1.265001e+00    1.000000e-02   
271   1.429229e+01    3.29780190147e-08    5.81965041436e-09    1.265001e+00    1.000000e-02   
272   1.434134e+01    3.30345584076e-08    5.82962795428e-09    1.265002e+00    1.000000e-02   
273   1.439039e+01    3.30910011972e-08    5.83958844657e-09    1.265002e+00    1.000000e-02   
274   1.443944e+01    3.31473478771e-08    5.84953197831e-09    1.265002e+00    1.000000e-02   
275   1.448849e+01    3.32035989365e-08    5.85945863585e-09    1.265003e+00    1.000000e-02   
276   1.453754e+01    3.32597548606e-08    5.86936850481e-09    1.265003e+00    1.000000e-02   
277   1.458659e+01    3.33158161304e-08    5.87926167007e-09    1.265003e+00    1.000000e-02   
278   1.463564e+01    3.3371783223e-08     5.88913821583e-09    1.265003e+00    1.000000e-02   
279   1.468468e+01    3.34276566115e-08    5.89899822555e-09    1.265004e+00    1.000000e-02   
280   1.473373e+01    3.34834367648e-08    5.90884178203e-09    1.265004e+00    1.000000e-02   
281   1.478278e+01    3.35391241483e-08    5.91866896734e-09    1.265004e+00    1.000000e-02   
282   1.483183e+01    3.35947192232e-08    5.92847986291e-09    1.265004e+00    1.000000e-02   
283   1.488088e+01    3.3650222447e-08     5.93827454947e-09    1.265004e+00    1.000000e-02   
284   1.492993e+01    3.37056342736e-08    5.9480531071e-09     1.265005e+00    1.000000e-02   
285   1.497898e+01    3.37609551529e-08    5.95781561521e-09    1.265005e+00    1.000000e-02   
286   1.502803e+01    3.38161855312e-08    5.96756215257e-09    1.265005e+00    1.000000e-02   
287   1.507708e+01    3.38713258514e-08    5.97729279731e-09    1.265005e+00    1.000000e-02   
288   1.512613e+01    3.39263765525e-08    5.98700762691e-09    1.265006e+00    1.000000e-02   
289   1.517518e+01    3.39813380701e-08    5.99670671825e-09    1.265006e+00    1.000000e-02   
290   1.522422e+01    3.40362108361e-08    6.00639014755e-09    1.265006e+00    1.000000e-02   
291   1.527327e+01    3.40909952793e-08    6.01605799046e-09    1.265006e+00    1.000000e-02   
292   1.532232e+01    3.41456918246e-08    6.02571032199e-09    1.265007e+00    1.000000e-02   
293   1.537137e+01    3.42003008939e-08    6.03534721656e-09    1.265007e+00    1.000000e-02   
294   1.542042e+01    3.42548229054e-08    6.04496874801e-09    1.265007e+00    1.000000e-02   
295   1.546947e+01    3.43092582743e-08    6.05457498958e-09    1.265007e+00    1.000000e-02   
296   1.551852e+01    3.43636074122e-08    6.06416601392e-09    1.265007e+00    1.000000e-02   
297   1.556757e+01    3.44178707277e-08    6.07374189313e-09    1.265008e+00    1.000000e-02   
298   1.561662e+01    3.44720486261e-08    6.08330269872e-09    1.265008e+00    1.000000e-02   
299   1.566567e+01    3.45261415094e-08    6.09284850167e-09    1.265008e+00    1.000000e-02   
300   1.571471e+01    3.45801497767e-08    6.10237937236e-09    1.265008e+00    1.000000e-02   
301   1.576376e+01    3.46340738238e-08    6.11189538066e-09    1.265008e+00    1.000000e-02   
302   1.581281e+01    3.46879140434e-08    6.12139659589e-09    1.265009e+00    1.000000e-02   
303   1.586186e+01    3.47416708252e-08    6.13088308681e-09    1.265009e+00    1.000000e-02   
304   1.591091e+01    3.47953445561e-08    6.14035492167e-09    1.265009e+00    1.000000e-02   
305   1.595996e+01    3.48489356197e-08    6.14981216819e-09    1.265009e+00    1.000000e-02   
306   1.600901e+01    3.49024443969e-08    6.15925489357e-09    1.265009e+00    1.000000e-02   
307   1.605806e+01    3.49558712655e-08    6.16868316449e-09    1.265010e+00    1.000000e-02   
308   1.610711e+01    3.50092166005e-08    6.17809704714e-09    1.265085e+00    1.000000e-02   
309   1.615616e+01    3.5062480774e-08     6.18749660718e-09    1.265010e+00    1.000000e-02   
310   1.620521e+01    3.51156641554e-08    6.19688190978e-09    1.265010e+00    1.000000e-02   
311   1.625425e+01    3.51687671113e-08    6.20625301964e-09    1.265010e+00    1.000000e-02   
312   1.630330e+01    3.52217900053e-08    6.21561000093e-09    1.265011e+00    1.000000e-02   
313   1.635235e+01    3.52747331985e-08    6.22495291739e-09    1.265011e+00    1.000000e-02   
314   1.640140e+01    3.53275970493e-08    6.23428183223e-09    1.265011e+00    1.000000e-02   
315   1.645045e+01    3.53803819132e-08    6.24359680822e-09    1.265011e+00    1.000000e-02   
316   1.649950e+01    3.54330881434e-08    6.25289790765e-09    1.265011e+00    1.000000e-02   
317   1.654855e+01    3.54857160901e-08    6.26218519237e-09    1.265011e+00    1.000000e-02   
318   1.659760e+01    3.55382661011e-08    6.27145872373e-09    1.265012e+00    1.000000e-02   
319   1.664665e+01    3.55907385218e-08    6.28071856267e-09    1.265082e+00    1.000000e-02   
320   1.669570e+01    3.56431336947e-08    6.28996476964e-09    1.265012e+00    1.000000e-02   
321   1.674474e+01    3.56954519599e-08    6.2991974047e-09     1.265012e+00    1.000000e-02   
322   1.679379e+01    3.57476936553e-08    6.30841652741e-09    1.265012e+00    1.000000e-02   
323   1.684284e+01    3.5799859116e-08     6.31762219694e-09    1.265012e+00    1.000000e-02   
324   1.689189e+01    3.58519486747e-08    6.32681447201e-09    1.265013e+00    1.000000e-02   
325   1.694094e+01    3.59039626619e-08    6.33599341092e-09    1.265013e+00    1.000000e-02   
326   1.698999e+01    3.59559014054e-08    6.34515907154e-09    1.265013e+00    1.000000e-02   
327   1.703904e+01    3.60077652309e-08    6.35431151133e-09    1.265013e+00    1.000000e-02   
328   1.708809e+01    3.60595544617e-08    6.36345078735e-09    1.265013e+00    1.000000e-02   
329   1.713714e+01    3.61112694186e-08    6.37257695622e-09    1.265013e+00    1.000000e-02   
330   1.718619e+01    3.61629104204e-08    6.38169007419e-09    1.265014e+00    1.000000e-02   
331   1.723524e+01    3.62144777834e-08    6.39079019707e-09    1.265014e+00    1.000000e-02   
332   1.728428e+01    3.62659718217e-08    6.3998773803e-09     1.265014e+00    1.000000e-02   
333   1.733333e+01    3.63173928473e-08    6.40895167893e-09    1.265014e+00    1.000000e-02   
334   1.738238e+01    3.63687411697e-08    6.4180131476e-09     1.265014e+00    1.000000e-02   
335   1.743143e+01    3.64200170967e-08    6.42706184059e-09    1.265014e+00    1.000000e-02   
336   1.748048e+01    3.64712209334e-08    6.43609781177e-09    1.265014e+00    1.000000e-02   
337   1.752953e+01    3.65223529831e-08    6.44512111466e-09    1.265015e+00    1.000000e-02   
338   1.757858e+01    3.65734135469e-08    6.45413180239e-09    1.265015e+00    1.000000e-02   
339   1.762763e+01    3.66244029237e-08    6.46312992772e-09    1.265015e+00    1.000000e-02   
340   1.767668e+01    3.66753214106e-08    6.47211554305e-09    1.265015e+00    1.000000e-02   
341   1.772573e+01    3.67261693023e-08    6.4810887004e-09     1.265015e+00    1.000000e-02   
342   1.777477e+01    3.67769468916e-08    6.49004945146e-09    1.265015e+00    1.000000e-02   
343   1.782382e+01    3.68276544694e-08    6.49899784755e-09    1.265015e+00    1.000000e-02   
344   1.787287e+01    3.68782923245e-08    6.50793393961e-09    1.265016e+00    1.000000e-02   
345   1.792192e+01    3.69288607436e-08    6.51685777828e-09    1.265016e+00    1.000000e-02   
346   1.797097e+01    3.69793600116e-08    6.52576941382e-09    1.265016e+00    1.000000e-02   
347   1.802002e+01    3.70297904115e-08    6.53466889614e-09    1.265016e+00    1.000000e-02   
348   1.806907e+01    3.70801522242e-08    6.54355627486e-09    1.265016e+00    1.000000e-02   
349   1.811812e+01    3.71304457288e-08    6.5524315992e-09     1.265016e+00    1.000000e-02   
350   1.816717e+01    3.71806712025e-08    6.56129491809e-09    1.265016e+00    1.000000e-02   
351   1.821622e+01    3.72308289206e-08    6.57014628011e-09    1.265016e+00    1.000000e-02   
352   1.826527e+01    3.72809191567e-08    6.57898573353e-09    1.265017e+00    1.000000e-02   
353   1.831431e+01    3.73309421823e-08    6.58781332629e-09    1.265017e+00    1.000000e-02   
354   1.836336e+01    3.73808982673e-08    6.59662910599e-09    1.265017e+00    1.000000e-02   
355   1.841241e+01    3.74307876796e-08    6.60543311993e-09    1.265017e+00    1.000000e-02   
356   1.846146e+01    3.74806106856e-08    6.61422541511e-09    1.265017e+00    1.000000e-02   
357   1.851051e+01    3.75303675497e-08    6.62300603818e-09    1.265017e+00    1.000000e-02   
358   1.855956e+01    3.75800585346e-08    6.63177503552e-09    1.265017e+00    1.000000e-02   
359   1.860861e+01    3.76296839014e-08    6.64053245318e-09    1.265017e+00    1.000000e-02   
360   1.865766e+01    3.76792439092e-08    6.64927833691e-09    1.265018e+00    1.000000e-02   
361   1.870671e+01    3.77287388156e-08    6.65801273216e-09    1.265018e+00    1.000000e-02   
362   1.875576e+01    3.77781688766e-08    6.6667356841e-09     1.265018e+00    1.000000e-02   
363   1.880480e+01    3.78275343462e-08    6.67544723757e-09    1.265018e+00    1.000000e-02   
364   1.885385e+01    3.78768354772e-08    6.68414743715e-09    1.265018e+00    1.000000e-02   
365   1.890290e+01    3.79260725203e-08    6.69283632711e-09    1.265018e+00    1.000000e-02   
366   1.895195e+01    3.79752457249e-08    6.70151395145e-09    1.265018e+00    1.000000e-02   
367   1.900100e+01    3.80243553386e-08    6.71018035387e-09    1.265018e+00    1.000000e-02   
368   1.905005e+01    3.80734016075e-08    6.71883557779e-09    1.265019e+00    1.000000e-02   
369   1.909910e+01    3.81223847761e-08    6.72747966636e-09    1.265019e+00    1.000000e-02   
370   1.914815e+01    3.81713050872e-08    6.73611266245e-09    1.265019e+00    1.000000e-02   
371   1.919720e+01    3.82201627824e-08    6.74473460866e-09    1.265019e+00    1.000000e-02   
372   1.924625e+01    3.82689581014e-08    6.7533455473e-09     1.265019e+00    1.000000e-02   
373   1.929530e+01    3.83176912824e-08    6.76194552042e-09    1.265019e+00    1.000000e-02   
374   1.934434e+01    3.83663625623e-08    6.77053456982e-09    1.265019e+00    1.000000e-02   
375   1.939339e+01    3.84149721764e-08    6.77911273701e-09    1.265019e+00    1.000000e-02   
376   1.944244e+01    3.84635203584e-08    6.78768006325e-09    1.265019e+00    1.000000e-02   
377   1.949149e+01    3.85120073407e-08    6.79623658954e-09    1.265020e+00    1.000000e-02   
378   1.954054e+01    3.85604333542e-08    6.80478235662e-09    1.265020e+00    1.000000e-02   
379   1.958959e+01    3.86087986282e-08    6.81331740497e-09    1.265020e+00    1.000000e-02   
380   1.963864e+01    3.86571033907e-08    6.82184177483e-09    1.265020e+00    1.000000e-02   
381   1.968769e+01    3.87053478684e-08    6.83035550618e-09    1.265020e+00    1.000000e-02   
382   1.973674e+01    3.87535322862e-08    6.83885863875e-09    1.265020e+00    1.000000e-02   
383   1.978579e+01    3.88016568681e-08    6.84735121202e-09    1.265020e+00    1.000000e-02   
384   1.983483e+01    3.88497218363e-08    6.85583326523e-09    1.265020e+00    1.000000e-02   
385   1.988388e+01    3.88977274119e-08    6.86430483739e-09    1.265020e+00    1.000000e-02   
386   1.993293e+01    3.89456738144e-08    6.87276596725e-09    1.265020e+00    1.000000e-02   
387   1.998198e+01    3.89935612622e-08    6.88121669333e-09    1.265021e+00    1.000000e-02   
388   2.003103e+01    3.90413899722e-08    6.88965705391e-09    1.265021e+00    1.000000e-02   
389   2.008008e+01    3.90891601599e-08    6.89808708705e-09    1.265021e+00    1.000000e-02   
390   2.012913e+01    3.91368720398e-08    6.90650683055e-09    1.265021e+00    1.000000e-02   
391   2.017818e+01    3.91845258247e-08    6.91491632201e-09    1.265021e+00    1.000000e-02   
392   2.022723e+01    3.92321217264e-08    6.92331559878e-09    1.265021e+00    1.000000e-02   
393   2.027628e+01    3.92796599554e-08    6.931704698e-09      1.265021e+00    1.000000e-02   
394   2.032533e+01    3.93271407206e-08    6.94008365658e-09    1.265021e+00    1.000000e-02   
395   2.037437e+01    3.93745642301e-08    6.94845251119e-09    1.265021e+00    1.000000e-02   
396   2.042342e+01    3.94219306904e-08    6.9568112983e-09     1.265021e+00    1.000000e-02   
397   2.047247e+01    3.94692403069e-08    6.96516005417e-09    1.265022e+00    1.000000e-02   
398   2.052152e+01    3.95164932839e-08    6.97349881481e-09    1.265022e+00    1.000000e-02   
399   2.057057e+01    3.95636898242e-08    6.98182761604e-09    1.265022e+00    1.000000e-02   
400   2.061962e+01    3.96108301296e-08    6.99014649346e-09    1.265022e+00    1.000000e-02   
401   2.066867e+01    3.96579144006e-08    6.99845548246e-09    1.265022e+00    1.000000e-02   
402   2.071772e+01    3.97049428366e-08    7.00675461822e-09    1.265022e+00    1.000000e-02   
403   2.076677e+01    3.97519156357e-08    7.01504393571e-09    1.265022e+00    1.000000e-02   
404   2.081582e+01    3.97988329949e-08    7.02332346969e-09    1.265022e+00    1.000000e-02   
405   2.086486e+01    3.98456951101e-08    7.03159325472e-09    1.265022e+00    1.000000e-02   
406   2.091391e+01    3.98925021759e-08    7.03985332516e-09    1.265022e+00    1.000000e-02   
407   2.096296e+01    3.99392543859e-08    7.04810371517e-09    1.265022e+00    1.000000e-02   
408   2.101201e+01    3.99859519326e-08    7.05634445869e-09    1.265022e+00    1.000000e-02   
409   2.106106e+01    4.00325950071e-08    7.06457558949e-09    1.265023e+00    1.000000e-02   
410   2.111011e+01    4.00791837998e-08    7.07279714113e-09    1.265023e+00    1.000000e-02   
411   2.115916e+01    4.01257184995e-08    7.08100914698e-09    1.265023e+00    1.000000e-02   
412   2.120821e+01    4.01721992945e-08    7.0892116402e-09     1.265023e+00    1.000000e-02   
413   2.125726e+01    4.02186263714e-08    7.09740465378e-09    1.265023e+00    1.000000e-02   
414   2.130631e+01    4.02649999162e-08    7.10558822051e-09    1.265023e+00    1.000000e-02   
415   2.135536e+01    4.03113201136e-08    7.11376237299e-09    1.265023e+00    1.000000e-02   
416   2.140440e+01    4.03575871473e-08    7.12192714364e-09    1.265023e+00    1.000000e-02   
417   2.145345e+01    4.04038011999e-08    7.13008256469e-09    1.265023e+00    1.000000e-02   
418   2.150250e+01    4.0449962453e-08     7.13822866818e-09    1.265023e+00    1.000000e-02   
419   2.155155e+01    4.04960710872e-08    7.14636548598e-09    1.265023e+00    1.000000e-02   
420   2.160060e+01    4.0542127282e-08     7.15449304977e-09    1.265023e+00    1.000000e-02   
421   2.164965e+01    4.05881312159e-08    7.16261139105e-09    1.265024e+00    1.000000e-02   
422   2.169870e+01    4.06340830665e-08    7.17072054114e-09    1.265024e+00    1.000000e-02   
423   2.174775e+01    4.06799830101e-08    7.17882053119e-09    1.265024e+00    1.000000e-02   
424   2.179680e+01    4.07258312223e-08    7.18691139218e-09    1.265024e+00    1.000000e-02   
425   2.184585e+01    4.07716278777e-08    7.1949931549e-09     1.265024e+00    1.000000e-02   
426   2.189489e+01    4.08173731498e-08    7.20306584997e-09    1.265024e+00    1.000000e-02   
427   2.194394e+01    4.08630672111e-08    7.21112950784e-09    1.265024e+00    1.000000e-02   
428   2.199299e+01    4.09087102333e-08    7.21918415881e-09    1.265024e+00    1.000000e-02   
429   2.204204e+01    4.09543023869e-08    7.22722983299e-09    1.265024e+00    1.000000e-02   
430   2.209109e+01    4.09998438418e-08    7.23526656031e-09    1.265024e+00    1.000000e-02   
431   2.214014e+01    4.10453347666e-08    7.24329437057e-09    1.265024e+00    1.000000e-02   
432   2.218919e+01    4.10907753291e-08    7.25131329338e-09    1.265024e+00    1.000000e-02   
433   2.223824e+01    4.11361656964e-08    7.25932335818e-09    1.265024e+00    1.000000e-02   
434   2.228729e+01    4.11815060343e-08    7.26732459428e-09    1.265024e+00    1.000000e-02   
435   2.233634e+01    4.12267965078e-08    7.2753170308e-09     1.265025e+00    1.000000e-02   
436   2.238539e+01    4.12720372813e-08    7.2833006967e-09     1.265025e+00    1.000000e-02   
437   2.243443e+01    4.13172285179e-08    7.2912756208e-09     1.265025e+00    1.000000e-02   
438   2.248348e+01    4.13623703799e-08    7.29924183176e-09    1.265025e+00    1.000000e-02   
439   2.253253e+01    4.1407463029e-08     7.30719935806e-09    1.265025e+00    1.000000e-02   
440   2.258158e+01    4.14525066256e-08    7.31514822805e-09    1.265025e+00    1.000000e-02   
441   2.263063e+01    4.14975013296e-08    7.32308846992e-09    1.265025e+00    1.000000e-02   
442   2.267968e+01    4.15424472997e-08    7.33102011171e-09    1.265025e+00    1.000000e-02   
443   2.272873e+01    4.1587344694e-08     7.33894318129e-09    1.265025e+00    1.000000e-02   
444   2.277778e+01    4.16321936696e-08    7.34685770641e-09    1.265025e+00    1.000000e-02   
445   2.282683e+01    4.1676994383e-08     7.35476371464e-09    1.265025e+00    1.000000e-02   
446   2.287588e+01    4.17217469894e-08    7.36266123342e-09    1.265025e+00    1.000000e-02   
447   2.292492e+01    4.17664516436e-08    7.37055029004e-09    1.265025e+00    1.000000e-02   
448   2.297397e+01    4.18111084994e-08    7.37843091165e-09    1.265025e+00    1.000000e-02   
449   2.302302e+01    4.18557177097e-08    7.38630312524e-09    1.265025e+00    1.000000e-02   
450   2.307207e+01    4.19002794268e-08    7.39416695767e-09    1.265026e+00    1.000000e-02   
451   2.312112e+01    4.1944793802e-08     7.40202243565e-09    1.265026e+00    1.000000e-02   
452   2.317017e+01    4.19892609859e-08    7.40986958575e-09    1.265026e+00    1.000000e-02   
453   2.321922e+01    4.20336811283e-08    7.4177084344e-09     1.265026e+00    1.000000e-02   
454   2.326827e+01    4.20780543781e-08    7.4255390079e-09     1.265026e+00    1.000000e-02   
455   2.331732e+01    4.21223808835e-08    7.43336133238e-09    1.265026e+00    1.000000e-02   
456   2.336637e+01    4.2166660792e-08     7.44117543387e-09    1.265026e+00    1.000000e-02   
457   2.341542e+01    4.22108942501e-08    7.44898133825e-09    1.265026e+00    1.000000e-02   
458   2.346446e+01    4.22550814038e-08    7.45677907126e-09    1.265026e+00    1.000000e-02   
459   2.351351e+01    4.22992223982e-08    7.46456865851e-09    1.265026e+00    1.000000e-02   
460   2.356256e+01    4.23433173776e-08    7.47235012546e-09    1.265026e+00    1.000000e-02   
461   2.361161e+01    4.23873664857e-08    7.48012349748e-09    1.265026e+00    1.000000e-02   
462   2.366066e+01    4.24313698653e-08    7.48788879975e-09    1.265026e+00    1.000000e-02   
463   2.370971e+01    4.24753276584e-08    7.49564605737e-09    1.265026e+00    1.000000e-02   
464   2.375876e+01    4.25192400066e-08    7.50339529529e-09    1.265026e+00    1.000000e-02   
465   2.380781e+01    4.25631070505e-08    7.51113653832e-09    1.265026e+00    1.000000e-02   
466   2.385686e+01    4.26069289299e-08    7.51886981117e-09    1.265027e+00    1.000000e-02   
467   2.390591e+01    4.26507057842e-08    7.52659513839e-09    1.265027e+00    1.000000e-02   
468   2.395495e+01    4.26944377518e-08    7.53431254443e-09    1.265027e+00    1.000000e-02   
469   2.400400e+01    4.27381249705e-08    7.54202205361e-09    1.265027e+00    1.000000e-02   
470   2.405305e+01    4.27817675773e-08    7.54972369012e-09    1.265027e+00    1.000000e-02   
471   2.410210e+01    4.28253657088e-08    7.55741747802e-09    1.265027e+00    1.000000e-02   
472   2.415115e+01    4.28689195005e-08    7.56510344126e-09    1.265027e+00    1.000000e-02   
473   2.420020e+01    4.29124290875e-08    7.57278160368e-09    1.265027e+00    1.000000e-02   
474   2.424925e+01    4.29558946041e-08    7.58045198896e-09    1.265027e+00    1.000000e-02   
475   2.429830e+01    4.2999316184e-08     7.5881146207e-09     1.265027e+00    1.000000e-02   
476   2.434735e+01    4.30426939601e-08    7.59576952236e-09    1.265027e+00    1.000000e-02   
477   2.439640e+01    4.30860280647e-08    7.60341671729e-09    1.265027e+00    1.000000e-02   
478   2.444545e+01    4.31293186294e-08    7.61105622872e-09    1.265027e+00    1.000000e-02   
479   2.449449e+01    4.31725657853e-08    7.61868807976e-09    1.265027e+00    1.000000e-02   
480   2.454354e+01    4.32157696627e-08    7.62631229342e-09    1.265027e+00    1.000000e-02   
481   2.459259e+01    4.32589303912e-08    7.63392889256e-09    1.265027e+00    1.000000e-02   
482   2.464164e+01    4.33020480998e-08    7.64153789997e-09    1.265027e+00    1.000000e-02   
483   2.469069e+01    4.3345122917e-08     7.64913933829e-09    1.265027e+00    1.000000e-02   
484   2.473974e+01    4.33881549704e-08    7.65673323008e-09    1.265028e+00    1.000000e-02   
485   2.478879e+01    4.34311443873e-08    7.66431959775e-09    1.265028e+00    1.000000e-02   
486   2.483784e+01    4.3474091294e-08     7.67189846364e-09    1.265028e+00    1.000000e-02   
487   2.488689e+01    4.35169958164e-08    7.67946984996e-09    1.265028e+00    1.000000e-02   
488   2.493594e+01    4.35598580799e-08    7.6870337788e-09     1.265028e+00    1.000000e-02   
489   2.498498e+01    4.36026782089e-08    7.69459027215e-09    1.265028e+00    1.000000e-02   
490   2.503403e+01    4.36454563275e-08    7.70213935191e-09    1.265028e+00    1.000000e-02   
491   2.508308e+01    4.36881925592e-08    7.70968103985e-09    1.265028e+00    1.000000e-02   
492   2.513213e+01    4.37308870266e-08    7.71721535764e-09    1.265028e+00    1.000000e-02   
493   2.518118e+01    4.37735398521e-08    7.72474232685e-09    1.265028e+00    1.000000e-02   
494   2.523023e+01    4.38161511573e-08    7.73226196893e-09    1.265028e+00    1.000000e-02   
495   2.527928e+01    4.3858721063e-08     7.73977430524e-09    1.265028e+00    1.000000e-02   
496   2.532833e+01    4.39012496899e-08    7.74727935704e-09    1.265028e+00    1.000000e-02   
497   2.537738e+01    4.39437371577e-08    7.75477714548e-09    1.265028e+00    1.000000e-02   
498   2.542643e+01    4.39861835857e-08    7.76226769159e-09    1.265028e+00    1.000000e-02   
499   2.547548e+01    4.40285890926e-08    7.76975101634e-09    1.265028e+00    1.000000e-02   
500   2.552452e+01    4.40709537965e-08    7.77722714056e-09    1.265028e+00    1.000000e-02   
501   2.557357e+01    4.4113277815e-08     7.784696085e-09      1.265028e+00    1.000000e-02   
502   2.562262e+01    4.41555612651e-08    7.79215787031e-09    1.265028e+00    1.000000e-02   
503   2.567167e+01    4.41978042631e-08    7.79961251703e-09    1.265028e+00    1.000000e-02   
504   2.572072e+01    4.42400069251e-08    7.80706004561e-09    1.265028e+00    1.000000e-02   
505   2.576977e+01    4.42821693663e-08    7.8145004764e-09     1.265029e+00    1.000000e-02   
506   2.581882e+01    4.43242917014e-08    7.82193382966e-09    1.265029e+00    1.000000e-02   
507   2.586787e+01    4.43663740448e-08    7.82936012555e-09    1.265029e+00    1.000000e-02   
508   2.591692e+01    4.44084165101e-08    7.83677938413e-09    1.265029e+00    1.000000e-02   
509   2.596597e+01    4.44504192104e-08    7.84419162537e-09    1.265029e+00    1.000000e-02   
510   2.601502e+01    4.44923822584e-08    7.85159686914e-09    1.265029e+00    1.000000e-02   
511   2.606406e+01    4.45343057662e-08    7.85899513522e-09    1.265029e+00    1.000000e-02   
512   2.611311e+01    4.45761898454e-08    7.8663864433e-09     1.265029e+00    1.000000e-02   
513   2.616216e+01    4.46180346069e-08    7.87377081298e-09    1.265029e+00    1.000000e-02   
514   2.621121e+01    4.46598401613e-08    7.88114826375e-09    1.265029e+00    1.000000e-02   
515   2.626026e+01    4.47016066186e-08    7.88851881504e-09    1.265029e+00    1.000000e-02   
516   2.630931e+01    4.47433340882e-08    7.89588248616e-09    1.265029e+00    1.000000e-02   
517   2.635836e+01    4.47850226792e-08    7.90323929634e-09    1.265029e+00    1.000000e-02   
518   2.640741e+01    4.48266725001e-08    7.91058926472e-09    1.265029e+00    1.000000e-02   
519   2.645646e+01    4.48682836587e-08    7.91793241036e-09    1.265029e+00    1.000000e-02   
520   2.650551e+01    4.49098562626e-08    7.92526875223e-09    1.265029e+00    1.000000e-02   
521   2.655455e+01    4.49513904188e-08    7.93259830919e-09    1.265029e+00    1.000000e-02   
522   2.660360e+01    4.49928862336e-08    7.93992110005e-09    1.265029e+00    1.000000e-02   
523   2.665265e+01    4.50343438131e-08    7.94723714349e-09    1.265029e+00    1.000000e-02   
524   2.670170e+01    4.50757632629e-08    7.95454645815e-09    1.265029e+00    1.000000e-02   
525   2.675075e+01    4.51171446878e-08    7.96184906255e-09    1.265029e+00    1.000000e-02   
526   2.679980e+01    4.51584881925e-08    7.96914497514e-09    1.265029e+00    1.000000e-02   
527   2.684885e+01    4.51997938809e-08    7.97643421428e-09    1.265029e+00    1.000000e-02   
528   2.689790e+01    4.52410618568e-08    7.98371679825e-09    1.265030e+00    1.000000e-02   
529   2.694695e+01    4.52822922231e-08    7.99099274525e-09    1.265030e+00    1.000000e-02   
530   2.699600e+01    4.53234850825e-08    7.99826207339e-09    1.265030e+00    1.000000e-02   
531   2.704505e+01    4.53646405373e-08    8.0055248007e-09     1.265030e+00    1.000000e-02   
532   2.709409e+01    4.5405758689e-08     8.01278094512e-09    1.265030e+00    1.000000e-02   
533   2.714314e+01    4.5446839639e-08     8.02003052454e-09    1.265030e+00    1.000000e-02   
534   2.719219e+01    4.54878834881e-08    8.02727355672e-09    1.265030e+00    1.000000e-02   
535   2.724124e+01    4.55288903365e-08    8.03451005939e-09    1.265030e+00    1.000000e-02   
536   2.729029e+01    4.55698602842e-08    8.04174005016e-09    1.265030e+00    1.000000e-02   
537   2.733934e+01    4.56107934307e-08    8.04896354659e-09    1.265030e+00    1.000000e-02   
538   2.738839e+01    4.56516898748e-08    8.05618056614e-09    1.265030e+00    1.000000e-02   
539   2.743744e+01    4.56925497152e-08    8.06339112621e-09    1.265030e+00    1.000000e-02   
540   2.748649e+01    4.57333730499e-08    8.07059524411e-09    1.265030e+00    1.000000e-02   
541   2.753554e+01    4.57741599767e-08    8.07779293707e-09    1.265030e+00    1.000000e-02   
542   2.758458e+01    4.58149105928e-08    8.08498422226e-09    1.265030e+00    1.000000e-02   
543   2.763363e+01    4.58556249949e-08    8.09216911675e-09    1.265030e+00    1.000000e-02   
544   2.768268e+01    4.58963032795e-08    8.09934763756e-09    1.265030e+00    1.000000e-02   
545   2.773173e+01    4.59369455425e-08    8.10651980162e-09    1.265030e+00    1.000000e-02   
546   2.778078e+01    4.59775518794e-08    8.11368562578e-09    1.265030e+00    1.000000e-02   
547   2.782983e+01    4.60181223854e-08    8.12084512683e-09    1.265030e+00    1.000000e-02   
548   2.787888e+01    4.6058657155e-08     8.12799832147e-09    1.265030e+00    1.000000e-02   
549   2.792793e+01    4.60991562827e-08    8.13514522635e-09    1.265030e+00    1.000000e-02   
550   2.797698e+01    4.61396198621e-08    8.14228585802e-09    1.265030e+00    1.000000e-02   
551   2.802603e+01    4.61800479869e-08    8.14942023298e-09    1.265030e+00    1.000000e-02   
552   2.807508e+01    4.622044075e-08      8.15654836764e-09    1.265030e+00    1.000000e-02   
553   2.812412e+01    4.6260798244e-08     8.16367027835e-09    1.265030e+00    1.000000e-02   
554   2.817317e+01    4.63011205612e-08    8.17078598139e-09    1.265030e+00    1.000000e-02   
555   2.822222e+01    4.63414077934e-08    8.17789549295e-09    1.265031e+00    1.000000e-02   
556   2.827127e+01    4.6381660032e-08     8.18499882917e-09    1.265031e+00    1.000000e-02   
557   2.832032e+01    4.6421877368e-08     8.19209600612e-09    1.265031e+00    1.000000e-02   
558   2.836937e+01    4.64620598921e-08    8.19918703979e-09    1.265031e+00    1.000000e-02   
559   2.841842e+01    4.65022076946e-08    8.2062719461e-09     1.265031e+00    1.000000e-02   
560   2.846747e+01    4.65423208652e-08    8.21335074092e-09    1.265031e+00    1.000000e-02   
561   2.851652e+01    4.65823994935e-08    8.22042344003e-09    1.265031e+00    1.000000e-02   
562   2.856557e+01    4.66224436685e-08    8.22749005914e-09    1.265031e+00    1.000000e-02   
563   2.861461e+01    4.66624534789e-08    8.23455061392e-09    1.265031e+00    1.000000e-02   
564   2.866366e+01    4.67024290131e-08    8.24160511995e-09    1.265031e+00    1.000000e-02   
565   2.871271e+01    4.67423703589e-08    8.24865359275e-09    1.265031e+00    1.000000e-02   
566   2.876176e+01    4.6782277604e-08     8.25569604777e-09    1.265031e+00    1.000000e-02   
567   2.881081e+01    4.68221508356e-08    8.26273250039e-09    1.265031e+00    1.000000e-02   
568   2.885986e+01    4.68619901404e-08    8.26976296595e-09    1.265031e+00    1.000000e-02   
569   2.890891e+01    4.69017956049e-08    8.2767874597e-09     1.265031e+00    1.000000e-02   
570   2.895796e+01    4.69415673153e-08    8.28380599682e-09    1.265031e+00    1.000000e-02   
571   2.900701e+01    4.69813053572e-08    8.29081859245e-09    1.265031e+00    1.000000e-02   
572   2.905606e+01    4.7021009816e-08     8.29782526165e-09    1.265031e+00    1.000000e-02   
573   2.910511e+01    4.70606807767e-08    8.30482601942e-09    1.265031e+00    1.000000e-02   
574   2.915415e+01    4.71003183239e-08    8.3118208807e-09     1.265031e+00    1.000000e-02   
575   2.920320e+01    4.7139922542e-08     8.31880986036e-09    1.265031e+00    1.000000e-02   
576   2.925225e+01    4.71794935148e-08    8.32579297321e-09    1.265031e+00    1.000000e-02   
577   2.930130e+01    4.7219031326e-08     8.332770234e-09      1.265031e+00    1.000000e-02   
578   2.935035e+01    4.72585360588e-08    8.33974165743e-09    1.265031e+00    1.000000e-02   
579   2.939940e+01    4.7298007796e-08     8.34670725811e-09    1.265031e+00    1.000000e-02   
580   2.944845e+01    4.73374466202e-08    8.35366705062e-09    1.265031e+00    1.000000e-02   
581   2.949750e+01    4.73768526135e-08    8.36062104945e-09    1.265031e+00    1.000000e-02   
582   2.954655e+01    4.7416225858e-08     8.36756926906e-09    1.265031e+00    1.000000e-02   
583   2.959560e+01    4.7455566435e-08     8.37451172382e-09    1.265031e+00    1.000000e-02   
584   2.964464e+01    4.74948744257e-08    8.38144842807e-09    1.265031e+00    1.000000e-02   
585   2.969369e+01    4.7534149911e-08     8.38837939606e-09    1.265032e+00    1.000000e-02   
586   2.974274e+01    4.75733929714e-08    8.39530464202e-09    1.265032e+00    1.000000e-02   
587   2.979179e+01    4.76126036871e-08    8.40222418008e-09    1.265032e+00    1.000000e-02   
588   2.984084e+01    4.76517821379e-08    8.40913802433e-09    1.265032e+00    1.000000e-02   
589   2.988989e+01    4.76909284032e-08    8.41604618881e-09    1.265032e+00    1.000000e-02   
590   2.993894e+01    4.77300425625e-08    8.42294868749e-09    1.265032e+00    1.000000e-02   
591   2.998799e+01    4.77691246943e-08    8.4298455343e-09     1.265032e+00    1.000000e-02   
592   3.003704e+01    4.78081748775e-08    8.43673674308e-09    1.265032e+00    1.000000e-02   
593   3.008609e+01    4.784719319e-08      8.44362232765e-09    1.265032e+00    1.000000e-02   
594   3.013514e+01    4.78861797099e-08    8.45050230175e-09    1.265032e+00    1.000000e-02   
595   3.018418e+01    4.79251345148e-08    8.45737667908e-09    1.265032e+00    1.000000e-02   
596   3.023323e+01    4.79640576819e-08    8.46424547328e-09    1.265032e+00    1.000000e-02   
597   3.028228e+01    4.80029492882e-08    8.47110869791e-09    1.265032e+00    1.000000e-02   
598   3.033133e+01    4.80418094103e-08    8.47796636652e-09    1.265032e+00    1.000000e-02   
599   3.038038e+01    4.80806381245e-08    8.48481849256e-09    1.265032e+00    1.000000e-02   
600   3.042943e+01    4.8119435507e-08     8.49166508947e-09    1.265032e+00    1.000000e-02   
601   3.047848e+01    4.81582016334e-08    8.4985061706e-09     1.265032e+00    1.000000e-02   
602   3.052753e+01    4.81969365791e-08    8.50534174925e-09    1.265032e+00    1.000000e-02   
603   3.057658e+01    4.82356404193e-08    8.5121718387e-09     1.265032e+00    1.000000e-02   
604   3.062563e+01    4.82743132288e-08    8.51899645214e-09    1.265032e+00    1.000000e-02   
605   3.067467e+01    4.83129550821e-08    8.52581560271e-09    1.265032e+00    1.000000e-02   
606   3.072372e+01    4.83515660533e-08    8.53262930353e-09    1.265032e+00    1.000000e-02   
607   3.077277e+01    4.83901462166e-08    8.53943756763e-09    1.265032e+00    1.000000e-02   
608   3.082182e+01    4.84286956453e-08    8.546240408e-09      1.265032e+00    1.000000e-02   
609   3.087087e+01    4.8467214413e-08     8.55303783759e-09    1.265032e+00    1.000000e-02   
610   3.091992e+01    4.85057025927e-08    8.5598298693e-09     1.265032e+00    1.000000e-02   
611   3.096897e+01    4.8544160257e-08     8.56661651594e-09    1.265032e+00    1.000000e-02   
612   3.101802e+01    4.85825874785e-08    8.57339779033e-09    1.265032e+00    1.000000e-02   
613   3.106707e+01    4.86209843294e-08    8.58017370519e-09    1.265032e+00    1.000000e-02   
614   3.111612e+01    4.86593508815e-08    8.5869442732e-09     1.265032e+00    1.000000e-02   
615   3.116517e+01    4.86976872065e-08    8.59370950702e-09    1.265032e+00    1.000000e-02   
616   3.121421e+01    4.87359933756e-08    8.60046941923e-09    1.265032e+00    1.000000e-02   
617   3.126326e+01    4.877426946e-08      8.60722402235e-09    1.265032e+00    1.000000e-02   
618   3.131231e+01    4.88125155304e-08    8.6139733289e-09     1.265032e+00    1.000000e-02   
619   3.136136e+01    4.88507316573e-08    8.62071735129e-09    1.265032e+00    1.000000e-02   
620   3.141041e+01    4.8888917911e-08     8.62745610194e-09    1.265032e+00    1.000000e-02   
621   3.145946e+01    4.89270743613e-08    8.63418959317e-09    1.265032e+00    1.000000e-02   
622   3.150851e+01    4.8965201078e-08     8.64091783729e-09    1.265033e+00    1.000000e-02   
623   3.155756e+01    4.90032981304e-08    8.64764084654e-09    1.265033e+00    1.000000e-02   
624   3.160661e+01    4.90413655877e-08    8.65435863312e-09    1.265033e+00    1.000000e-02   
625   3.165566e+01    4.90794035187e-08    8.66107120919e-09    1.265033e+00    1.000000e-02   
626   3.170470e+01    4.91174119921e-08    8.66777858685e-09    1.265033e+00    1.000000e-02   
627   3.175375e+01    4.91553910762e-08    8.67448077815e-09    1.265033e+00    1.000000e-02   
628   3.180280e+01    4.9193340839e-08     8.68117779512e-09    1.265033e+00    1.000000e-02   
629   3.185185e+01    4.92312613484e-08    8.68786964972e-09    1.265033e+00    1.000000e-02   
630   3.190090e+01    4.92691526719e-08    8.69455635386e-09    1.265033e+00    1.000000e-02   
631   3.194995e+01    4.93070148767e-08    8.70123791942e-09    1.265033e+00    1.000000e-02   
632   3.199900e+01    4.934484803e-08      8.70791435824e-09    1.265033e+00    1.000000e-02   
633   3.204805e+01    4.93826521985e-08    8.71458568208e-09    1.265033e+00    1.000000e-02   
634   3.209710e+01    4.94204274486e-08    8.7212519027e-09     1.265033e+00    1.000000e-02   
635   3.214615e+01    4.94581738467e-08    8.72791303178e-09    1.265033e+00    1.000000e-02   
636   3.219520e+01    4.94958914588e-08    8.73456908097e-09    1.265033e+00    1.000000e-02   
637   3.224424e+01    4.95335803506e-08    8.74122006188e-09    1.265033e+00    1.000000e-02   
638   3.229329e+01    4.95712405877e-08    8.74786598606e-09    1.265051e+00    1.000000e-02   
639   3.234234e+01    4.96088722352e-08    8.75450686504e-09    1.265033e+00    1.000000e-02   
640   3.239139e+01    4.96464753583e-08    8.76114271029e-09    1.265033e+00    1.000000e-02   
641   3.244044e+01    4.96840500216e-08    8.76777353323e-09    1.265033e+00    1.000000e-02   
642   3.248949e+01    4.97215962898e-08    8.77439934525e-09    1.265033e+00    1.000000e-02   
643   3.253854e+01    4.9759114227e-08     8.7810201577e-09     1.265033e+00    1.000000e-02   
644   3.258759e+01    4.97966038973e-08    8.78763598187e-09    1.265033e+00    1.000000e-02   
645   3.263664e+01    4.98340653645e-08    8.79424682903e-09    1.265033e+00    1.000000e-02   
646   3.268569e+01    4.98714986921e-08    8.80085271038e-09    1.265033e+00    1.000000e-02   
647   3.273473e+01    4.99089039436e-08    8.8074536371e-09     1.265051e+00    1.000000e-02   
648   3.278378e+01    4.99462811819e-08    8.81404962033e-09    1.265033e+00    1.000000e-02   
649   3.283283e+01    4.99836304699e-08    8.82064067116e-09    1.265033e+00    1.000000e-02   
650   3.288188e+01    5.00209518702e-08    8.82722680062e-09    1.265033e+00    1.000000e-02   
651   3.293093e+01    5.00582454452e-08    8.83380801974e-09    1.265033e+00    1.000000e-02   
652   3.297998e+01    5.0095511257e-08     8.84038433947e-09    1.265033e+00    1.000000e-02   
653   3.302903e+01    5.01327493675e-08    8.84695577074e-09    1.265033e+00    1.000000e-02   
654   3.307808e+01    5.01699598385e-08    8.85352232445e-09    1.265033e+00    1.000000e-02   
655   3.312713e+01    5.02071427314e-08    8.86008401142e-09    1.265033e+00    1.000000e-02   
656   3.317618e+01    5.02442981073e-08    8.86664084247e-09    1.265033e+00    1.000000e-02   
657   3.322523e+01    5.02814260274e-08    8.87319282836e-09    1.265033e+00    1.000000e-02   
658   3.327427e+01    5.03185265523e-08    8.87973997982e-09    1.265033e+00    1.000000e-02   
659   3.332332e+01    5.03555997427e-08    8.88628230754e-09    1.265033e+00    1.000000e-02   
660   3.337237e+01    5.03926456588e-08    8.89281982215e-09    1.265033e+00    1.000000e-02   
661   3.342142e+01    5.04296643608e-08    8.89935253427e-09    1.265033e+00    1.000000e-02   
662   3.347047e+01    5.04666559086e-08    8.90588045446e-09    1.265033e+00    1.000000e-02   
663   3.351952e+01    5.05036203618e-08    8.91240359326e-09    1.265033e+00    1.000000e-02   
664   3.356857e+01    5.05405577798e-08    8.91892196115e-09    1.265033e+00    1.000000e-02   
665   3.361762e+01    5.0577468222e-08     8.92543556859e-09    1.265033e+00    1.000000e-02   
666   3.366667e+01    5.06143517473e-08    8.93194442599e-09    1.265034e+00    1.000000e-02   
667   3.371572e+01    5.06512084145e-08    8.93844854373e-09    1.265034e+00    1.000000e-02   
668   3.376476e+01    5.06880382822e-08    8.94494793215e-09    1.265034e+00    1.000000e-02   
669   3.381381e+01    5.07248414088e-08    8.95144260155e-09    1.265034e+00    1.000000e-02   
670   3.386286e+01    5.07616178524e-08    8.95793256219e-09    1.265034e+00    1.000000e-02   
671   3.391191e+01    5.07983676711e-08    8.96441782431e-09    1.265034e+00    1.000000e-02   
672   3.396096e+01    5.08350909225e-08    8.97089839808e-09    1.265034e+00    1.000000e-02   
673   3.401001e+01    5.08717876641e-08    8.97737429367e-09    1.265034e+00    1.000000e-02   
674   3.405906e+01    5.09084579534e-08    8.98384552119e-09    1.265034e+00    1.000000e-02   
675   3.410811e+01    5.09451018474e-08    8.99031209072e-09    1.265034e+00    1.000000e-02   
676   3.415716e+01    5.09817194031e-08    8.99677401231e-09    1.265034e+00    1.000000e-02   
677   3.420621e+01    5.10183106771e-08    9.00323129596e-09    1.265034e+00    1.000000e-02   
678   3.425526e+01    5.1054875726e-08     9.00968395164e-09    1.265034e+00    1.000000e-02   
679   3.430430e+01    5.1091414606e-08     9.0161319893e-09     1.265034e+00    1.000000e-02   
680   3.435335e+01    5.11279273733e-08    9.02257541882e-09    1.265034e+00    1.000000e-02   
681   3.440240e+01    5.11644140838e-08    9.02901425009e-09    1.265034e+00    1.000000e-02   
682   3.445145e+01    5.12008747932e-08    9.03544849292e-09    1.265034e+00    1.000000e-02   
683   3.450050e+01    5.1237309557e-08     9.04187815712e-09    1.265034e+00    1.000000e-02   
684   3.454955e+01    5.12737184305e-08    9.04830325244e-09    1.265034e+00    1.000000e-02   
685   3.459860e+01    5.13101014688e-08    9.05472378862e-09    1.265034e+00    1.000000e-02   
686   3.464765e+01    5.13464587269e-08    9.06113977533e-09    1.265034e+00    1.000000e-02   
687   3.469670e+01    5.13827902594e-08    9.06755122225e-09    1.265034e+00    1.000000e-02   
688   3.474575e+01    5.14190961209e-08    9.07395813898e-09    1.265034e+00    1.000000e-02   
689   3.479479e+01    5.14553763658e-08    9.08036053513e-09    1.265034e+00    1.000000e-02   
690   3.484384e+01    5.14916310481e-08    9.08675842025e-09    1.265034e+00    1.000000e-02   
691   3.489289e+01    5.15278602218e-08    9.09315180385e-09    1.265034e+00    1.000000e-02   
692   3.494194e+01    5.15640639408e-08    9.09954069543e-09    1.265034e+00    1.000000e-02   
693   3.499099e+01    5.16002422585e-08    9.10592510445e-09    1.265034e+00    1.000000e-02   
694   3.504004e+01    5.16363952285e-08    9.11230504032e-09    1.265034e+00    1.000000e-02   
695   3.508909e+01    5.16725229038e-08    9.11868051243e-09    1.265034e+00    1.000000e-02   
696   3.513814e+01    5.17086253375e-08    9.12505153014e-09    1.265034e+00    1.000000e-02   
697   3.518719e+01    5.17447025824e-08    9.13141810277e-09    1.265034e+00    1.000000e-02   
698   3.523624e+01    5.17807546912e-08    9.13778023962e-09    1.265034e+00    1.000000e-02   
699   3.528529e+01    5.18167817163e-08    9.14413794994e-09    1.265034e+00    1.000000e-02   
700   3.533433e+01    5.18527837101e-08    9.15049124296e-09    1.265034e+00    1.000000e-02   
701   3.538338e+01    5.18887607246e-08    9.15684012788e-09    1.265034e+00    1.000000e-02   
702   3.543243e+01    5.19247128118e-08    9.16318461385e-09    1.265034e+00    1.000000e-02   
703   3.548148e+01    5.19606400234e-08    9.16952471001e-09    1.265034e+00    1.000000e-02   
704   3.553053e+01    5.19965424109e-08    9.17586042545e-09    1.265034e+00    1.000000e-02   
705   3.557958e+01    5.20324200258e-08    9.18219176925e-09    1.265034e+00    1.000000e-02   
706   3.562863e+01    5.20682729192e-08    9.18851875045e-09    1.265034e+00    1.000000e-02   
707   3.567768e+01    5.21041011422e-08    9.19484137804e-09    1.265034e+00    1.000000e-02   
708   3.572673e+01    5.21399047457e-08    9.201159661e-09      1.265034e+00    1.000000e-02   
709   3.577578e+01    5.21756837802e-08    9.20747360828e-09    1.265034e+00    1.000000e-02   
710   3.582482e+01    5.22114382965e-08    9.21378322879e-09    1.265034e+00    1.000000e-02   
711   3.587387e+01    5.22471683447e-08    9.22008853141e-09    1.265034e+00    1.000000e-02   
712   3.592292e+01    5.2282873975e-08     9.226389525e-09      1.265034e+00    1.000000e-02   
713   3.597197e+01    5.23185552375e-08    9.23268621838e-09    1.265034e+00    1.000000e-02   
714   3.602102e+01    5.23542121819e-08    9.23897862033e-09    1.265034e+00    1.000000e-02   
715   3.607007e+01    5.23898448579e-08    9.24526673963e-09    1.265034e+00    1.000000e-02   
716   3.611912e+01    5.2425453315e-08     9.251550585e-09      1.265034e+00    1.000000e-02   
717   3.616817e+01    5.24610376025e-08    9.25783016515e-09    1.265034e+00    1.000000e-02   
718   3.621722e+01    5.24965977696e-08    9.26410548876e-09    1.265034e+00    1.000000e-02   
719   3.626627e+01    5.25321338652e-08    9.27037656445e-09    1.265034e+00    1.000000e-02   
720   3.631532e+01    5.25676459382e-08    9.27664340086e-09    1.265035e+00    1.000000e-02   
721   3.636436e+01    5.26031340372e-08    9.28290600656e-09    1.265035e+00    1.000000e-02   
722   3.641341e+01    5.26385982107e-08    9.28916439012e-09    1.265035e+00    1.000000e-02   
723   3.646246e+01    5.2674038507e-08     9.29541856005e-09    1.265035e+00    1.000000e-02   
724   3.651151e+01    5.27094549743e-08    9.30166852487e-09    1.265035e+00    1.000000e-02   
725   3.656056e+01    5.27448476605e-08    9.30791429304e-09    1.265035e+00    1.000000e-02   
726   3.660961e+01    5.27802166136e-08    9.314155873e-09      1.265035e+00    1.000000e-02   
727   3.665866e+01    5.28155618813e-08    9.32039327316e-09    1.265035e+00    1.000000e-02   
728   3.670771e+01    5.28508835109e-08    9.32662650192e-09    1.265035e+00    1.000000e-02   
729   3.675676e+01    5.28861815499e-08    9.33285556763e-09    1.265035e+00    1.000000e-02   
730   3.680581e+01    5.29214560456e-08    9.33908047863e-09    1.265035e+00    1.000000e-02   
731   3.685485e+01    5.29567070448e-08    9.3453012432e-09     1.265035e+00    1.000000e-02   
732   3.690390e+01    5.29919345946e-08    9.35151786964e-09    1.265035e+00    1.000000e-02   
733   3.695295e+01    5.30271387417e-08    9.35773036618e-09    1.265035e+00    1.000000e-02   
734   3.700200e+01    5.30623195326e-08    9.36393874105e-09    1.265035e+00    1.000000e-02   
735   3.705105e+01    5.30974770138e-08    9.37014300243e-09    1.265035e+00    1.000000e-02   
736   3.710010e+01    5.31326112315e-08    9.3763431585e-09     1.265035e+00    1.000000e-02   
737   3.714915e+01    5.31677222319e-08    9.3825392174e-09     1.265035e+00    1.000000e-02   
738   3.719820e+01    5.32028100609e-08    9.38873118722e-09    1.265035e+00    1.000000e-02   
739   3.724725e+01    5.32378747644e-08    9.39491907607e-09    1.265035e+00    1.000000e-02   
740   3.729630e+01    5.3272916388e-08     9.40110289199e-09    1.265035e+00    1.000000e-02   
741   3.734535e+01    5.33079349772e-08    9.40728264303e-09    1.265035e+00    1.000000e-02   
742   3.739439e+01    5.33429305773e-08    9.41345833718e-09    1.265035e+00    1.000000e-02   
743   3.744344e+01    5.33779032337e-08    9.41962998242e-09    1.265035e+00    1.000000e-02   
744   3.749249e+01    5.34128529914e-08    9.42579758671e-09    1.265035e+00    1.000000e-02   
745   3.754154e+01    5.34477798952e-08    9.43196115798e-09    1.265035e+00    1.000000e-02   
746   3.759059e+01    5.348268399e-08      9.43812070412e-09    1.265035e+00    1.000000e-02   
747   3.763964e+01    5.35175653204e-08    9.44427623302e-09    1.265035e+00    1.000000e-02   
748   3.768869e+01    5.35524239309e-08    9.45042775252e-09    1.265035e+00    1.000000e-02   
749   3.773774e+01    5.35872598658e-08    9.45657527044e-09    1.265035e+00    1.000000e-02   
750   3.778679e+01    5.36220731693e-08    9.46271879459e-09    1.265035e+00    1.000000e-02   
751   3.783584e+01    5.36568638855e-08    9.46885833274e-09    1.265035e+00    1.000000e-02   
752   3.788488e+01    5.36916320582e-08    9.47499389263e-09    1.265035e+00    1.000000e-02   
753   3.793393e+01    5.37263777313e-08    9.48112548199e-09    1.265035e+00    1.000000e-02   
754   3.798298e+01    5.37611009483e-08    9.48725310853e-09    1.265035e+00    1.000000e-02   
755   3.803203e+01    5.37958017528e-08    9.49337677991e-09    1.265035e+00    1.000000e-02   
756   3.808108e+01    5.3830480188e-08     9.49949650377e-09    1.265035e+00    1.000000e-02   
757   3.813013e+01    5.38651362973e-08    9.50561228776e-09    1.265035e+00    1.000000e-02   
758   3.817918e+01    5.38997701236e-08    9.51172413946e-09    1.265035e+00    1.000000e-02   
759   3.822823e+01    5.39343817099e-08    9.51783206645e-09    1.265035e+00    1.000000e-02   
760   3.827728e+01    5.39689710989e-08    9.52393607628e-09    1.265035e+00    1.000000e-02   
761   3.832633e+01    5.40035383334e-08    9.53003617648e-09    1.265035e+00    1.000000e-02   
762   3.837538e+01    5.40380834558e-08    9.53613237455e-09    1.265035e+00    1.000000e-02   
763   3.842442e+01    5.40726065085e-08    9.54222467797e-09    1.265035e+00    1.000000e-02   
764   3.847347e+01    5.41071075338e-08    9.5483130942e-09     1.265035e+00    1.000000e-02   
765   3.852252e+01    5.41415865738e-08    9.55439763066e-09    1.265035e+00    1.000000e-02   
766   3.857157e+01    5.41760436704e-08    9.56047829477e-09    1.265035e+00    1.000000e-02   
767   3.862062e+01    5.42104788655e-08    9.56655509391e-09    1.265035e+00    1.000000e-02   
768   3.866967e+01    5.42448922008e-08    9.57262803543e-09    1.265035e+00    1.000000e-02   
769   3.871872e+01    5.42792837179e-08    9.57869712668e-09    1.265035e+00    1.000000e-02   
770   3.876777e+01    5.43136534582e-08    9.58476237497e-09    1.265035e+00    1.000000e-02   
771   3.881682e+01    5.4348001463e-08     9.59082378759e-09    1.265035e+00    1.000000e-02   
772   3.886587e+01    5.43823277736e-08    9.59688137181e-09    1.265035e+00    1.000000e-02   
773   3.891491e+01    5.44166324309e-08    9.60293513487e-09    1.265035e+00    1.000000e-02   
774   3.896396e+01    5.4450915476e-08     9.608985084e-09      1.265035e+00    1.000000e-02   
775   3.901301e+01    5.44851769495e-08    9.61503122639e-09    1.265035e+00    1.000000e-02   
776   3.906206e+01    5.45194168923e-08    9.62107356922e-09    1.265035e+00    1.000000e-02   
777   3.911111e+01    5.45536353447e-08    9.62711211965e-09    1.265035e+00    1.000000e-02   
778   3.916016e+01    5.45878323472e-08    9.63314688481e-09    1.265035e+00    1.000000e-02   
779   3.920921e+01    5.46220079402e-08    9.6391778718e-09     1.265035e+00    1.000000e-02   
780   3.925826e+01    5.46561621638e-08    9.64520508772e-09    1.265035e+00    1.000000e-02   
781   3.930731e+01    5.46902950579e-08    9.65122853963e-09    1.265035e+00    1.000000e-02   
782   3.935636e+01    5.47244066626e-08    9.65724823457e-09    1.265035e+00    1.000000e-02   
783   3.940541e+01    5.47584970175e-08    9.66326417957e-09    1.265035e+00    1.000000e-02   
784   3.945445e+01    5.47925661625e-08    9.66927638161e-09    1.265035e+00    1.000000e-02   
785   3.950350e+01    5.48266141369e-08    9.67528484769e-09    1.265035e+00    1.000000e-02   
786   3.955255e+01    5.48606409803e-08    9.68128958476e-09    1.265035e+00    1.000000e-02   
787   3.960160e+01    5.48946467319e-08    9.68729059975e-09    1.265035e+00    1.000000e-02   
788   3.965065e+01    5.49286314309e-08    9.69328789957e-09    1.265035e+00    1.000000e-02   
789   3.969970e+01    5.49625951163e-08    9.69928149111e-09    1.265035e+00    1.000000e-02   
790   3.974875e+01    5.49965378271e-08    9.70527138125e-09    1.265036e+00    1.000000e-02   
791   3.979780e+01    5.50304596021e-08    9.71125757684e-09    1.265036e+00    1.000000e-02   
792   3.984685e+01    5.506436048e-08      9.7172400847e-09     1.265036e+00    1.000000e-02   
793   3.989590e+01    5.50982404993e-08    9.72321891164e-09    1.265036e+00    1.000000e-02   
794   3.994494e+01    5.51320996985e-08    9.72919406444e-09    1.265036e+00    1.000000e-02   
795   3.999399e+01    5.5165938116e-08     9.73516554988e-09    1.265036e+00    1.000000e-02   
796   4.004304e+01    5.51997557899e-08    9.74113337469e-09    1.265036e+00    1.000000e-02   
797   4.009209e+01    5.52335527584e-08    9.7470975456e-09     1.265036e+00    1.000000e-02   
798   4.014114e+01    5.52673290595e-08    9.75305806932e-09    1.265036e+00    1.000000e-02   
799   4.019019e+01    5.53010847309e-08    9.75901495251e-09    1.265036e+00    1.000000e-02   
800   4.023924e+01    5.53348198105e-08    9.76496820186e-09    1.265036e+00    1.000000e-02   
801   4.028829e+01    5.5368534336e-08     9.770917824e-09      1.265036e+00    1.000000e-02   
802   4.033734e+01    5.54022283448e-08    9.77686382555e-09    1.265036e+00    1.000000e-02   
803   4.038639e+01    5.54359018743e-08    9.78280621311e-09    1.265036e+00    1.000000e-02   
804   4.043544e+01    5.54695549618e-08    9.78874499327e-09    1.265036e+00    1.000000e-02   
805   4.048448e+01    5.55031876446e-08    9.79468017258e-09    1.265036e+00    1.000000e-02   
806   4.053353e+01    5.55367999597e-08    9.8006117576e-09     1.265036e+00    1.000000e-02   
807   4.058258e+01    5.5570391944e-08     9.80653975483e-09    1.265036e+00    1.000000e-02   
808   4.063163e+01    5.56039636345e-08    9.81246417079e-09    1.265036e+00    1.000000e-02   
809   4.068068e+01    5.56375150677e-08    9.81838501196e-09    1.265036e+00    1.000000e-02   
810   4.072973e+01    5.56710462805e-08    9.82430228479e-09    1.265036e+00    1.000000e-02   
811   4.077878e+01    5.57045573092e-08    9.83021599574e-09    1.265036e+00    1.000000e-02   
812   4.082783e+01    5.57380481903e-08    9.83612615123e-09    1.265036e+00    1.000000e-02   
813   4.087688e+01    5.57715189601e-08    9.84203275766e-09    1.265036e+00    1.000000e-02   
814   4.092593e+01    5.58049696547e-08    9.84793582142e-09    1.265036e+00    1.000000e-02   
815   4.097497e+01    5.58384003103e-08    9.85383534888e-09    1.265036e+00    1.000000e-02   
816   4.102402e+01    5.58718109628e-08    9.85973134638e-09    1.265036e+00    1.000000e-02   
817   4.107307e+01    5.59052016481e-08    9.86562382025e-09    1.265036e+00    1.000000e-02   
818   4.112212e+01    5.59385724019e-08    9.8715127768e-09     1.265036e+00    1.000000e-02   
819   4.117117e+01    5.59719232599e-08    9.87739822233e-09    1.265036e+00    1.000000e-02   
820   4.122022e+01    5.60052542576e-08    9.88328016311e-09    1.265036e+00    1.000000e-02   
821   4.126927e+01    5.60385654305e-08    9.88915860539e-09    1.265036e+00    1.000000e-02   
822   4.131832e+01    5.60718568139e-08    9.8950335554e-09     1.265036e+00    1.000000e-02   
823   4.136737e+01    5.6105128443e-08     9.90090501936e-09    1.265036e+00    1.000000e-02   
824   4.141642e+01    5.6138380353e-08     9.90677300347e-09    1.265036e+00    1.000000e-02   
825   4.146547e+01    5.61716125789e-08    9.91263751392e-09    1.265036e+00    1.000000e-02   
826   4.151451e+01    5.62048251555e-08    9.91849855685e-09    1.265036e+00    1.000000e-02   
827   4.156356e+01    5.62380181177e-08    9.92435613842e-09    1.265036e+00    1.000000e-02   
828   4.161261e+01    5.62711915003e-08    9.93021026475e-09    1.265036e+00    1.000000e-02   
829   4.166166e+01    5.63043453377e-08    9.93606094195e-09    1.265036e+00    1.000000e-02   
830   4.171071e+01    5.63374796646e-08    9.94190817611e-09    1.265036e+00    1.000000e-02   
831   4.175976e+01    5.63705945153e-08    9.94775197329e-09    1.265036e+00    1.000000e-02   
832   4.180881e+01    5.64036899241e-08    9.95359233955e-09    1.265036e+00    1.000000e-02   
833   4.185786e+01    5.64367659253e-08    9.95942928094e-09    1.265036e+00    1.000000e-02   
834   4.190691e+01    5.64698225529e-08    9.96526280346e-09    1.265036e+00    1.000000e-02   
835   4.195596e+01    5.6502859841e-08     9.97109291311e-09    1.265036e+00    1.000000e-02   
836   4.200501e+01    5.65358778234e-08    9.97691961589e-09    1.265036e+00    1.000000e-02   
837   4.205405e+01    5.65688765339e-08    9.98274291775e-09    1.265036e+00    1.000000e-02   
838   4.210310e+01    5.66018560063e-08    9.98856282464e-09    1.265036e+00    1.000000e-02   
839   4.215215e+01    5.66348162742e-08    9.9943793425e-09     1.265036e+00    1.000000e-02   
840   4.220120e+01    5.6667757371e-08     1.00001924772e-08    1.265036e+00    1.000000e-02   
841   4.225025e+01    5.67006793302e-08    1.00060022347e-08    1.265036e+00    1.000000e-02   
842   4.229930e+01    5.67335821851e-08    1.00118086209e-08    1.265036e+00    1.000000e-02   
843   4.234835e+01    5.6766465969e-08     1.00176116416e-08    1.265036e+00    1.000000e-02   
844   4.239740e+01    5.67993307149e-08    1.00234113026e-08    1.265036e+00    1.000000e-02   
845   4.244645e+01    5.68321764558e-08    1.00292076099e-08    1.265036e+00    1.000000e-02   
846   4.249550e+01    5.68650032248e-08    1.00350005691e-08    1.265036e+00    1.000000e-02   
847   4.254454e+01    5.68978110546e-08    1.00407901861e-08    1.265036e+00    1.000000e-02   
848   4.259359e+01    5.6930599978e-08     1.00465764667e-08    1.265036e+00    1.000000e-02   
849   4.264264e+01    5.69633700276e-08    1.00523594166e-08    1.265036e+00    1.000000e-02   
850   4.269169e+01    5.69961212361e-08    1.00581390417e-08    1.265036e+00    1.000000e-02   
851   4.274074e+01    5.70288536357e-08    1.00639153475e-08    1.265036e+00    1.000000e-02   
852   4.278979e+01    5.7061567259e-08     1.00696883398e-08    1.265036e+00    1.000000e-02   
853   4.283884e+01    5.70942621382e-08    1.00754580244e-08    1.265036e+00    1.000000e-02   
854   4.288789e+01    5.71269383054e-08    1.00812244068e-08    1.265036e+00    1.000000e-02   
855   4.293694e+01    5.71595957929e-08    1.00869874929e-08    1.265036e+00    1.000000e-02   
856   4.298599e+01    5.71922346325e-08    1.00927472881e-08    1.265036e+00    1.000000e-02   
857   4.303504e+01    5.72248548561e-08    1.00985037981e-08    1.265036e+00    1.000000e-02   
858   4.308408e+01    5.72574564957e-08    1.01042570286e-08    1.265036e+00    1.000000e-02   
859   4.313313e+01    5.72900395828e-08    1.01100069852e-08    1.265036e+00    1.000000e-02   
860   4.318218e+01    5.73226041493e-08    1.01157536734e-08    1.265036e+00    1.000000e-02   
861   4.323123e+01    5.73551502265e-08    1.01214970988e-08    1.265036e+00    1.000000e-02   
862   4.328028e+01    5.7387677846e-08     1.01272372669e-08    1.265036e+00    1.000000e-02   
863   4.332933e+01    5.74201870391e-08    1.01329741834e-08    1.265036e+00    1.000000e-02   
864   4.337838e+01    5.74526778371e-08    1.01387078536e-08    1.265036e+00    1.000000e-02   
865   4.342743e+01    5.74851502712e-08    1.01444382832e-08    1.265036e+00    1.000000e-02   
866   4.347648e+01    5.75176043725e-08    1.01501654775e-08    1.265036e+00    1.000000e-02   
867   4.352553e+01    5.7550040172e-08     1.01558894421e-08    1.265036e+00    1.000000e-02   
868   4.357457e+01    5.75824577007e-08    1.01616101825e-08    1.265036e+00    1.000000e-02   
869   4.362362e+01    5.76148569893e-08    1.0167327704e-08     1.265036e+00    1.000000e-02   
870   4.367267e+01    5.76472380687e-08    1.01730420121e-08    1.265036e+00    1.000000e-02   
871   4.372172e+01    5.76796009695e-08    1.01787531123e-08    1.265036e+00    1.000000e-02   
872   4.377077e+01    5.77119457223e-08    1.01844610098e-08    1.265036e+00    1.000000e-02   
873   4.381982e+01    5.77442723575e-08    1.01901657102e-08    1.265036e+00    1.000000e-02   
874   4.386887e+01    5.77765809057e-08    1.01958672186e-08    1.265036e+00    1.000000e-02   
875   4.391792e+01    5.7808871397e-08     1.02015655407e-08    1.265036e+00    1.000000e-02   
876   4.396697e+01    5.78411438619e-08    1.02072606815e-08    1.265036e+00    1.000000e-02   
877   4.401602e+01    5.78733983303e-08    1.02129526465e-08    1.265036e+00    1.000000e-02   
878   4.406507e+01    5.79056348324e-08    1.0218641441e-08     1.265036e+00    1.000000e-02   
879   4.411411e+01    5.79378533983e-08    1.02243270703e-08    1.265036e+00    1.000000e-02   
880   4.416316e+01    5.79700540577e-08    1.02300095396e-08    1.265036e+00    1.000000e-02   
881   4.421221e+01    5.80022368405e-08    1.02356888542e-08    1.265036e+00    1.000000e-02   
882   4.426126e+01    5.80344017764e-08    1.02413650194e-08    1.265036e+00    1.000000e-02   
883   4.431031e+01    5.80665488952e-08    1.02470380403e-08    1.265036e+00    1.000000e-02   
884   4.435936e+01    5.80986782263e-08    1.02527079223e-08    1.265037e+00    1.000000e-02   
885   4.440841e+01    5.81307897994e-08    1.02583746705e-08    1.265037e+00    1.000000e-02   
886   4.445746e+01    5.81628836437e-08    1.02640382901e-08    1.265037e+00    1.000000e-02   
887   4.450651e+01    5.81949597886e-08    1.02696987862e-08    1.265037e+00    1.000000e-02   
888   4.455556e+01    5.82270182634e-08    1.02753561641e-08    1.265037e+00    1.000000e-02   
889   4.460460e+01    5.82590590972e-08    1.02810104289e-08    1.265037e+00    1.000000e-02   
890   4.465365e+01    5.82910823192e-08    1.02866615857e-08    1.265037e+00    1.000000e-02   
891   4.470270e+01    5.83230879583e-08    1.02923096397e-08    1.265037e+00    1.000000e-02   
892   4.475175e+01    5.83550760435e-08    1.02979545959e-08    1.265037e+00    1.000000e-02   
893   4.480080e+01    5.83870466036e-08    1.03035964595e-08    1.265037e+00    1.000000e-02   
894   4.484985e+01    5.84189996674e-08    1.03092352354e-08    1.265037e+00    1.000000e-02   
895   4.489890e+01    5.84509352636e-08    1.03148709289e-08    1.265037e+00    1.000000e-02   
896   4.494795e+01    5.84828534208e-08    1.03205035449e-08    1.265037e+00    1.000000e-02   
897   4.499700e+01    5.85147541676e-08    1.03261330884e-08    1.265037e+00    1.000000e-02   
898   4.504605e+01    5.85466375323e-08    1.03317595645e-08    1.265037e+00    1.000000e-02   
899   4.509510e+01    5.85785035435e-08    1.03373829783e-08    1.265037e+00    1.000000e-02   
900   4.514414e+01    5.86103522293e-08    1.03430033346e-08    1.265037e+00    1.000000e-02   
901   4.519319e+01    5.8642183618e-08     1.03486206385e-08    1.265037e+00    1.000000e-02   
902   4.524224e+01    5.86739977379e-08    1.03542348949e-08    1.265037e+00    1.000000e-02   
903   4.529129e+01    5.87057946168e-08    1.03598461089e-08    1.265037e+00    1.000000e-02   
904   4.534034e+01    5.87375742829e-08    1.03654542852e-08    1.265037e+00    1.000000e-02   
905   4.538939e+01    5.87693367641e-08    1.0371059429e-08     1.265037e+00    1.000000e-02   
906   4.543844e+01    5.88010820882e-08    1.0376661545e-08     1.265037e+00    1.000000e-02   
907   4.548749e+01    5.8832810283e-08     1.03822606382e-08    1.265037e+00    1.000000e-02   
908   4.553654e+01    5.88645213761e-08    1.03878567134e-08    1.265037e+00    1.000000e-02   
909   4.558559e+01    5.88962153953e-08    1.03934497756e-08    1.265037e+00    1.000000e-02   
910   4.563463e+01    5.89278923681e-08    1.03990398297e-08    1.265037e+00    1.000000e-02   
911   4.568368e+01    5.89595523218e-08    1.04046268803e-08    1.265037e+00    1.000000e-02   
912   4.573273e+01    5.8991195284e-08     1.04102109325e-08    1.265037e+00    1.000000e-02   
913   4.578178e+01    5.9022821282e-08     1.04157919909e-08    1.265037e+00    1.000000e-02   
914   4.583083e+01    5.9054430343e-08     1.04213700605e-08    1.265037e+00    1.000000e-02   
915   4.587988e+01    5.90860224942e-08    1.0426945146e-08     1.265037e+00    1.000000e-02   
916   4.592893e+01    5.91175977628e-08    1.04325172523e-08    1.265037e+00    1.000000e-02   
917   4.597798e+01    5.91491561756e-08    1.04380863839e-08    1.265037e+00    1.000000e-02   
918   4.602703e+01    5.91806977598e-08    1.04436525459e-08    1.265037e+00    1.000000e-02   
919   4.607608e+01    5.92122225422e-08    1.04492157427e-08    1.265037e+00    1.000000e-02   
920   4.612513e+01    5.92437305496e-08    1.04547759793e-08    1.265037e+00    1.000000e-02   
921   4.617417e+01    5.92752218089e-08    1.04603332604e-08    1.265037e+00    1.000000e-02   
922   4.622322e+01    5.93066963465e-08    1.04658875906e-08    1.265037e+00    1.000000e-02   
923   4.627227e+01    5.93381541893e-08    1.04714389746e-08    1.265037e+00    1.000000e-02   
924   4.632132e+01    5.93695953636e-08    1.04769874171e-08    1.265037e+00    1.000000e-02   
925   4.637037e+01    5.9401019896e-08     1.04825329228e-08    1.265037e+00    1.000000e-02   
926   4.641942e+01    5.94324278129e-08    1.04880754964e-08    1.265037e+00    1.000000e-02   
927   4.646847e+01    5.94638191406e-08    1.04936151425e-08    1.265037e+00    1.000000e-02   
928   4.651752e+01    5.94951939054e-08    1.04991518657e-08    1.265037e+00    1.000000e-02   
929   4.656657e+01    5.95265521334e-08    1.05046856706e-08    1.265037e+00    1.000000e-02   
930   4.661562e+01    5.95578938507e-08    1.05102165619e-08    1.265037e+00    1.000000e-02   
931   4.666466e+01    5.95892190835e-08    1.05157445442e-08    1.265037e+00    1.000000e-02   
932   4.671371e+01    5.96205278577e-08    1.0521269622e-08     1.265037e+00    1.000000e-02   
933   4.676276e+01    5.96518201993e-08    1.05267917999e-08    1.265037e+00    1.000000e-02   
934   4.681181e+01    5.9683096134e-08     1.05323110825e-08    1.265037e+00    1.000000e-02   
935   4.686086e+01    5.97143556876e-08    1.05378274743e-08    1.265037e+00    1.000000e-02   
936   4.690991e+01    5.97455988859e-08    1.05433409799e-08    1.265037e+00    1.000000e-02   
937   4.695896e+01    5.97768257545e-08    1.05488516037e-08    1.265037e+00    1.000000e-02   
938   4.700801e+01    5.9808036319e-08     1.05543593504e-08    1.265037e+00    1.000000e-02   
939   4.705706e+01    5.98392306049e-08    1.05598642244e-08    1.265037e+00    1.000000e-02   
940   4.710611e+01    5.98704086376e-08    1.05653662302e-08    1.265037e+00    1.000000e-02   
941   4.715516e+01    5.99015704426e-08    1.05708653722e-08    1.265037e+00    1.000000e-02   
942   4.720420e+01    5.9932716045e-08     1.0576361655e-08     1.265037e+00    1.000000e-02   
943   4.725325e+01    5.99638454703e-08    1.0581855083e-08     1.265037e+00    1.000000e-02   
944   4.730230e+01    5.99949587435e-08    1.05873456606e-08    1.265037e+00    1.000000e-02   
945   4.735135e+01    6.00260558898e-08    1.05928333923e-08    1.265037e+00    1.000000e-02   
946   4.740040e+01    6.00571369342e-08    1.05983182825e-08    1.265037e+00    1.000000e-02   
947   4.744945e+01    6.00882019017e-08    1.06038003356e-08    1.265037e+00    1.000000e-02   
948   4.749850e+01    6.01192508173e-08    1.0609279556e-08     1.265037e+00    1.000000e-02   
949   4.754755e+01    6.01502837057e-08    1.06147559481e-08    1.265037e+00    1.000000e-02   
950   4.759660e+01    6.01813005919e-08    1.06202295162e-08    1.265037e+00    1.000000e-02   
951   4.764565e+01    6.02123015005e-08    1.06257002648e-08    1.265037e+00    1.000000e-02   
952   4.769469e+01    6.02432864561e-08    1.06311681981e-08    1.265037e+00    1.000000e-02   
953   4.774374e+01    6.02742554834e-08    1.06366333206e-08    1.265037e+00    1.000000e-02   
954   4.779279e+01    6.0305208607e-08     1.06420956365e-08    1.265037e+00    1.000000e-02   
955   4.784184e+01    6.03361458512e-08    1.06475551502e-08    1.265037e+00    1.000000e-02   
956   4.789089e+01    6.03670672406e-08    1.0653011866e-08     1.265037e+00    1.000000e-02   
957   4.793994e+01    6.03979727994e-08    1.06584657881e-08    1.265037e+00    1.000000e-02   
958   4.798899e+01    6.0428862552e-08     1.06639169209e-08    1.265037e+00    1.000000e-02   
959   4.803804e+01    6.04597365226e-08    1.06693652687e-08    1.265037e+00    1.000000e-02   
960   4.808709e+01    6.04905947353e-08    1.06748108356e-08    1.265037e+00    1.000000e-02   
961   4.813614e+01    6.05214372143e-08    1.0680253626e-08     1.265037e+00    1.000000e-02   
962   4.818519e+01    6.05522639835e-08    1.06856936441e-08    1.265037e+00    1.000000e-02   
963   4.823423e+01    6.0583075067e-08     1.06911308942e-08    1.265037e+00    1.000000e-02   
964   4.828328e+01    6.06138704888e-08    1.06965653804e-08    1.265037e+00    1.000000e-02   
965   4.833233e+01    6.06446502725e-08    1.07019971069e-08    1.265037e+00    1.000000e-02   
966   4.838138e+01    6.06754144422e-08    1.0707426078e-08     1.265037e+00    1.000000e-02   
967   4.843043e+01    6.07061630214e-08    1.07128522979e-08    1.265037e+00    1.000000e-02   
968   4.847948e+01    6.07368960339e-08    1.07182757707e-08    1.265037e+00    1.000000e-02   
969   4.852853e+01    6.07676135032e-08    1.07236965006e-08    1.265037e+00    1.000000e-02   
970   4.857758e+01    6.0798315453e-08     1.07291144917e-08    1.265037e+00    1.000000e-02   
971   4.862663e+01    6.08290019068e-08    1.07345297483e-08    1.265037e+00    1.000000e-02   
972   4.867568e+01    6.08596728879e-08    1.07399422743e-08    1.265037e+00    1.000000e-02   
973   4.872472e+01    6.08903284198e-08    1.07453520741e-08    1.265037e+00    1.000000e-02   
974   4.877377e+01    6.09209685258e-08    1.07507591516e-08    1.265037e+00    1.000000e-02   
975   4.882282e+01    6.09515932292e-08    1.0756163511e-08     1.265037e+00    1.000000e-02   
976   4.887187e+01    6.09822025531e-08    1.07615651564e-08    1.265037e+00    1.000000e-02   
977   4.892092e+01    6.10127965207e-08    1.07669640919e-08    1.265037e+00    1.000000e-02   
978   4.896997e+01    6.10433751551e-08    1.07723603215e-08    1.265037e+00    1.000000e-02   
979   4.901902e+01    6.10739384793e-08    1.07777538493e-08    1.265037e+00    1.000000e-02   
980   4.906807e+01    6.11044865163e-08    1.07831446794e-08    1.265037e+00    1.000000e-02   
981   4.911712e+01    6.11350192891e-08    1.07885328157e-08    1.265037e+00    1.000000e-02   
982   4.916617e+01    6.11655368204e-08    1.07939182624e-08    1.265037e+00    1.000000e-02   
983   4.921522e+01    6.11960391331e-08    1.07993010235e-08    1.265037e+00    1.000000e-02   
984   4.926426e+01    6.12265262499e-08    1.08046811029e-08    1.265037e+00    1.000000e-02   
985   4.931331e+01    6.12569981935e-08    1.08100585047e-08    1.265037e+00    1.000000e-02   
986   4.936236e+01    6.12874549865e-08    1.08154332329e-08    1.265037e+00    1.000000e-02   
987   4.941141e+01    6.13178966516e-08    1.08208052915e-08    1.265037e+00    1.000000e-02   
988   4.946046e+01    6.13483232112e-08    1.08261746843e-08    1.265037e+00    1.000000e-02   
989   4.950951e+01    6.13787346878e-08    1.08315414155e-08    1.265037e+00    1.000000e-02   
990   4.955856e+01    6.14091311038e-08    1.08369054889e-08    1.265037e+00    1.000000e-02   
991   4.960761e+01    6.14395124816e-08    1.08422669085e-08    1.265037e+00    1.000000e-02   
992   4.965666e+01    6.14698788434e-08    1.08476256782e-08    1.265037e+00    1.000000e-02   
993   4.970571e+01    6.15002302115e-08    1.0852981802e-08     1.265037e+00    1.000000e-02   
994   4.975475e+01    6.15305666082e-08    1.08583352838e-08    1.265037e+00    1.000000e-02   
995   4.980380e+01    6.15608880554e-08    1.08636861274e-08    1.265037e+00    1.000000e-02   
996   4.985285e+01    6.15911945754e-08    1.08690343368e-08    1.265037e+00    1.000000e-02   
997   4.990190e+01    6.16214861901e-08    1.08743799159e-08    1.265037e+00    1.000000e-02   
998   4.995095e+01    6.16517629214e-08    1.08797228685e-08    1.265037e+00    1.000000e-02   
999   5.000000e+01    6.16820247914e-08    1.08850631985e-08    2.525739e+00    1.000000e-02   
