# Generated by Dust Drift Simulation (Date: Jan 23 2026 08:54:11)
# Initial gas profile
#--------------------------------------------------------------------------
# Radius_AU       GasSurfDensity  GasPressure     GasPressureDeriv
#--------------------------------------------------------------------------
1.000000e+00    3.33e-06        6.642389e-08    -7.639404e-08  
1.049049e+00    3.25122e-06     5.892978e-08    -1.412452e-07  
1.098098e+00    3.17778e-06     5.256800e-08    -1.203087e-07  
1.147147e+00    3.1091e-06      4.712773e-08    -1.032009e-07  
1.196196e+00    3.04469e-06     4.244419e-08    -8.909927e-08  
1.245245e+00    2.98412e-06     3.838726e-08    -7.738241e-08  
1.294294e+00    2.92703e-06     3.485312e-08    -6.757515e-08  
1.343343e+00    2.8731e-06      3.175826e-08    -5.931036e-08  
1.392392e+00    2.82204e-06     2.903489e-08    -5.230149e-08  
1.441441e+00    2.77361e-06     2.662759e-08    -4.632288e-08  
1.490490e+00    2.72759e-06     2.449070e-08    -4.119526e-08  
1.539540e+00    2.68379e-06     2.258641e-08    -3.677512e-08  
1.588589e+00    2.64203e-06     2.088314e-08    -3.294667e-08  
1.637638e+00    2.60217e-06     1.935440e-08    -2.961591e-08  
1.686687e+00    2.56405e-06     1.797787e-08    -2.670597e-08  
1.735736e+00    2.52757e-06     1.673460e-08    -2.415363e-08  
1.784785e+00    2.49259e-06     1.560845e-08    -2.190661e-08  
1.833834e+00    2.45903e-06     1.458560e-08    -1.992142e-08  
1.882883e+00    2.42679e-06     1.365419e-08    -1.816170e-08  
1.931932e+00    2.39579e-06     1.280397e-08    -1.659694e-08  
1.980981e+00    2.36594e-06     1.202606e-08    -1.520136e-08  
2.030030e+00    2.33718e-06     1.131275e-08    -1.395312e-08  
2.079079e+00    2.30945e-06     1.065729e-08    -1.283366e-08  
2.128128e+00    2.28268e-06     1.005379e-08    -1.182709e-08  
2.177177e+00    2.25682e-06     9.497075e-09    -1.091980e-08  
2.226226e+00    2.23182e-06     8.982579e-09    -1.010009e-08  
2.275275e+00    2.20763e-06     8.506275e-09    -9.357836e-09  
2.324324e+00    2.18422e-06     8.064594e-09    -8.684275e-09  
2.373373e+00    2.16153e-06     7.654364e-09    -8.071794e-09  
2.422422e+00    2.13953e-06     7.272766e-09    -7.513758e-09  
2.471471e+00    2.1182e-06      6.917279e-09    -7.004366e-09  
2.520521e+00    2.09749e-06     6.585651e-09    -6.538532e-09  
2.569570e+00    2.07737e-06     6.275862e-09    -6.111790e-09  
2.618619e+00    2.05782e-06     5.986096e-09    -5.720203e-09  
2.667668e+00    2.03882e-06     5.714720e-09    -5.360296e-09  
2.716717e+00    2.02033e-06     5.460261e-09    -5.028990e-09  
2.765766e+00    2.00233e-06     5.221386e-09    -4.723556e-09  
2.814815e+00    1.98481e-06     4.996889e-09    -4.441566e-09  
2.863864e+00    1.96774e-06     4.785677e-09    -4.180858e-09  
2.912913e+00    1.9511e-06      4.586755e-09    -3.939502e-09  
2.961962e+00    1.93488e-06     4.399219e-09    -3.715770e-09  
3.011011e+00    1.91906e-06     4.222245e-09    -3.508114e-09  
3.060060e+00    1.90362e-06     4.055080e-09    -3.315144e-09  
3.109109e+00    1.88854e-06     3.897036e-09    -3.135611e-09  
3.158158e+00    1.87382e-06     3.747483e-09    -2.968389e-09  
3.207207e+00    1.85943e-06     3.605843e-09    -2.812460e-09  
3.256256e+00    1.84538e-06     3.471586e-09    -2.666908e-09  
3.305305e+00    1.83163e-06     3.344224e-09    -2.530899e-09  
3.354354e+00    1.81819e-06     3.223309e-09    -2.403681e-09  
3.403403e+00    1.80504e-06     3.108427e-09    -2.284568e-09  
3.452452e+00    1.79217e-06     2.999197e-09    -2.172939e-09  
3.501502e+00    1.77958e-06     2.895266e-09    -2.068226e-09  
3.550551e+00    1.76724e-06     2.796308e-09    -1.969913e-09  
3.599600e+00    1.75516e-06     2.702022e-09    -1.877528e-09  
3.648649e+00    1.74332e-06     2.612126e-09    -1.790640e-09  
3.697698e+00    1.73172e-06     2.526363e-09    -1.708854e-09  
3.746747e+00    1.72035e-06     2.444491e-09    -1.631810e-09  
3.795796e+00    1.7092e-06      2.366286e-09    -1.559175e-09  
3.844845e+00    1.69826e-06     2.291539e-09    -1.490644e-09  
3.893894e+00    1.68753e-06     2.220056e-09    -1.425939e-09  
3.942943e+00    1.677e-06       2.151657e-09    -1.364800e-09  
3.991992e+00    1.66667e-06     2.086172e-09    -1.306991e-09  
4.041041e+00    1.65652e-06     2.023444e-09    -1.252293e-09  
4.090090e+00    1.64656e-06     1.963325e-09    -1.200503e-09  
4.139139e+00    1.63678e-06     1.905677e-09    -1.151435e-09  
4.188188e+00    1.62716e-06     1.850371e-09    -1.104915e-09  
4.237237e+00    1.61772e-06     1.797287e-09    -1.060785e-09  
4.286286e+00    1.60844e-06     1.746310e-09    -1.018895e-09  
4.335335e+00    1.59931e-06     1.697335e-09    -9.791085e-10  
4.384384e+00    1.59034e-06     1.650261e-09    -9.412973e-10  
4.433433e+00    1.58152e-06     1.604996e-09    -9.053431e-10  
4.482482e+00    1.57284e-06     1.561449e-09    -8.711355e-10  
4.531532e+00    1.56431e-06     1.519539e-09    -8.385720e-10  
4.580581e+00    1.55591e-06     1.479187e-09    -8.075570e-10  
4.629630e+00    1.54764e-06     1.440319e-09    -7.780015e-10  
4.678679e+00    1.53951e-06     1.402866e-09    -7.498223e-10  
4.727728e+00    1.5315e-06      1.366763e-09    -7.229419e-10  
4.776777e+00    1.52362e-06     1.331947e-09    -6.972880e-10  
4.825826e+00    1.51586e-06     1.298360e-09    -6.727928e-10  
4.874875e+00    1.50821e-06     1.265947e-09    -6.493930e-10  
4.923924e+00    1.50068e-06     1.234656e-09    -6.270292e-10  
4.972973e+00    1.49326e-06     1.204437e-09    -6.056460e-10  
5.022022e+00    1.48595e-06     1.175243e-09    -5.851914e-10  
5.071071e+00    1.47875e-06     1.147031e-09    -5.656164e-10  
5.120120e+00    1.47165e-06     1.119757e-09    -5.468754e-10  
5.169169e+00    1.46465e-06     1.093383e-09    -5.289253e-10  
5.218218e+00    1.45775e-06     1.067871e-09    -5.117257e-10  
5.267267e+00    1.45095e-06     1.043184e-09    -4.952385e-10  
5.316316e+00    1.44424e-06     1.019289e-09    -4.794281e-10  
5.365365e+00    1.43762e-06     9.961530e-10    -4.642608e-10  
5.414414e+00    1.4311e-06      9.737457e-10    -4.497049e-10  
5.463463e+00    1.42466e-06     9.520378e-10    -4.357306e-10  
5.512513e+00    1.4183e-06      9.310014e-10    -4.223097e-10  
5.561562e+00    1.41204e-06     9.106100e-10    -4.094156e-10  
5.610611e+00    1.40585e-06     8.908385e-10    -3.970233e-10  
5.659660e+00    1.39975e-06     8.716628e-10    -3.851091e-10  
5.708709e+00    1.39372e-06     8.530600e-10    -3.736508e-10  
5.757758e+00    1.38777e-06     8.350084e-10    -3.626270e-10  
5.806807e+00    1.3819e-06      8.174870e-10    -3.520180e-10  
5.855856e+00    1.3761e-06      8.004761e-10    -3.418047e-10  
5.904905e+00    1.37037e-06     7.839566e-10    -3.319692e-10  
5.953954e+00    1.36471e-06     7.679105e-10    -3.224947e-10  
6.003003e+00    1.35913e-06     7.523205e-10    -3.133650e-10  
6.052052e+00    1.35361e-06     7.371700e-10    -3.045649e-10  
6.101101e+00    1.34816e-06     7.224433e-10    -2.960801e-10  
6.150150e+00    1.34277e-06     7.081251e-10    -2.878968e-10  
6.199199e+00    1.33745e-06     6.942011e-10    -2.800020e-10  
6.248248e+00    1.33219e-06     6.806575e-10    -2.723834e-10  
6.297297e+00    1.32699e-06     6.674809e-10    -2.650292e-10  
6.346346e+00    1.32185e-06     6.546586e-10    -2.579284e-10  
6.395395e+00    1.31677e-06     6.421786e-10    -2.510704e-10  
6.444444e+00    1.31175e-06     6.300291e-10    -2.444450e-10  
6.493493e+00    1.30679e-06     6.181990e-10    -2.380427e-10  
6.542543e+00    1.30188e-06     6.066775e-10    -2.318545e-10  
6.591592e+00    1.29703e-06     5.954545e-10    -2.258715e-10  
6.640641e+00    1.29223e-06     5.845200e-10    -2.200856e-10  
6.689690e+00    1.28748e-06     5.738645e-10    -2.144888e-10  
6.738739e+00    1.28279e-06     5.634790e-10    -2.090738e-10  
6.787788e+00    1.27814e-06     5.533548e-10    -2.038332e-10  
6.836837e+00    1.27355e-06     5.434834e-10    -1.987603e-10  
6.885886e+00    1.26901e-06     5.338568e-10    -1.938487e-10  
6.934935e+00    1.26451e-06     5.244672e-10    -1.890919e-10  
6.983984e+00    1.26006e-06     5.153072e-10    -1.844842e-10  
7.033033e+00    1.25566e-06     5.063696e-10    -1.800199e-10  
7.082082e+00    1.25131e-06     4.976476e-10    -1.756935e-10  
7.131131e+00    1.247e-06       4.891344e-10    -1.714999e-10  
7.180180e+00    1.24273e-06     4.808238e-10    -1.674341e-10  
7.229229e+00    1.23851e-06     4.727095e-10    -1.634914e-10  
7.278278e+00    1.23433e-06     4.647856e-10    -1.596672e-10  
7.327327e+00    1.23019e-06     4.570464e-10    -1.559573e-10  
7.376376e+00    1.22609e-06     4.494865e-10    -1.523576e-10  
7.425425e+00    1.22203e-06     4.421004e-10    -1.488639e-10  
7.474474e+00    1.21802e-06     4.348832e-10    -1.454726e-10  
7.523524e+00    1.21404e-06     4.278299e-10    -1.421799e-10  
7.572573e+00    1.2101e-06      4.209356e-10    -1.389825e-10  
7.621622e+00    1.2062e-06      4.141959e-10    -1.358769e-10  
7.670671e+00    1.20234e-06     4.076064e-10    -1.328600e-10  
7.719720e+00    1.19851e-06     4.011626e-10    -1.299287e-10  
7.768769e+00    1.19473e-06     3.948606e-10    -1.270800e-10  
7.817818e+00    1.19097e-06     3.886963e-10    -1.243111e-10  
7.866867e+00    1.18725e-06     3.826659e-10    -1.216193e-10  
7.915916e+00    1.18357e-06     3.767657e-10    -1.190019e-10  
7.964965e+00    1.17992e-06     3.709921e-10    -1.164566e-10  
8.014014e+00    1.1763e-06      3.653415e-10    -1.139808e-10  
8.063063e+00    1.17272e-06     3.598108e-10    -1.115723e-10  
8.112112e+00    1.16917e-06     3.543965e-10    -1.092288e-10  
8.161161e+00    1.16565e-06     3.490956e-10    -1.069482e-10  
8.210210e+00    1.16216e-06     3.439051e-10    -1.047285e-10  
8.259259e+00    1.15871e-06     3.388220e-10    -1.025677e-10  
8.308308e+00    1.15528e-06     3.338434e-10    -1.004639e-10  
8.357357e+00    1.15189e-06     3.289666e-10    -9.841520e-11  
8.406406e+00    1.14852e-06     3.241891e-10    -9.641992e-11  
8.455455e+00    1.14519e-06     3.195080e-10    -9.447636e-11  
8.504505e+00    1.14188e-06     3.149211e-10    -9.258288e-11  
8.553554e+00    1.1386e-06      3.104258e-10    -9.073791e-11  
8.602603e+00    1.13535e-06     3.060199e-10    -8.893995e-11  
8.651652e+00    1.13213e-06     3.017010e-10    -8.718753e-11  
8.700701e+00    1.12893e-06     2.974670e-10    -8.547926e-11  
8.749750e+00    1.12576e-06     2.933156e-10    -8.381378e-11  
8.798799e+00    1.12262e-06     2.892450e-10    -8.218979e-11  
8.847848e+00    1.1195e-06      2.852530e-10    -8.060604e-11  
8.896897e+00    1.11641e-06     2.813377e-10    -7.906131e-11  
8.945946e+00    1.11335e-06     2.774972e-10    -7.755444e-11  
8.994995e+00    1.11031e-06     2.737297e-10    -7.608429e-11  
9.044044e+00    1.10729e-06     2.700335e-10    -7.464978e-11  
9.093093e+00    1.1043e-06      2.664067e-10    -7.324985e-11  
9.142142e+00    1.10134e-06     2.628478e-10    -7.188350e-11  
9.191191e+00    1.09839e-06     2.593551e-10    -7.054975e-11  
9.240240e+00    1.09548e-06     2.559270e-10    -6.924765e-11  
9.289289e+00    1.09258e-06     2.525620e-10    -6.797628e-11  
9.338338e+00    1.08971e-06     2.492587e-10    -6.673477e-11  
9.387387e+00    1.08686e-06     2.460155e-10    -6.552226e-11  
9.436436e+00    1.08403e-06     2.428311e-10    -6.433792e-11  
9.485485e+00    1.08122e-06     2.397041e-10    -6.318097e-11  
9.534535e+00    1.07844e-06     2.366331e-10    -6.205064e-11  
9.583584e+00    1.07567e-06     2.336170e-10    -6.094617e-11  
9.632633e+00    1.07293e-06     2.306544e-10    -5.986685e-11  
9.681682e+00    1.07021e-06     2.277442e-10    -5.881198e-11  
9.730731e+00    1.06751e-06     2.248851e-10    -5.778088e-11  
9.779780e+00    1.06483e-06     2.220760e-10    -5.677292e-11  
9.828829e+00    1.06217e-06     2.193158e-10    -5.578745e-11  
9.877878e+00    1.05953e-06     2.166034e-10    -5.482386e-11  
9.926927e+00    1.05691e-06     2.139377e-10    -5.388157e-11  
9.975976e+00    1.05431e-06     2.113177e-10    -5.296000e-11  
1.002503e+01    1.05172e-06     2.087424e-10    -5.205860e-11  
1.007407e+01    1.04916e-06     2.062108e-10    -5.117683e-11  
1.012312e+01    1.04662e-06     2.037220e-10    -5.031416e-11  
1.017217e+01    1.04409e-06     2.012751e-10    -4.947011e-11  
1.022122e+01    1.04158e-06     1.988691e-10    -4.864417e-11  
1.027027e+01    1.03909e-06     1.965032e-10    -4.783588e-11  
1.031932e+01    1.03662e-06     1.941765e-10    -4.704477e-11  
1.036837e+01    1.03416e-06     1.918882e-10    -4.627041e-11  
1.041742e+01    1.03173e-06     1.896375e-10    -4.551236e-11  
1.046647e+01    1.02931e-06     1.874235e-10    -4.477020e-11  
1.051552e+01    1.0269e-06      1.852456e-10    -4.404353e-11  
1.056456e+01    1.02452e-06     1.831029e-10    -4.333195e-11  
1.061361e+01    1.02215e-06     1.809948e-10    -4.263509e-11  
1.066266e+01    1.01979e-06     1.789205e-10    -4.195257e-11  
1.071171e+01    1.01745e-06     1.768793e-10    -4.128404e-11  
1.076076e+01    1.01513e-06     1.748706e-10    -4.062914e-11  
1.080981e+01    1.01283e-06     1.728937e-10    -3.998753e-11  
1.085886e+01    1.01054e-06     1.709479e-10    -3.935890e-11  
1.090791e+01    1.00826e-06     1.690327e-10    -3.874291e-11  
1.095696e+01    1.006e-06       1.671473e-10    -3.813926e-11  
1.100601e+01    1.00376e-06     1.652913e-10    -3.754766e-11  
1.105506e+01    1.00153e-06     1.634640e-10    -3.696780e-11  
1.110410e+01    9.99315e-07     1.616648e-10    -3.639940e-11  
1.115315e+01    9.97115e-07     1.598933e-10    -3.584219e-11  
1.120220e+01    9.9493e-07      1.581488e-10    -3.529590e-11  
1.125125e+01    9.92759e-07     1.564308e-10    -3.476027e-11  
1.130030e+01    9.90602e-07     1.547388e-10    -3.423504e-11  
1.134935e+01    9.88459e-07     1.530724e-10    -3.371997e-11  
1.139840e+01    9.8633e-07      1.514310e-10    -3.321483e-11  
1.144745e+01    9.84215e-07     1.498141e-10    -3.271937e-11  
1.149650e+01    9.82113e-07     1.482213e-10    -3.223337e-11  
1.154555e+01    9.80025e-07     1.466521e-10    -3.175662e-11  
1.159459e+01    9.7795e-07      1.451060e-10    -3.128889e-11  
1.164364e+01    9.75888e-07     1.435827e-10    -3.082999e-11  
1.169269e+01    9.73839e-07     1.420816e-10    -3.037970e-11  
1.174174e+01    9.71802e-07     1.406025e-10    -2.993783e-11  
1.179079e+01    9.69779e-07     1.391448e-10    -2.950420e-11  
1.183984e+01    9.67768e-07     1.377082e-10    -2.907860e-11  
1.188889e+01    9.6577e-07      1.362922e-10    -2.866086e-11  
1.193794e+01    9.63784e-07     1.348966e-10    -2.825081e-11  
1.198699e+01    9.6181e-07      1.335209e-10    -2.784827e-11  
1.203604e+01    9.59848e-07     1.321647e-10    -2.745308e-11  
1.208509e+01    9.57898e-07     1.308278e-10    -2.706507e-11  
1.213413e+01    9.5596e-07      1.295097e-10    -2.668408e-11  
1.218318e+01    9.54034e-07     1.282101e-10    -2.630995e-11  
1.223223e+01    9.52119e-07     1.269288e-10    -2.594255e-11  
1.228128e+01    9.50216e-07     1.256652e-10    -2.558171e-11  
1.233033e+01    9.48324e-07     1.244192e-10    -2.522731e-11  
1.237938e+01    9.46444e-07     1.231905e-10    -2.487919e-11  
1.242843e+01    9.44574e-07     1.219786e-10    -2.453722e-11  
1.247748e+01    9.42716e-07     1.207834e-10    -2.420127e-11  
1.252653e+01    9.40868e-07     1.196045e-10    -2.387121e-11  
1.257558e+01    9.39032e-07     1.184417e-10    -2.354692e-11  
1.262462e+01    9.37206e-07     1.172946e-10    -2.322827e-11  
1.267367e+01    9.35391e-07     1.161630e-10    -2.291514e-11  
1.272272e+01    9.33586e-07     1.150467e-10    -2.260742e-11  
1.277177e+01    9.31791e-07     1.139453e-10    -2.230499e-11  
1.282082e+01    9.30007e-07     1.128586e-10    -2.200775e-11  
1.286987e+01    9.28233e-07     1.117864e-10    -2.171557e-11  
1.291892e+01    9.2647e-07      1.107284e-10    -2.142837e-11  
1.296797e+01    9.24716e-07     1.096843e-10    -2.114603e-11  
1.301702e+01    9.22972e-07     1.086540e-10    -2.086846e-11  
1.306607e+01    9.21238e-07     1.076371e-10    -2.059555e-11  
1.311512e+01    9.19514e-07     1.066336e-10    -2.032722e-11  
1.316416e+01    9.17799e-07     1.056431e-10    -2.006336e-11  
1.321321e+01    9.16094e-07     1.046654e-10    -1.980389e-11  
1.326226e+01    9.14398e-07     1.037004e-10    -1.954872e-11  
1.331131e+01    9.12712e-07     1.027477e-10    -1.929776e-11  
1.336036e+01    9.11035e-07     1.018073e-10    -1.905093e-11  
1.340941e+01    9.09367e-07     1.008789e-10    -1.880814e-11  
1.345846e+01    9.07709e-07     9.996225e-11    -1.856931e-11  
1.350751e+01    9.06059e-07     9.905725e-11    -1.833437e-11  
1.355656e+01    9.04419e-07     9.816368e-11    -1.810324e-11  
1.360561e+01    9.02787e-07     9.728135e-11    -1.787584e-11  
1.365465e+01    9.01164e-07     9.641009e-11    -1.765210e-11  
1.370370e+01    8.9955e-07      9.554972e-11    -1.743195e-11  
1.375275e+01    8.97944e-07     9.470005e-11    -1.721532e-11  
1.380180e+01    8.96347e-07     9.386093e-11    -1.700213e-11  
1.385085e+01    8.94759e-07     9.303217e-11    -1.679233e-11  
1.389990e+01    8.93179e-07     9.221363e-11    -1.658585e-11  
1.394895e+01    8.91607e-07     9.140513e-11    -1.638261e-11  
1.399800e+01    8.90044e-07     9.060653e-11    -1.618257e-11  
1.404705e+01    8.88488e-07     8.981765e-11    -1.598566e-11  
1.409610e+01    8.86941e-07     8.903836e-11    -1.579182e-11  
1.414515e+01    8.85402e-07     8.826851e-11    -1.560099e-11  
1.419419e+01    8.83871e-07     8.750794e-11    -1.541311e-11  
1.424324e+01    8.82348e-07     8.675651e-11    -1.522813e-11  
1.429229e+01    8.80832e-07     8.601409e-11    -1.504600e-11  
1.434134e+01    8.79325e-07     8.528053e-11    -1.486666e-11  
1.439039e+01    8.77825e-07     8.455570e-11    -1.469006e-11  
1.443944e+01    8.76333e-07     8.383946e-11    -1.451615e-11  
1.448849e+01    8.74848e-07     8.313169e-11    -1.434487e-11  
1.453754e+01    8.73371e-07     8.243226e-11    -1.417618e-11  
1.458659e+01    8.71901e-07     8.174103e-11    -1.401004e-11  
1.463564e+01    8.70439e-07     8.105790e-11    -1.384639e-11  
1.468468e+01    8.68984e-07     8.038273e-11    -1.368519e-11  
1.473373e+01    8.67537e-07     7.971541e-11    -1.352640e-11  
1.478278e+01    8.66096e-07     7.905581e-11    -1.336996e-11  
1.483183e+01    8.64663e-07     7.840384e-11    -1.321585e-11  
1.488088e+01    8.63237e-07     7.775936e-11    -1.306401e-11  
1.492993e+01    8.61818e-07     7.712228e-11    -1.291441e-11  
1.497898e+01    8.60405e-07     7.649249e-11    -1.276700e-11  
1.502803e+01    8.59e-07        7.586987e-11    -1.262175e-11  
1.507708e+01    8.57602e-07     7.525432e-11    -1.247861e-11  
1.512613e+01    8.5621e-07      7.464574e-11    -1.233756e-11  
1.517518e+01    8.54825e-07     7.404403e-11    -1.219855e-11  
1.522422e+01    8.53447e-07     7.344908e-11    -1.206155e-11  
1.527327e+01    8.52076e-07     7.286081e-11    -1.192652e-11  
1.532232e+01    8.50711e-07     7.227911e-11    -1.179342e-11  
1.537137e+01    8.49352e-07     7.170390e-11    -1.166223e-11  
1.542042e+01    8.48001e-07     7.113507e-11    -1.153292e-11  
1.546947e+01    8.46655e-07     7.057254e-11    -1.140543e-11  
1.551852e+01    8.45316e-07     7.001622e-11    -1.127976e-11  
1.556757e+01    8.43983e-07     6.946602e-11    -1.115586e-11  
1.561662e+01    8.42657e-07     6.892185e-11    -1.103370e-11  
1.566567e+01    8.41337e-07     6.838363e-11    -1.091326e-11  
1.571471e+01    8.40023e-07     6.785128e-11    -1.079450e-11  
1.576376e+01    8.38715e-07     6.732471e-11    -1.067740e-11  
1.581281e+01    8.37413e-07     6.680385e-11    -1.056193e-11  
1.586186e+01    8.36117e-07     6.628861e-11    -1.044806e-11  
1.591091e+01    8.34827e-07     6.577891e-11    -1.033576e-11  
1.595996e+01    8.33544e-07     6.527469e-11    -1.022501e-11  
1.600901e+01    8.32266e-07     6.477586e-11    -1.011578e-11  
1.605806e+01    8.30994e-07     6.428235e-11    -1.000805e-11  
1.610711e+01    8.29727e-07     6.379409e-11    -9.901785e-12  
1.615616e+01    8.28467e-07     6.331100e-11    -9.796968e-12  
1.620521e+01    8.27212e-07     6.283302e-11    -9.693573e-12  
1.625425e+01    8.25963e-07     6.236008e-11    -9.591577e-12  
1.630330e+01    8.2472e-07      6.189211e-11    -9.490957e-12  
1.635235e+01    8.23482e-07     6.142904e-11    -9.391690e-12  
1.640140e+01    8.2225e-07      6.097080e-11    -9.293754e-12  
1.645045e+01    8.21023e-07     6.051734e-11    -9.197127e-12  
1.649950e+01    8.19802e-07     6.006858e-11    -9.101787e-12  
1.654855e+01    8.18586e-07     5.962447e-11    -9.007715e-12  
1.659760e+01    8.17376e-07     5.918494e-11    -8.914889e-12  
1.664665e+01    8.1617e-07      5.874994e-11    -8.823290e-12  
1.669570e+01    8.14971e-07     5.831939e-11    -8.732897e-12  
1.674474e+01    8.13776e-07     5.789326e-11    -8.643691e-12  
1.679379e+01    8.12587e-07     5.747146e-11    -8.555653e-12  
1.684284e+01    8.11403e-07     5.705396e-11    -8.468765e-12  
1.689189e+01    8.10224e-07     5.664069e-11    -8.383008e-12  
1.694094e+01    8.0905e-07      5.623161e-11    -8.298365e-12  
1.698999e+01    8.07882e-07     5.582664e-11    -8.214817e-12  
1.703904e+01    8.06718e-07     5.542575e-11    -8.132347e-12  
1.708809e+01    8.05559e-07     5.502887e-11    -8.050939e-12  
1.713714e+01    8.04406e-07     5.463597e-11    -7.970576e-12  
1.718619e+01    8.03257e-07     5.424697e-11    -7.891241e-12  
1.723524e+01    8.02113e-07     5.386185e-11    -7.812918e-12  
1.728428e+01    8.00974e-07     5.348054e-11    -7.735593e-12  
1.733333e+01    7.9984e-07      5.310300e-11    -7.659248e-12  
1.738238e+01    7.98711e-07     5.272918e-11    -7.583869e-12  
1.743143e+01    7.97586e-07     5.235904e-11    -7.509442e-12  
1.748048e+01    7.96467e-07     5.199252e-11    -7.435951e-12  
1.752953e+01    7.95351e-07     5.162959e-11    -7.363382e-12  
1.757858e+01    7.94241e-07     5.127019e-11    -7.291721e-12  
1.762763e+01    7.93135e-07     5.091428e-11    -7.220954e-12  
1.767668e+01    7.92034e-07     5.056183e-11    -7.151068e-12  
1.772573e+01    7.90938e-07     5.021278e-11    -7.082049e-12  
1.777477e+01    7.89846e-07     4.986709e-11    -7.013885e-12  
1.782382e+01    7.88758e-07     4.952473e-11    -6.946561e-12  
1.787287e+01    7.87675e-07     4.918565e-11    -6.880066e-12  
1.792192e+01    7.86596e-07     4.884981e-11    -6.814387e-12  
1.797097e+01    7.85522e-07     4.851717e-11    -6.749512e-12  
1.802002e+01    7.84452e-07     4.818769e-11    -6.685430e-12  
1.806907e+01    7.83387e-07     4.786134e-11    -6.622127e-12  
1.811812e+01    7.82326e-07     4.753807e-11    -6.559593e-12  
1.816717e+01    7.81269e-07     4.721786e-11    -6.497816e-12  
1.821622e+01    7.80217e-07     4.690065e-11    -6.436785e-12  
1.826527e+01    7.79168e-07     4.658642e-11    -6.376489e-12  
1.831431e+01    7.78124e-07     4.627513e-11    -6.316917e-12  
1.836336e+01    7.77084e-07     4.596674e-11    -6.258059e-12  
1.841241e+01    7.76049e-07     4.566123e-11    -6.199904e-12  
1.846146e+01    7.75017e-07     4.535854e-11    -6.142442e-12  
1.851051e+01    7.73989e-07     4.505866e-11    -6.085663e-12  
1.855956e+01    7.72966e-07     4.476155e-11    -6.029558e-12  
1.860861e+01    7.71947e-07     4.446718e-11    -5.974115e-12  
1.865766e+01    7.70931e-07     4.417550e-11    -5.919326e-12  
1.870671e+01    7.6992e-07      4.388650e-11    -5.865182e-12  
1.875576e+01    7.68913e-07     4.360014e-11    -5.811672e-12  
1.880480e+01    7.67909e-07     4.331639e-11    -5.758789e-12  
1.885385e+01    7.6691e-07      4.303521e-11    -5.706523e-12  
1.890290e+01    7.65914e-07     4.275659e-11    -5.654865e-12  
1.895195e+01    7.64922e-07     4.248048e-11    -5.603807e-12  
1.900100e+01    7.63934e-07     4.220687e-11    -5.553340e-12  
1.905005e+01    7.6295e-07      4.193571e-11    -5.503455e-12  
1.909910e+01    7.6197e-07      4.166699e-11    -5.454146e-12  
1.914815e+01    7.60993e-07     4.140067e-11    -5.405403e-12  
1.919720e+01    7.60021e-07     4.113673e-11    -5.357219e-12  
1.924625e+01    7.59051e-07     4.087514e-11    -5.309585e-12  
1.929530e+01    7.58086e-07     4.061587e-11    -5.262495e-12  
1.934434e+01    7.57124e-07     4.035890e-11    -5.215940e-12  
1.939339e+01    7.56166e-07     4.010419e-11    -5.169914e-12  
1.944244e+01    7.55212e-07     3.985174e-11    -5.124408e-12  
1.949149e+01    7.54261e-07     3.960150e-11    -5.079416e-12  
1.954054e+01    7.53314e-07     3.935346e-11    -5.034931e-12  
1.958959e+01    7.5237e-07      3.910758e-11    -4.990945e-12  
1.963864e+01    7.5143e-07      3.886385e-11    -4.947452e-12  
1.968769e+01    7.50493e-07     3.862225e-11    -4.904445e-12  
1.973674e+01    7.4956e-07      3.838274e-11    -4.861918e-12  
1.978579e+01    7.48631e-07     3.814530e-11    -4.819864e-12  
1.983483e+01    7.47704e-07     3.790992e-11    -4.778276e-12  
1.988388e+01    7.46782e-07     3.767656e-11    -4.737148e-12  
1.993293e+01    7.45862e-07     3.744521e-11    -4.696475e-12  
1.998198e+01    7.44946e-07     3.721585e-11    -4.656249e-12  
2.003103e+01    7.44034e-07     3.698844e-11    -4.616465e-12  
2.008008e+01    7.43124e-07     3.676298e-11    -4.577118e-12  
2.012913e+01    7.42218e-07     3.653944e-11    -4.538200e-12  
2.017818e+01    7.41316e-07     3.631779e-11    -4.499707e-12  
2.022723e+01    7.40416e-07     3.609802e-11    -4.461632e-12  
2.027628e+01    7.3952e-07      3.588011e-11    -4.423971e-12  
2.032533e+01    7.38628e-07     3.566404e-11    -4.386718e-12  
2.037437e+01    7.37738e-07     3.544978e-11    -4.349867e-12  
2.042342e+01    7.36851e-07     3.523733e-11    -4.313413e-12  
2.047247e+01    7.35968e-07     3.502665e-11    -4.277350e-12  
2.052152e+01    7.35088e-07     3.481773e-11    -4.241675e-12  
2.057057e+01    7.34211e-07     3.461055e-11    -4.206381e-12  
2.061962e+01    7.33338e-07     3.440509e-11    -4.171464e-12  
2.066867e+01    7.32467e-07     3.420133e-11    -4.136919e-12  
2.071772e+01    7.31599e-07     3.399926e-11    -4.102740e-12  
2.076677e+01    7.30735e-07     3.379886e-11    -4.068924e-12  
2.081582e+01    7.29873e-07     3.360011e-11    -4.035465e-12  
2.086486e+01    7.29015e-07     3.340299e-11    -4.002360e-12  
2.091391e+01    7.2816e-07      3.320749e-11    -3.969602e-12  
2.096296e+01    7.27307e-07     3.301358e-11    -3.937189e-12  
2.101201e+01    7.26458e-07     3.282126e-11    -3.905115e-12  
2.106106e+01    7.25611e-07     3.263050e-11    -3.873376e-12  
2.111011e+01    7.24768e-07     3.244129e-11    -3.841968e-12  
2.115916e+01    7.23927e-07     3.225361e-11    -3.810887e-12  
2.120821e+01    7.2309e-07      3.206744e-11    -3.780128e-12  
2.125726e+01    7.22255e-07     3.188278e-11    -3.749688e-12  
2.130631e+01    7.21423e-07     3.169961e-11    -3.719562e-12  
2.135536e+01    7.20594e-07     3.151790e-11    -3.689746e-12  
2.140440e+01    7.19768e-07     3.133765e-11    -3.660238e-12  
2.145345e+01    7.18945e-07     3.115884e-11    -3.631032e-12  
2.150250e+01    7.18124e-07     3.098145e-11    -3.602125e-12  
2.155155e+01    7.17307e-07     3.080548e-11    -3.573513e-12  
2.160060e+01    7.16492e-07     3.063090e-11    -3.545192e-12  
2.164965e+01    7.1568e-07      3.045770e-11    -3.517160e-12  
2.169870e+01    7.14871e-07     3.028587e-11    -3.489412e-12  
2.174775e+01    7.14064e-07     3.011540e-11    -3.461945e-12  
2.179680e+01    7.1326e-07      2.994626e-11    -3.434755e-12  
2.184585e+01    7.12459e-07     2.977845e-11    -3.407839e-12  
2.189489e+01    7.1166e-07      2.961196e-11    -3.381193e-12  
2.194394e+01    7.10865e-07     2.944677e-11    -3.354815e-12  
2.199299e+01    7.10071e-07     2.928286e-11    -3.328701e-12  
2.204204e+01    7.09281e-07     2.912023e-11    -3.302848e-12  
2.209109e+01    7.08493e-07     2.895886e-11    -3.277252e-12  
2.214014e+01    7.07708e-07     2.879873e-11    -3.251911e-12  
2.218919e+01    7.06925e-07     2.863985e-11    -3.226821e-12  
2.223824e+01    7.06145e-07     2.848219e-11    -3.201979e-12  
2.228729e+01    7.05368e-07     2.832574e-11    -3.177383e-12  
2.233634e+01    7.04593e-07     2.817049e-11    -3.153029e-12  
2.238539e+01    7.03821e-07     2.801643e-11    -3.128915e-12  
2.243443e+01    7.03051e-07     2.786355e-11    -3.105037e-12  
2.248348e+01    7.02283e-07     2.771184e-11    -3.081393e-12  
2.253253e+01    7.01519e-07     2.756127e-11    -3.057980e-12  
2.258158e+01    7.00756e-07     2.741185e-11    -3.034796e-12  
2.263063e+01    6.99997e-07     2.726357e-11    -3.011836e-12  
2.267968e+01    6.99239e-07     2.711640e-11    -2.989100e-12  
2.272873e+01    6.98484e-07     2.697034e-11    -2.966584e-12  
2.277778e+01    6.97732e-07     2.682538e-11    -2.944285e-12  
2.282683e+01    6.96982e-07     2.668151e-11    -2.922202e-12  
2.287588e+01    6.96234e-07     2.653872e-11    -2.900331e-12  
2.292492e+01    6.95489e-07     2.639700e-11    -2.878669e-12  
2.297397e+01    6.94746e-07     2.625633e-11    -2.857216e-12  
2.302302e+01    6.94006e-07     2.611671e-11    -2.835968e-12  
2.307207e+01    6.93268e-07     2.597813e-11    -2.814922e-12  
2.312112e+01    6.92532e-07     2.584057e-11    -2.794077e-12  
2.317017e+01    6.91799e-07     2.570403e-11    -2.773430e-12  
2.321922e+01    6.91067e-07     2.556850e-11    -2.752978e-12  
2.326827e+01    6.90339e-07     2.543397e-11    -2.732720e-12  
2.331732e+01    6.89612e-07     2.530043e-11    -2.712653e-12  
2.336637e+01    6.88888e-07     2.516786e-11    -2.692776e-12  
2.341542e+01    6.88166e-07     2.503627e-11    -2.673085e-12  
2.346446e+01    6.87447e-07     2.490564e-11    -2.653579e-12  
2.351351e+01    6.86729e-07     2.477596e-11    -2.634256e-12  
2.356256e+01    6.86014e-07     2.464722e-11    -2.615113e-12  
2.361161e+01    6.85301e-07     2.451942e-11    -2.596148e-12  
2.366066e+01    6.8459e-07      2.439255e-11    -2.577361e-12  
2.370971e+01    6.83882e-07     2.426659e-11    -2.558747e-12  
2.375876e+01    6.83176e-07     2.414154e-11    -2.540306e-12  
2.380781e+01    6.82472e-07     2.401739e-11    -2.522036e-12  
2.385686e+01    6.8177e-07      2.389413e-11    -2.503934e-12  
2.390591e+01    6.8107e-07      2.377176e-11    -2.485999e-12  
2.395495e+01    6.80372e-07     2.365026e-11    -2.468228e-12  
2.400400e+01    6.79677e-07     2.352963e-11    -2.450621e-12  
2.405305e+01    6.78983e-07     2.340986e-11    -2.433175e-12  
2.410210e+01    6.78292e-07     2.329094e-11    -2.415888e-12  
2.415115e+01    6.77603e-07     2.317286e-11    -2.398759e-12  
2.420020e+01    6.76916e-07     2.305563e-11    -2.381785e-12  
2.424925e+01    6.76231e-07     2.293922e-11    -2.364966e-12  
2.429830e+01    6.75548e-07     2.282363e-11    -2.348299e-12  
2.434735e+01    6.74867e-07     2.270885e-11    -2.331783e-12  
2.439640e+01    6.74189e-07     2.259488e-11    -2.315416e-12  
2.444545e+01    6.73512e-07     2.248171e-11    -2.299196e-12  
2.449449e+01    6.72837e-07     2.236934e-11    -2.283122e-12  
2.454354e+01    6.72165e-07     2.225774e-11    -2.267193e-12  
2.459259e+01    6.71494e-07     2.214693e-11    -2.251406e-12  
2.464164e+01    6.70825e-07     2.203689e-11    -2.235760e-12  
2.469069e+01    6.70159e-07     2.192761e-11    -2.220253e-12  
2.473974e+01    6.69494e-07     2.181908e-11    -2.204885e-12  
2.478879e+01    6.68831e-07     2.171131e-11    -2.189653e-12  
2.483784e+01    6.68171e-07     2.160428e-11    -2.174556e-12  
2.488689e+01    6.67512e-07     2.149799e-11    -2.159592e-12  
2.493594e+01    6.66855e-07     2.139243e-11    -2.144761e-12  
2.498498e+01    6.662e-07       2.128759e-11    -2.130060e-12  
2.503403e+01    6.65547e-07     2.118348e-11    -2.115489e-12  
2.508308e+01    6.64896e-07     2.108007e-11    -2.101046e-12  
2.513213e+01    6.64247e-07     2.097737e-11    -2.086729e-12  
2.518118e+01    6.636e-07       2.087536e-11    -2.072537e-12  
2.523023e+01    6.62954e-07     2.077405e-11    -2.058469e-12  
2.527928e+01    6.62311e-07     2.067343e-11    -2.044524e-12  
2.532833e+01    6.61669e-07     2.057349e-11    -2.030700e-12  
2.537738e+01    6.6103e-07      2.047422e-11    -2.016996e-12  
2.542643e+01    6.60392e-07     2.037563e-11    -2.003410e-12  
2.547548e+01    6.59756e-07     2.027769e-11    -1.989942e-12  
2.552452e+01    6.59121e-07     2.018042e-11    -1.976591e-12  
2.557357e+01    6.58489e-07     2.008379e-11    -1.963354e-12  
2.562262e+01    6.57858e-07     1.998782e-11    -1.950231e-12  
2.567167e+01    6.5723e-07      1.989248e-11    -1.937220e-12  
2.572072e+01    6.56603e-07     1.979778e-11    -1.924321e-12  
2.576977e+01    6.55978e-07     1.970371e-11    -1.911532e-12  
2.581882e+01    6.55354e-07     1.961026e-11    -1.898852e-12  
2.586787e+01    6.54733e-07     1.951743e-11    -1.886280e-12  
2.591692e+01    6.54113e-07     1.942522e-11    -1.873815e-12  
2.596597e+01    6.53495e-07     1.933362e-11    -1.861456e-12  
2.601502e+01    6.52878e-07     1.924262e-11    -1.849201e-12  
2.606406e+01    6.52264e-07     1.915221e-11    -1.837050e-12  
2.611311e+01    6.51651e-07     1.906240e-11    -1.825001e-12  
2.616216e+01    6.5104e-07      1.897318e-11    -1.813053e-12  
2.621121e+01    6.5043e-07      1.888455e-11    -1.801206e-12  
2.626026e+01    6.49822e-07     1.879649e-11    -1.789459e-12  
2.630931e+01    6.49216e-07     1.870900e-11    -1.777809e-12  
2.635836e+01    6.48612e-07     1.862209e-11    -1.766257e-12  
2.640741e+01    6.48009e-07     1.853574e-11    -1.754802e-12  
2.645646e+01    6.47408e-07     1.844995e-11    -1.743441e-12  
2.650551e+01    6.46809e-07     1.836471e-11    -1.732176e-12  
2.655455e+01    6.46212e-07     1.828002e-11    -1.721003e-12  
2.660360e+01    6.45616e-07     1.819588e-11    -1.709923e-12  
2.665265e+01    6.45021e-07     1.811228e-11    -1.698934e-12  
2.670170e+01    6.44429e-07     1.802922e-11    -1.688037e-12  
2.675075e+01    6.43837e-07     1.794669e-11    -1.677228e-12  
2.679980e+01    6.43248e-07     1.786469e-11    -1.666509e-12  
2.684885e+01    6.4266e-07      1.778321e-11    -1.655878e-12  
2.689790e+01    6.42074e-07     1.770225e-11    -1.645333e-12  
2.694695e+01    6.41489e-07     1.762180e-11    -1.634875e-12  
2.699600e+01    6.40906e-07     1.754187e-11    -1.624502e-12  
2.704505e+01    6.40325e-07     1.746244e-11    -1.614214e-12  
2.709409e+01    6.39745e-07     1.738352e-11    -1.604009e-12  
2.714314e+01    6.39167e-07     1.730509e-11    -1.593887e-12  
2.719219e+01    6.3859e-07      1.722716e-11    -1.583847e-12  
2.724124e+01    6.38015e-07     1.714972e-11    -1.573888e-12  
2.729029e+01    6.37441e-07     1.707277e-11    -1.564010e-12  
2.733934e+01    6.36869e-07     1.699630e-11    -1.554211e-12  
2.738839e+01    6.36299e-07     1.692030e-11    -1.544491e-12  
2.743744e+01    6.3573e-07      1.684478e-11    -1.534849e-12  
2.748649e+01    6.35162e-07     1.676974e-11    -1.525284e-12  
2.753554e+01    6.34596e-07     1.669516e-11    -1.515795e-12  
2.758458e+01    6.34032e-07     1.662104e-11    -1.506383e-12  
2.763363e+01    6.33469e-07     1.654738e-11    -1.497045e-12  
2.768268e+01    6.32907e-07     1.647418e-11    -1.487782e-12  
2.773173e+01    6.32347e-07     1.640143e-11    -1.478592e-12  
2.778078e+01    6.31789e-07     1.632914e-11    -1.469475e-12  
2.782983e+01    6.31232e-07     1.625728e-11    -1.460431e-12  
2.787888e+01    6.30676e-07     1.618587e-11    -1.451457e-12  
2.792793e+01    6.30122e-07     1.611490e-11    -1.442555e-12  
2.797698e+01    6.2957e-07      1.604436e-11    -1.433722e-12  
2.802603e+01    6.29019e-07     1.597425e-11    -1.424959e-12  
2.807508e+01    6.28469e-07     1.590457e-11    -1.416265e-12  
2.812412e+01    6.27921e-07     1.583532e-11    -1.407639e-12  
2.817317e+01    6.27374e-07     1.576649e-11    -1.399080e-12  
2.822222e+01    6.26828e-07     1.569807e-11    -1.390588e-12  
2.827127e+01    6.26284e-07     1.563007e-11    -1.382162e-12  
2.832032e+01    6.25742e-07     1.556248e-11    -1.373802e-12  
2.836937e+01    6.25201e-07     1.549530e-11    -1.365507e-12  
2.841842e+01    6.24661e-07     1.542853e-11    -1.357276e-12  
2.846747e+01    6.24122e-07     1.536216e-11    -1.349108e-12  
2.851652e+01    6.23585e-07     1.529618e-11    -1.341004e-12  
2.856557e+01    6.2305e-07      1.523061e-11    -1.332962e-12  
2.861461e+01    6.22516e-07     1.516542e-11    -1.324982e-12  
2.866366e+01    6.21983e-07     1.510063e-11    -1.317063e-12  
2.871271e+01    6.21451e-07     1.503622e-11    -1.309206e-12  
2.876176e+01    6.20921e-07     1.497220e-11    -1.301408e-12  
2.881081e+01    6.20392e-07     1.490856e-11    -1.293670e-12  
2.885986e+01    6.19865e-07     1.484529e-11    -1.285991e-12  
2.890891e+01    6.19339e-07     1.478240e-11    -1.278370e-12  
2.895796e+01    6.18814e-07     1.471989e-11    -1.270808e-12  
2.900701e+01    6.18291e-07     1.465774e-11    -1.263302e-12  
2.905606e+01    6.17769e-07     1.459596e-11    -1.255854e-12  
2.910511e+01    6.17248e-07     1.453454e-11    -1.248462e-12  
2.915415e+01    6.16728e-07     1.447349e-11    -1.241126e-12  
2.920320e+01    6.1621e-07      1.441279e-11    -1.233846e-12  
2.925225e+01    6.15694e-07     1.435245e-11    -1.226620e-12  
2.930130e+01    6.15178e-07     1.429246e-11    -1.219448e-12  
2.935035e+01    6.14664e-07     1.423282e-11    -1.212330e-12  
2.939940e+01    6.14151e-07     1.417353e-11    -1.205266e-12  
2.944845e+01    6.13639e-07     1.411459e-11    -1.198254e-12  
2.949750e+01    6.13129e-07     1.405599e-11    -1.191295e-12  
2.954655e+01    6.1262e-07      1.399773e-11    -1.184388e-12  
2.959560e+01    6.12112e-07     1.393980e-11    -1.177532e-12  
2.964464e+01    6.11605e-07     1.388221e-11    -1.170727e-12  
2.969369e+01    6.111e-07       1.382496e-11    -1.163972e-12  
2.974274e+01    6.10596e-07     1.376803e-11    -1.157268e-12  
2.979179e+01    6.10093e-07     1.371143e-11    -1.150613e-12  
2.984084e+01    6.09591e-07     1.365516e-11    -1.144007e-12  
2.988989e+01    6.09091e-07     1.359920e-11    -1.137450e-12  
2.993894e+01    6.08592e-07     1.354357e-11    -1.130941e-12  
2.998799e+01    6.08094e-07     1.348826e-11    -1.124480e-12  
3.003704e+01    6.07597e-07     1.343326e-11    -1.118066e-12  
3.008609e+01    6.07102e-07     1.337858e-11    -1.111700e-12  
3.013514e+01    6.06607e-07     1.332421e-11    -1.105379e-12  
3.018418e+01    6.06114e-07     1.327015e-11    -1.099105e-12  
3.023323e+01    6.05622e-07     1.321639e-11    -1.092877e-12  
3.028228e+01    6.05132e-07     1.316294e-11    -1.086694e-12  
3.033133e+01    6.04642e-07     1.310979e-11    -1.080556e-12  
3.038038e+01    6.04154e-07     1.305694e-11    -1.074462e-12  
3.042943e+01    6.03667e-07     1.300438e-11    -1.068412e-12  
3.047848e+01    6.03181e-07     1.295213e-11    -1.062407e-12  
3.052753e+01    6.02696e-07     1.290016e-11    -1.056444e-12  
3.057658e+01    6.02213e-07     1.284849e-11    -1.050525e-12  
3.062563e+01    6.0173e-07      1.279711e-11    -1.044648e-12  
3.067467e+01    6.01249e-07     1.274601e-11    -1.038813e-12  
3.072372e+01    6.00769e-07     1.269520e-11    -1.033020e-12  
3.077277e+01    6.0029e-07      1.264468e-11    -1.027269e-12  
3.082182e+01    5.99812e-07     1.259443e-11    -1.021558e-12  
3.087087e+01    5.99335e-07     1.254446e-11    -1.015889e-12  
3.091992e+01    5.9886e-07      1.249477e-11    -1.010259e-12  
3.096897e+01    5.98385e-07     1.244536e-11    -1.004670e-12  
3.101802e+01    5.97912e-07     1.239622e-11    -9.991208e-13  
3.106707e+01    5.9744e-07      1.234735e-11    -9.936107e-13  
3.111612e+01    5.96969e-07     1.229875e-11    -9.881396e-13  
3.116517e+01    5.96499e-07     1.225041e-11    -9.827072e-13  
3.121421e+01    5.9603e-07      1.220234e-11    -9.773131e-13  
3.126326e+01    5.95562e-07     1.215454e-11    -9.719570e-13  
3.131231e+01    5.95095e-07     1.210700e-11    -9.666386e-13  
3.136136e+01    5.9463e-07      1.205971e-11    -9.613575e-13  
3.141041e+01    5.94165e-07     1.201269e-11    -9.561135e-13  
3.145946e+01    5.93702e-07     1.196592e-11    -9.509062e-13  
3.150851e+01    5.9324e-07      1.191941e-11    -9.457353e-13  
3.155756e+01    5.92779e-07     1.187315e-11    -9.406005e-13  
3.160661e+01    5.92319e-07     1.182714e-11    -9.355015e-13  
3.165566e+01    5.91859e-07     1.178138e-11    -9.304380e-13  
3.170470e+01    5.91401e-07     1.173586e-11    -9.254097e-13  
3.175375e+01    5.90945e-07     1.169060e-11    -9.204163e-13  
3.180280e+01    5.90489e-07     1.164557e-11    -9.154574e-13  
3.185185e+01    5.90034e-07     1.160079e-11    -9.105328e-13  
3.190090e+01    5.8958e-07      1.155625e-11    -9.056423e-13  
3.194995e+01    5.89127e-07     1.151195e-11    -9.007854e-13  
3.199900e+01    5.88676e-07     1.146788e-11    -8.959621e-13  
3.204805e+01    5.88225e-07     1.142406e-11    -8.911718e-13  
3.209710e+01    5.87775e-07     1.138046e-11    -8.864145e-13  
3.214615e+01    5.87327e-07     1.133710e-11    -8.816897e-13  
3.219520e+01    5.86879e-07     1.129397e-11    -8.769973e-13  
3.224424e+01    5.86433e-07     1.125107e-11    -8.723369e-13  
3.229329e+01    5.85987e-07     1.120840e-11    -8.677083e-13  
3.234234e+01    5.85543e-07     1.116595e-11    -8.631113e-13  
3.239139e+01    5.85099e-07     1.112373e-11    -8.585455e-13  
3.244044e+01    5.84657e-07     1.108173e-11    -8.540107e-13  
3.248949e+01    5.84215e-07     1.103995e-11    -8.495067e-13  
3.253854e+01    5.83775e-07     1.099839e-11    -8.450332e-13  
3.258759e+01    5.83335e-07     1.095705e-11    -8.405899e-13  
3.263664e+01    5.82897e-07     1.091593e-11    -8.361766e-13  
3.268569e+01    5.82459e-07     1.087503e-11    -8.317930e-13  
3.273473e+01    5.82023e-07     1.083433e-11    -8.274390e-13  
3.278378e+01    5.81587e-07     1.079386e-11    -8.231142e-13  
3.283283e+01    5.81152e-07     1.075359e-11    -8.188184e-13  
3.288188e+01    5.80719e-07     1.071353e-11    -8.145515e-13  
3.293093e+01    5.80286e-07     1.067368e-11    -8.103130e-13  
3.297998e+01    5.79855e-07     1.063404e-11    -8.061029e-13  
3.302903e+01    5.79424e-07     1.059461e-11    -8.019208e-13  
3.307808e+01    5.78994e-07     1.055537e-11    -7.977667e-13  
3.312713e+01    5.78565e-07     1.051635e-11    -7.936401e-13  
3.317618e+01    5.78137e-07     1.047752e-11    -7.895409e-13  
3.322523e+01    5.77711e-07     1.043889e-11    -7.854690e-13  
3.327427e+01    5.77285e-07     1.040047e-11    -7.814239e-13  
3.332332e+01    5.7686e-07      1.036224e-11    -7.774057e-13  
3.337237e+01    5.76435e-07     1.032420e-11    -7.734139e-13  
3.342142e+01    5.76012e-07     1.028637e-11    -7.694485e-13  
3.347047e+01    5.7559e-07      1.024872e-11    -7.655092e-13  
3.351952e+01    5.75169e-07     1.021127e-11    -7.615957e-13  
3.356857e+01    5.74748e-07     1.017401e-11    -7.577080e-13  
3.361762e+01    5.74329e-07     1.013694e-11    -7.538457e-13  
3.366667e+01    5.73911e-07     1.010006e-11    -7.500087e-13  
3.371572e+01    5.73493e-07     1.006337e-11    -7.461968e-13  
3.376476e+01    5.73076e-07     1.002686e-11    -7.424098e-13  
3.381381e+01    5.7266e-07      9.990539e-12    -7.386474e-13  
3.386286e+01    5.72246e-07     9.954401e-12    -7.349095e-13  
3.391191e+01    5.71832e-07     9.918446e-12    -7.311959e-13  
3.396096e+01    5.71418e-07     9.882672e-12    -7.275064e-13  
3.401001e+01    5.71006e-07     9.847079e-12    -7.238407e-13  
3.405906e+01    5.70595e-07     9.811665e-12    -7.201988e-13  
3.410811e+01    5.70185e-07     9.776428e-12    -7.165805e-13  
3.415716e+01    5.69775e-07     9.741369e-12    -7.129854e-13  
3.420621e+01    5.69366e-07     9.706486e-12    -7.094135e-13  
3.425526e+01    5.68959e-07     9.671777e-12    -7.058646e-13  
3.430430e+01    5.68552e-07     9.637242e-12    -7.023385e-13  
3.435335e+01    5.68146e-07     9.602879e-12    -6.988350e-13  
3.440240e+01    5.6774e-07      9.568688e-12    -6.953540e-13  
3.445145e+01    5.67336e-07     9.534666e-12    -6.918952e-13  
3.450050e+01    5.66933e-07     9.500814e-12    -6.884584e-13  
3.454955e+01    5.6653e-07      9.467130e-12    -6.850437e-13  
3.459860e+01    5.66128e-07     9.433613e-12    -6.816506e-13  
3.464765e+01    5.65728e-07     9.400261e-12    -6.782791e-13  
3.469670e+01    5.65328e-07     9.367075e-12    -6.749291e-13  
3.474575e+01    5.64928e-07     9.334052e-12    -6.716003e-13  
3.479479e+01    5.6453e-07      9.301192e-12    -6.682925e-13  
3.484384e+01    5.64133e-07     9.268494e-12    -6.650057e-13  
3.489289e+01    5.63736e-07     9.235956e-12    -6.617396e-13  
3.494194e+01    5.6334e-07      9.203578e-12    -6.584942e-13  
3.499099e+01    5.62945e-07     9.171359e-12    -6.552691e-13  
3.504004e+01    5.62551e-07     9.139298e-12    -6.520644e-13  
3.508909e+01    5.62158e-07     9.107393e-12    -6.488797e-13  
3.513814e+01    5.61765e-07     9.075644e-12    -6.457151e-13  
3.518719e+01    5.61374e-07     9.044049e-12    -6.425702e-13  
3.523624e+01    5.60983e-07     9.012609e-12    -6.394450e-13  
3.528529e+01    5.60593e-07     8.981321e-12    -6.363394e-13  
3.533433e+01    5.60203e-07     8.950185e-12    -6.332531e-13  
3.538338e+01    5.59815e-07     8.919200e-12    -6.301860e-13  
3.543243e+01    5.59427e-07     8.888365e-12    -6.271380e-13  
3.548148e+01    5.59041e-07     8.857679e-12    -6.241089e-13  
3.553053e+01    5.58655e-07     8.827141e-12    -6.210986e-13  
3.557958e+01    5.58269e-07     8.796750e-12    -6.181070e-13  
3.562863e+01    5.57885e-07     8.766506e-12    -6.151338e-13  
3.567768e+01    5.57501e-07     8.736407e-12    -6.121790e-13  
3.572673e+01    5.57119e-07     8.706452e-12    -6.092425e-13  
3.577578e+01    5.56737e-07     8.676642e-12    -6.063240e-13  
3.582482e+01    5.56355e-07     8.646973e-12    -6.034235e-13  
3.587387e+01    5.55975e-07     8.617447e-12    -6.005407e-13  
3.592292e+01    5.55595e-07     8.588061e-12    -5.976757e-13  
3.597197e+01    5.55216e-07     8.558816e-12    -5.948282e-13  
3.602102e+01    5.54838e-07     8.529710e-12    -5.919982e-13  
3.607007e+01    5.54461e-07     8.500742e-12    -5.891854e-13  
3.611912e+01    5.54084e-07     8.471912e-12    -5.863898e-13  
3.616817e+01    5.53708e-07     8.443218e-12    -5.836112e-13  
3.621722e+01    5.53333e-07     8.414661e-12    -5.808495e-13  
3.626627e+01    5.52959e-07     8.386238e-12    -5.781046e-13  
3.631532e+01    5.52585e-07     8.357950e-12    -5.753764e-13  
3.636436e+01    5.52212e-07     8.329795e-12    -5.726647e-13  
3.641341e+01    5.5184e-07      8.301772e-12    -5.699694e-13  
3.646246e+01    5.51469e-07     8.273882e-12    -5.672903e-13  
3.651151e+01    5.51099e-07     8.246122e-12    -5.646275e-13  
3.656056e+01    5.50729e-07     8.218493e-12    -5.619807e-13  
3.660961e+01    5.5036e-07      8.190993e-12    -5.593498e-13  
3.665866e+01    5.49991e-07     8.163622e-12    -5.567348e-13  
3.670771e+01    5.49624e-07     8.136378e-12    -5.541354e-13  
3.675676e+01    5.49257e-07     8.109262e-12    -5.515517e-13  
3.680581e+01    5.48891e-07     8.082272e-12    -5.489834e-13  
3.685485e+01    5.48526e-07     8.055408e-12    -5.464304e-13  
3.690390e+01    5.48161e-07     8.028669e-12    -5.438927e-13  
3.695295e+01    5.47797e-07     8.002053e-12    -5.413701e-13  
3.700200e+01    5.47434e-07     7.975561e-12    -5.388626e-13  
3.705105e+01    5.47071e-07     7.949192e-12    -5.363700e-13  
3.710010e+01    5.4671e-07      7.922944e-12    -5.338921e-13  
3.714915e+01    5.46349e-07     7.896818e-12    -5.314290e-13  
3.719820e+01    5.45988e-07     7.870812e-12    -5.289805e-13  
3.724725e+01    5.45629e-07     7.844926e-12    -5.265464e-13  
3.729630e+01    5.4527e-07      7.819159e-12    -5.241267e-13  
3.734535e+01    5.44912e-07     7.793510e-12    -5.217213e-13  
3.739439e+01    5.44554e-07     7.767979e-12    -5.193301e-13  
3.744344e+01    5.44197e-07     7.742565e-12    -5.169530e-13  
3.749249e+01    5.43841e-07     7.717267e-12    -5.145898e-13  
3.754154e+01    5.43486e-07     7.692085e-12    -5.122405e-13  
3.759059e+01    5.43131e-07     7.667017e-12    -5.099050e-13  
3.763964e+01    5.42777e-07     7.642064e-12    -5.075831e-13  
3.768869e+01    5.42424e-07     7.617224e-12    -5.052748e-13  
3.773774e+01    5.42071e-07     7.592497e-12    -5.029800e-13  
3.778679e+01    5.41719e-07     7.567883e-12    -5.006986e-13  
3.783584e+01    5.41368e-07     7.543380e-12    -4.984304e-13  
3.788488e+01    5.41017e-07     7.518988e-12    -4.961755e-13  
3.793393e+01    5.40668e-07     7.494706e-12    -4.939337e-13  
3.798298e+01    5.40318e-07     7.470534e-12    -4.917048e-13  
3.803203e+01    5.3997e-07      7.446471e-12    -4.894889e-13  
3.808108e+01    5.39622e-07     7.422516e-12    -4.872858e-13  
3.813013e+01    5.39275e-07     7.398669e-12    -4.850954e-13  
3.817918e+01    5.38928e-07     7.374929e-12    -4.829177e-13  
3.822823e+01    5.38582e-07     7.351295e-12    -4.807525e-13  
3.827728e+01    5.38237e-07     7.327768e-12    -4.785998e-13  
3.832633e+01    5.37893e-07     7.304346e-12    -4.764595e-13  
3.837538e+01    5.37549e-07     7.281028e-12    -4.743315e-13  
3.842442e+01    5.37206e-07     7.257815e-12    -4.722156e-13  
3.847347e+01    5.36863e-07     7.234705e-12    -4.701119e-13  
3.852252e+01    5.36521e-07     7.211698e-12    -4.680203e-13  
3.857157e+01    5.3618e-07      7.188793e-12    -4.659405e-13  
3.862062e+01    5.35839e-07     7.165990e-12    -4.638727e-13  
3.866967e+01    5.35499e-07     7.143288e-12    -4.618166e-13  
3.871872e+01    5.3516e-07      7.120686e-12    -4.597722e-13  
3.876777e+01    5.34821e-07     7.098185e-12    -4.577395e-13  
3.881682e+01    5.34483e-07     7.075783e-12    -4.557182e-13  
3.886587e+01    5.34146e-07     7.053480e-12    -4.537085e-13  
3.891491e+01    5.33809e-07     7.031275e-12    -4.517101e-13  
3.896396e+01    5.33473e-07     7.009168e-12    -4.497231e-13  
3.901301e+01    5.33138e-07     6.987158e-12    -4.477472e-13  
3.906206e+01    5.32803e-07     6.965245e-12    -4.457825e-13  
3.911111e+01    5.32469e-07     6.943428e-12    -4.438289e-13  
3.916016e+01    5.32135e-07     6.921706e-12    -4.418863e-13  
3.920921e+01    5.31802e-07     6.900080e-12    -4.399545e-13  
3.925826e+01    5.3147e-07      6.878547e-12    -4.380337e-13  
3.930731e+01    5.31138e-07     6.857109e-12    -4.361236e-13  
3.935636e+01    5.30807e-07     6.835765e-12    -4.342242e-13  
3.940541e+01    5.30477e-07     6.814513e-12    -4.323354e-13  
3.945445e+01    5.30147e-07     6.793353e-12    -4.304571e-13  
3.950350e+01    5.29818e-07     6.772286e-12    -4.285894e-13  
3.955255e+01    5.29489e-07     6.751309e-12    -4.267320e-13  
3.960160e+01    5.29161e-07     6.730424e-12    -4.248850e-13  
3.965065e+01    5.28834e-07     6.709629e-12    -4.230483e-13  
3.969970e+01    5.28507e-07     6.688924e-12    -4.212217e-13  
3.974875e+01    5.28181e-07     6.668308e-12    -4.194053e-13  
3.979780e+01    5.27855e-07     6.647781e-12    -4.175990e-13  
3.984685e+01    5.2753e-07      6.627342e-12    -4.158026e-13  
3.989590e+01    5.27206e-07     6.606992e-12    -4.140161e-13  
3.994494e+01    5.26882e-07     6.586728e-12    -4.122395e-13  
3.999399e+01    5.26559e-07     6.566552e-12    -4.104727e-13  
4.004304e+01    5.26236e-07     6.546462e-12    -4.087156e-13  
4.009209e+01    5.25914e-07     6.526457e-12    -4.069682e-13  
4.014114e+01    5.25593e-07     6.506539e-12    -4.052304e-13  
4.019019e+01    5.25272e-07     6.486705e-12    -4.035021e-13  
4.023924e+01    5.24952e-07     6.466956e-12    -4.017833e-13  
4.028829e+01    5.24632e-07     6.447291e-12    -4.000738e-13  
4.033734e+01    5.24313e-07     6.427709e-12    -3.983737e-13  
4.038639e+01    5.23995e-07     6.408211e-12    -3.966829e-13  
4.043544e+01    5.23677e-07     6.388796e-12    -3.950013e-13  
4.048448e+01    5.23359e-07     6.369462e-12    -3.933289e-13  
4.053353e+01    5.23043e-07     6.350211e-12    -3.916655e-13  
4.058258e+01    5.22726e-07     6.331041e-12    -3.900112e-13  
4.063163e+01    5.22411e-07     6.311951e-12    -3.883659e-13  
4.068068e+01    5.22096e-07     6.292943e-12    -3.867294e-13  
4.072973e+01    5.21781e-07     6.274014e-12    -3.851019e-13  
4.077878e+01    5.21467e-07     6.255165e-12    -3.834831e-13  
4.082783e+01    5.21154e-07     6.236395e-12    -3.818730e-13  
4.087688e+01    5.20841e-07     6.217704e-12    -3.802717e-13  
4.092593e+01    5.20529e-07     6.199091e-12    -3.786789e-13  
4.097497e+01    5.20217e-07     6.180556e-12    -3.770948e-13  
4.102402e+01    5.19906e-07     6.162099e-12    -3.755191e-13  
4.107307e+01    5.19596e-07     6.143719e-12    -3.739519e-13  
4.112212e+01    5.19286e-07     6.125415e-12    -3.723931e-13  
4.117117e+01    5.18976e-07     6.107187e-12    -3.708426e-13  
4.122022e+01    5.18668e-07     6.089036e-12    -3.693005e-13  
4.126927e+01    5.18359e-07     6.070960e-12    -3.677665e-13  
4.131832e+01    5.18051e-07     6.052959e-12    -3.662408e-13  
4.136737e+01    5.17744e-07     6.035032e-12    -3.647231e-13  
4.141642e+01    5.17438e-07     6.017180e-12    -3.632136e-13  
4.146547e+01    5.17131e-07     5.999402e-12    -3.617121e-13  
4.151451e+01    5.16826e-07     5.981697e-12    -3.602185e-13  
4.156356e+01    5.16521e-07     5.964065e-12    -3.587329e-13  
4.161261e+01    5.16216e-07     5.946506e-12    -3.572551e-13  
4.166166e+01    5.15912e-07     5.929019e-12    -3.557852e-13  
4.171071e+01    5.15609e-07     5.911604e-12    -3.543230e-13  
4.175976e+01    5.15306e-07     5.894260e-12    -3.528685e-13  
4.180881e+01    5.15004e-07     5.876988e-12    -3.514217e-13  
4.185786e+01    5.14702e-07     5.859787e-12    -3.499825e-13  
4.190691e+01    5.14401e-07     5.842656e-12    -3.485509e-13  
4.195596e+01    5.141e-07       5.825595e-12    -3.471268e-13  
4.200501e+01    5.138e-07       5.808603e-12    -3.457102e-13  
4.205405e+01    5.135e-07       5.791681e-12    -3.443010e-13  
4.210310e+01    5.13201e-07     5.774828e-12    -3.428992e-13  
4.215215e+01    5.12902e-07     5.758043e-12    -3.415047e-13  
4.220120e+01    5.12604e-07     5.741327e-12    -3.401175e-13  
4.225025e+01    5.12306e-07     5.724678e-12    -3.387376e-13  
4.229930e+01    5.12009e-07     5.708097e-12    -3.373648e-13  
4.234835e+01    5.11712e-07     5.691583e-12    -3.359991e-13  
4.239740e+01    5.11416e-07     5.675136e-12    -3.346406e-13  
4.244645e+01    5.11121e-07     5.658756e-12    -3.332891e-13  
4.249550e+01    5.10826e-07     5.642441e-12    -3.319447e-13  
4.254454e+01    5.10531e-07     5.626193e-12    -3.306072e-13  
4.259359e+01    5.10237e-07     5.610010e-12    -3.292766e-13  
4.264264e+01    5.09944e-07     5.593891e-12    -3.279529e-13  
4.269169e+01    5.09651e-07     5.577838e-12    -3.266360e-13  
4.274074e+01    5.09358e-07     5.561849e-12    -3.253259e-13  
4.278979e+01    5.09066e-07     5.545924e-12    -3.240226e-13  
4.283884e+01    5.08775e-07     5.530063e-12    -3.227260e-13  
4.288789e+01    5.08484e-07     5.514265e-12    -3.214360e-13  
4.293694e+01    5.08193e-07     5.498531e-12    -3.201526e-13  
4.298599e+01    5.07903e-07     5.482859e-12    -3.188759e-13  
4.303504e+01    5.07613e-07     5.467250e-12    -3.176057e-13  
4.308408e+01    5.07324e-07     5.451702e-12    -3.163419e-13  
4.313313e+01    5.07036e-07     5.436217e-12    -3.150847e-13  
4.318218e+01    5.06748e-07     5.420793e-12    -3.138338e-13  
4.323123e+01    5.0646e-07      5.405431e-12    -3.125893e-13  
4.328028e+01    5.06173e-07     5.390129e-12    -3.113512e-13  
4.332933e+01    5.05887e-07     5.374888e-12    -3.101194e-13  
4.337838e+01    5.05601e-07     5.359707e-12    -3.088938e-13  
4.342743e+01    5.05315e-07     5.344586e-12    -3.076744e-13  
4.347648e+01    5.0503e-07      5.329524e-12    -3.064613e-13  
4.352553e+01    5.04745e-07     5.314522e-12    -3.052542e-13  
4.357457e+01    5.04461e-07     5.299580e-12    -3.040533e-13  
4.362362e+01    5.04177e-07     5.284695e-12    -3.028584e-13  
4.367267e+01    5.03894e-07     5.269870e-12    -3.016696e-13  
4.372172e+01    5.03611e-07     5.255102e-12    -3.004868e-13  
4.377077e+01    5.03329e-07     5.240393e-12    -2.993099e-13  
4.381982e+01    5.03047e-07     5.225740e-12    -2.981389e-13  
4.386887e+01    5.02766e-07     5.211146e-12    -2.969739e-13  
4.391792e+01    5.02485e-07     5.196608e-12    -2.958146e-13  
4.396697e+01    5.02205e-07     5.182127e-12    -2.946612e-13  
4.401602e+01    5.01925e-07     5.167702e-12    -2.935136e-13  
4.406507e+01    5.01646e-07     5.153334e-12    -2.923717e-13  
4.411411e+01    5.01367e-07     5.139021e-12    -2.912355e-13  
4.416316e+01    5.01088e-07     5.124764e-12    -2.901049e-13  
4.421221e+01    5.0081e-07      5.110562e-12    -2.889800e-13  
4.426126e+01    5.00533e-07     5.096416e-12    -2.878608e-13  
4.431031e+01    5.00255e-07     5.082324e-12    -2.867470e-13  
4.435936e+01    4.99979e-07     5.068286e-12    -2.856389e-13  
4.440841e+01    4.99703e-07     5.054303e-12    -2.845362e-13  
4.445746e+01    4.99427e-07     5.040374e-12    -2.834389e-13  
4.450651e+01    4.99152e-07     5.026498e-12    -2.823472e-13  
4.455556e+01    4.98877e-07     5.012676e-12    -2.812608e-13  
4.460460e+01    4.98602e-07     4.998907e-12    -2.801798e-13  
4.465365e+01    4.98329e-07     4.985191e-12    -2.791041e-13  
4.470270e+01    4.98055e-07     4.971528e-12    -2.780337e-13  
4.475175e+01    4.97782e-07     4.957916e-12    -2.769686e-13  
4.480080e+01    4.97509e-07     4.944357e-12    -2.759087e-13  
4.484985e+01    4.97237e-07     4.930850e-12    -2.748541e-13  
4.489890e+01    4.96966e-07     4.917395e-12    -2.738046e-13  
4.494795e+01    4.96694e-07     4.903991e-12    -2.727603e-13  
4.499700e+01    4.96424e-07     4.890638e-12    -2.717211e-13  
4.504605e+01    4.96153e-07     4.877335e-12    -2.706869e-13  
4.509510e+01    4.95883e-07     4.864084e-12    -2.696579e-13  
4.514414e+01    4.95614e-07     4.850882e-12    -2.686338e-13  
4.519319e+01    4.95345e-07     4.837731e-12    -2.676148e-13  
4.524224e+01    4.95076e-07     4.824630e-12    -2.666007e-13  
4.529129e+01    4.94808e-07     4.811578e-12    -2.655915e-13  
4.534034e+01    4.9454e-07      4.798576e-12    -2.645873e-13  
4.538939e+01    4.94273e-07     4.785623e-12    -2.635879e-13  
4.543844e+01    4.94006e-07     4.772718e-12    -2.625934e-13  
4.548749e+01    4.9374e-07      4.759863e-12    -2.616037e-13  
4.553654e+01    4.93474e-07     4.747056e-12    -2.606187e-13  
4.558559e+01    4.93208e-07     4.734297e-12    -2.596386e-13  
4.563463e+01    4.92943e-07     4.721586e-12    -2.586632e-13  
4.568368e+01    4.92679e-07     4.708922e-12    -2.576925e-13  
4.573273e+01    4.92414e-07     4.696306e-12    -2.567264e-13  
4.578178e+01    4.9215e-07      4.683738e-12    -2.557651e-13  
4.583083e+01    4.91887e-07     4.671216e-12    -2.548083e-13  
4.587988e+01    4.91624e-07     4.658742e-12    -2.538561e-13  
4.592893e+01    4.91361e-07     4.646313e-12    -2.529085e-13  
4.597798e+01    4.91099e-07     4.633932e-12    -2.519655e-13  
4.602703e+01    4.90838e-07     4.621596e-12    -2.510270e-13  
4.607608e+01    4.90576e-07     4.609306e-12    -2.500929e-13  
4.612513e+01    4.90315e-07     4.597063e-12    -2.491633e-13  
4.617417e+01    4.90055e-07     4.584864e-12    -2.482382e-13  
4.622322e+01    4.89795e-07     4.572711e-12    -2.473175e-13  
4.627227e+01    4.89535e-07     4.560603e-12    -2.464011e-13  
4.632132e+01    4.89276e-07     4.548539e-12    -2.454892e-13  
4.637037e+01    4.89017e-07     4.536521e-12    -2.445815e-13  
4.641942e+01    4.88759e-07     4.524546e-12    -2.436782e-13  
4.646847e+01    4.88501e-07     4.512616e-12    -2.427791e-13  
4.651752e+01    4.88243e-07     4.500730e-12    -2.418843e-13  
4.656657e+01    4.87986e-07     4.488888e-12    -2.409938e-13  
4.661562e+01    4.87729e-07     4.477089e-12    -2.401074e-13  
4.666466e+01    4.87473e-07     4.465334e-12    -2.392253e-13  
4.671371e+01    4.87217e-07     4.453622e-12    -2.383473e-13  
4.676276e+01    4.86961e-07     4.441952e-12    -2.374734e-13  
4.681181e+01    4.86706e-07     4.430326e-12    -2.366037e-13  
4.686086e+01    4.86451e-07     4.418742e-12    -2.357380e-13  
4.690991e+01    4.86197e-07     4.407200e-12    -2.348764e-13  
4.695896e+01    4.85943e-07     4.395701e-12    -2.340189e-13  
4.700801e+01    4.85689e-07     4.384244e-12    -2.331654e-13  
4.705706e+01    4.85436e-07     4.372828e-12    -2.323159e-13  
4.710611e+01    4.85183e-07     4.361454e-12    -2.314703e-13  
4.715516e+01    4.84931e-07     4.350121e-12    -2.306287e-13  
4.720420e+01    4.84679e-07     4.338830e-12    -2.297911e-13  
4.725325e+01    4.84427e-07     4.327579e-12    -2.289573e-13  
4.730230e+01    4.84176e-07     4.316369e-12    -2.281275e-13  
4.735135e+01    4.83925e-07     4.305200e-12    -2.273015e-13  
4.740040e+01    4.83675e-07     4.294072e-12    -2.264793e-13  
4.744945e+01    4.83424e-07     4.282983e-12    -2.256609e-13  
4.749850e+01    4.83175e-07     4.271935e-12    -2.248464e-13  
4.754755e+01    4.82926e-07     4.260926e-12    -2.240356e-13  
4.759660e+01    4.82677e-07     4.249957e-12    -2.232286e-13  
4.764565e+01    4.82428e-07     4.239028e-12    -2.224253e-13  
4.769469e+01    4.8218e-07      4.228138e-12    -2.216258e-13  
4.774374e+01    4.81932e-07     4.217287e-12    -2.208299e-13  
4.779279e+01    4.81685e-07     4.206475e-12    -2.200377e-13  
4.784184e+01    4.81438e-07     4.195701e-12    -2.192491e-13  
4.789089e+01    4.81191e-07     4.184967e-12    -2.184642e-13  
4.793994e+01    4.80945e-07     4.174271e-12    -2.176829e-13  
4.798899e+01    4.80699e-07     4.163612e-12    -2.169052e-13  
4.803804e+01    4.80454e-07     4.152993e-12    -2.161310e-13  
4.808709e+01    4.80209e-07     4.142410e-12    -2.153604e-13  
4.813614e+01    4.79964e-07     4.131866e-12    -2.145933e-13  
4.818519e+01    4.7972e-07      4.121359e-12    -2.138298e-13  
4.823423e+01    4.79476e-07     4.110890e-12    -2.130697e-13  
4.828328e+01    4.79232e-07     4.100458e-12    -2.123131e-13  
4.833233e+01    4.78989e-07     4.090062e-12    -2.115599e-13  
4.838138e+01    4.78746e-07     4.079704e-12    -2.108102e-13  
4.843043e+01    4.78503e-07     4.069382e-12    -2.100639e-13  
4.847948e+01    4.78261e-07     4.059097e-12    -2.093209e-13  
4.852853e+01    4.7802e-07      4.048848e-12    -2.085814e-13  
4.857758e+01    4.77778e-07     4.038636e-12    -2.078452e-13  
4.862663e+01    4.77537e-07     4.028459e-12    -2.071123e-13  
4.867568e+01    4.77296e-07     4.018318e-12    -2.063828e-13  
4.872472e+01    4.77056e-07     4.008213e-12    -2.056566e-13  
4.877377e+01    4.76816e-07     3.998144e-12    -2.049336e-13  
4.882282e+01    4.76577e-07     3.988110e-12    -2.042139e-13  
4.887187e+01    4.76337e-07     3.978111e-12    -2.034975e-13  
4.892092e+01    4.76099e-07     3.968147e-12    -2.027843e-13  
4.896997e+01    4.7586e-07      3.958218e-12    -2.020743e-13  
4.901902e+01    4.75622e-07     3.948324e-12    -2.013675e-13  
4.906807e+01    4.75384e-07     3.938464e-12    -2.006638e-13  
4.911712e+01    4.75147e-07     3.928639e-12    -1.999634e-13  
4.916617e+01    4.7491e-07      3.918848e-12    -1.992660e-13  
4.921522e+01    4.74673e-07     3.909091e-12    -1.985718e-13  
4.926426e+01    4.74437e-07     3.899369e-12    -1.978807e-13  
4.931331e+01    4.74201e-07     3.889680e-12    -1.971927e-13  
4.936236e+01    4.73965e-07     3.880024e-12    -1.965077e-13  
4.941141e+01    4.7373e-07      3.870403e-12    -1.958259e-13  
4.946046e+01    4.73495e-07     3.860814e-12    -1.951470e-13  
4.950951e+01    4.7326e-07      3.851259e-12    -1.944712e-13  
4.955856e+01    4.73026e-07     3.841737e-12    -1.937984e-13  
4.960761e+01    4.72792e-07     3.832248e-12    -1.931285e-13  
4.965666e+01    4.72558e-07     3.822792e-12    -1.924617e-13  
4.970571e+01    4.72325e-07     3.813368e-12    -1.917978e-13  
4.975475e+01    4.72092e-07     3.803977e-12    -1.911368e-13  
4.980380e+01    4.7186e-07      3.794618e-12    -1.904788e-13  
4.985285e+01    4.71628e-07     3.785291e-12    -1.898237e-13  
4.990190e+01    4.71396e-07     3.775996e-12    -1.891714e-13  
4.995095e+01    4.71164e-07     3.766734e-12    -1.885221e-13  
5.000000e+01    4.70933e-07     3.757503e-12    -9.409907e-14  
