0 0 0.10049
0 1 0.10147
0 2 0.10245
0 3 0.103431
0 4 0.104411
0 5 0.105391
0 6 0.106371
0 7 0.107352
0 8 0.108332
0 9 0.109312
0 10 0.110292
0 11 0.111272
0 12 0.112253
0 13 0.113233
0 14 0.114213
0 15 0.115193
0 16 0.116173
0 17 0.117153
0 18 0.118134
0 19 0.119114
0 20 0.120094
0 21 0.121074
0 22 0.122054
0 23 0.123035
0 24 0.124015
0 25 0.124995
0 26 0.125975
0 27 0.126955
0 28 0.127936
0 29 0.128916
0 30 0.129896
0 31 0.130876
0 32 0.131856
0 33 0.132837
0 34 0.133817
0 35 0.134797
0 36 0.135777
0 37 0.136757
0 38 0.137738
0 39 0.138718
0 40 0.139698
0 41 0.140678
0 42 0.141658
0 43 0.142639
0 44 0.143619
0 45 0.144599
0 46 0.145579
0 47 0.146559
0 48 0.147539
0 49 0.14852
0 50 0.1495
0 51 0.15048
0 52 0.15146
0 53 0.152441
0 54 0.153421
0 55 0.154401
0 56 0.155381
0 57 0.156361
0 58 0.157341
0 59 0.158322
0 60 0.159302
0 61 0.160282
0 62 0.161262
0 63 0.162242
0 64 0.163223
0 65 0.164203
0 66 0.165183
0 67 0.166163
0 68 0.167143
0 69 0.168124
0 70 0.169104
0 71 0.170084
0 72 0.171064
0 73 0.172044
0 74 0.173025
0 75 0.174005
0 76 0.174985
0 77 0.175965
0 78 0.176945
0 79 0.177926
0 80 0.178906
0 81 0.179886
0 82 0.180866
0 83 0.181846
0 84 0.182827
0 85 0.183807
0 86 0.184787
0 87 0.185767
0 88 0.186747
0 89 0.187727
0 90 0.188708
0 91 0.189688
0 92 0.190668
0 93 0.191648
0 94 0.192629
0 95 0.193609
0 96 0.194589
0 97 0.195569
0 98 0.196549
0 99 0.197529
0 100 0.19851
0 101 0.19949
0 102 0.20047
0 103 0.20145
0 104 0.202431
0 105 0.203411
0 106 0.204391
0 107 0.205371
0 108 0.206351
0 109 0.207332
0 110 0.208312
0 111 0.209292
0 112 0.210272
0 113 0.211252
0 114 0.212232
0 115 0.213213
0 116 0.214193
0 117 0.215173
0 118 0.216153
0 119 0.217133
0 120 0.218114
0 121 0.219094
0 122 0.220074
0 123 0.221054
0 124 0.222034
0 125 0.223015
0 126 0.223995
0 127 0.224975
0 128 0.225955
0 129 0.226935
0 130 0.227916
0 131 0.228896
0 132 0.229876
0 133 0.230856
0 134 0.231836
0 135 0.232817
0 136 0.233797
0 137 0.234777
0 138 0.235757
0 139 0.236737
0 140 0.237717
0 141 0.238698
0 142 0.239678
0 143 0.240658
0 144 0.241638
0 145 0.242618
0 146 0.243599
0 147 0.244579
0 148 0.245559
0 149 0.246539
0 150 0.24752
0 151 0.2485
0 152 0.24948
0 153 0.25046
0 154 0.25144
0 155 0.25242
0 156 0.253401
0 157 0.254381
0 158 0.255361
0 159 0.256341
0 160 0.257321
0 161 0.258302
0 162 0.259282
0 163 0.260262
0 164 0.261242
0 165 0.262222
0 166 0.263203
0 167 0.264183
0 168 0.265163
0 169 0.266143
0 170 0.267123
0 171 0.268104
0 172 0.269084
0 173 0.270064
0 174 0.271044
0 175 0.272024
0 176 0.273005
0 177 0.273985
0 178 0.274965
0 179 0.275945
0 180 0.276925
0 181 0.277906
0 182 0.278886
0 183 0.279866
0 184 0.280846
0 185 0.281826
0 186 0.282807
0 187 0.283787
0 188 0.284767
0 189 0.285747
0 190 0.286727
0 191 0.287708
0 192 0.288688
0 193 0.289668
0 194 0.290648
0 195 0.291628
0 196 0.292608
0 197 0.293589
0 198 0.294569
0 199 0.295549
0 200 0.296529
0 201 0.297509
0 202 0.29849
0 203 0.29947
0 204 0.30045
0 205 0.30143
0 206 0.302411
0 207 0.303391
0 208 0.304371
0 209 0.305351
0 210 0.306331
0 211 0.307312
0 212 0.308292
0 213 0.309272
0 214 0.310252
0 215 0.311232
0 216 0.312212
0 217 0.313193
0 218 0.314173
0 219 0.315153
0 220 0.316133
0 221 0.317113
0 222 0.318094
0 223 0.319074
0 224 0.320054
0 225 0.321034
0 226 0.322014
0 227 0.322995
0 228 0.323975
0 229 0.324955
0 230 0.325935
0 231 0.326915
0 232 0.327896
0 233 0.328876
0 234 0.329856
0 235 0.330836
0 236 0.331816
0 237 0.332797
0 238 0.333777
0 239 0.334757
0 240 0.335737
0 241 0.336717
0 242 0.337697
0 243 0.338678
0 244 0.339658
0 245 0.340638
0 246 0.341618
0 247 0.342598
0 248 0.343579
0 249 0.344559
0 250 0.345539
0 251 0.346519
0 252 0.3475
0 253 0.34848
0 254 0.34946
0 255 0.35044
0 256 0.35142
0 257 0.352401
0 258 0.353381
0 259 0.354361
0 260 0.355341
0 261 0.356321
0 262 0.357301
0 263 0.358282
0 264 0.359262
0 265 0.360242
0 266 0.361222
0 267 0.362202
0 268 0.363183
0 269 0.364163
0 270 0.365143
0 271 0.366123
0 272 0.367103
0 273 0.368084
0 274 0.369064
0 275 0.370044
0 276 0.371024
0 277 0.372004
0 278 0.372985
0 279 0.373965
0 280 0.374945
0 281 0.375925
0 282 0.376905
0 283 0.377886
0 284 0.378866
0 285 0.379846
0 286 0.380826
0 287 0.381806
0 288 0.382787
0 289 0.383767
0 290 0.384747
0 291 0.385727
0 292 0.386707
0 293 0.387688
0 294 0.388668
0 295 0.389648
0 296 0.390628
0 297 0.391608
0 298 0.392589
0 299 0.393569
0 300 0.394549
0 301 0.395529
0 302 0.396509
0 303 0.397489
0 304 0.39847
0 305 0.39945
0 306 0.40043
0 307 0.40141
0 308 0.40239
0 309 0.403371
0 310 0.404351
0 311 0.405331
0 312 0.406311
0 313 0.407291
0 314 0.408272
0 315 0.409252
0 316 0.410232
0 317 0.411212
0 318 0.412192
0 319 0.413173
0 320 0.414153
0 321 0.415133
0 322 0.416113
0 323 0.417093
0 324 0.418074
0 325 0.419054
0 326 0.420034
0 327 0.421014
0 328 0.421994
0 329 0.422975
0 330 0.423955
0 331 0.424935
0 332 0.425915
0 333 0.426895
0 334 0.427876
0 335 0.428856
0 336 0.429836
0 337 0.430816
0 338 0.431796
0 339 0.432777
0 340 0.433757
0 341 0.434737
0 342 0.435717
0 343 0.436697
0 344 0.437677
0 345 0.438658
0 346 0.439638
0 347 0.440618
0 348 0.441598
0 349 0.442578
0 350 0.443559
0 351 0.444539
0 352 0.445519
0 353 0.446499
0 354 0.447479
0 355 0.44846
0 356 0.44944
0 357 0.45042
0 358 0.4514
0 359 0.452381
0 360 0.453361
0 361 0.454341
0 362 0.455321
0 363 0.456301
0 364 0.457282
0 365 0.458262
0 366 0.459242
0 367 0.460222
0 368 0.461202
0 369 0.462182
0 370 0.463163
0 371 0.464143
0 372 0.465123
0 373 0.466103
0 374 0.467083
0 375 0.468064
0 376 0.469044
0 377 0.470024
0 378 0.471004
0 379 0.471984
0 380 0.472965
0 381 0.473945
0 382 0.474925
0 383 0.475905
0 384 0.476885
0 385 0.477866
0 386 0.478846
0 387 0.479826
0 388 0.480806
0 389 0.481786
0 390 0.482767
0 391 0.483747
0 392 0.484727
0 393 0.485707
0 394 0.486687
0 395 0.487667
0 396 0.488648
0 397 0.489628
0 398 0.490608
0 399 0.491588
0 400 0.492569
0 401 0.493549
0 402 0.494529
0 403 0.495509
0 404 0.496489
0 405 0.49747
0 406 0.49845
0 407 0.49943
0 408 0.50041
0 409 0.50139
0 410 0.502371
0 411 0.503351
0 412 0.504331
0 413 0.505311
0 414 0.506291
0 415 0.507271
0 416 0.508252
0 417 0.509232
0 418 0.510212
0 419 0.511192
0 420 0.512172
0 421 0.513153
0 422 0.514133
0 423 0.515113
0 424 0.516093
0 425 0.517073
0 426 0.518054
0 427 0.519034
0 428 0.520014
0 429 0.520994
0 430 0.521974
0 431 0.522955
0 432 0.523935
0 433 0.524915
0 434 0.525895
0 435 0.526875
0 436 0.527856
0 437 0.528836
0 438 0.529816
0 439 0.530796
0 440 0.531776
0 441 0.532757
0 442 0.533737
0 443 0.534717
0 444 0.535697
0 445 0.536677
0 446 0.537658
0 447 0.538638
0 448 0.539618
0 449 0.540598
0 450 0.541578
0 451 0.542559
0 452 0.543539
0 453 0.544519
0 454 0.545499
0 455 0.546479
0 456 0.547459
0 457 0.54844
0 458 0.54942
0 459 0.5504
0 460 0.55138
0 461 0.552361
0 462 0.553341
0 463 0.554321
0 464 0.555301
0 465 0.556281
0 466 0.557261
0 467 0.558242
0 468 0.559222
0 469 0.560202
0 470 0.561182
0 471 0.562162
0 472 0.563143
0 473 0.564123
0 474 0.565103
0 475 0.566083
0 476 0.567063
0 477 0.568044
0 478 0.569024
0 479 0.570004
0 480 0.570984
0 481 0.571964
0 482 0.572945
0 483 0.573925
0 484 0.574905
0 485 0.575885
0 486 0.576865
0 487 0.577846
0 488 0.578826
0 489 0.579806
0 490 0.580786
0 491 0.581766
0 492 0.582746
0 493 0.583727
0 494 0.584707
0 495 0.585687
0 496 0.586667
0 497 0.587647
0 498 0.588628
0 499 0.589608
0 500 0.590588
0 501 0.591568
0 502 0.592549
0 503 0.593529
0 504 0.594509
0 505 0.595489
0 506 0.596469
0 507 0.597449
0 508 0.59843
0 509 0.59941
0 510 0.60039
0 511 0.60137
0 512 0.602351
0 513 0.603331
0 514 0.604311
0 515 0.605291
0 516 0.606271
0 517 0.607252
0 518 0.608232
0 519 0.609212
0 520 0.610192
0 521 0.611172
0 522 0.612152
0 523 0.613133
0 524 0.614113
0 525 0.615093
0 526 0.616073
0 527 0.617053
0 528 0.618034
0 529 0.619014
0 530 0.619994
0 531 0.620974
0 532 0.621954
0 533 0.622935
0 534 0.623915
0 535 0.624895
0 536 0.625875
0 537 0.626855
0 538 0.627836
0 539 0.628816
0 540 0.629796
0 541 0.630776
0 542 0.631756
0 543 0.632737
0 544 0.633717
0 545 0.634697
0 546 0.635677
0 547 0.636657
0 548 0.637637
0 549 0.638618
0 550 0.639598
0 551 0.640578
0 552 0.641558
0 553 0.642539
0 554 0.643519
0 555 0.644499
0 556 0.645479
0 557 0.646459
0 558 0.647439
0 559 0.64842
0 560 0.6494
0 561 0.65038
0 562 0.65136
0 563 0.65234
0 564 0.653321
0 565 0.654301
0 566 0.655281
0 567 0.656261
0 568 0.657241
0 569 0.658222
0 570 0.659202
0 571 0.660182
0 572 0.661162
0 573 0.662142
0 574 0.663123
0 575 0.664103
0 576 0.665083
0 577 0.666063
0 578 0.667043
0 579 0.668024
0 580 0.669004
0 581 0.669984
0 582 0.670964
0 583 0.671944
0 584 0.672925
0 585 0.673905
0 586 0.674885
0 587 0.675865
0 588 0.676845
0 589 0.677826
0 590 0.678806
0 591 0.679786
0 592 0.680766
0 593 0.681746
0 594 0.682727
0 595 0.683707
0 596 0.684687
0 597 0.685667
0 598 0.686647
0 599 0.687627
0 600 0.688608
0 601 0.689588
0 602 0.690568
0 603 0.691548
0 604 0.692528
0 605 0.693509
0 606 0.694489
0 607 0.695469
0 608 0.696449
0 609 0.69743
0 610 0.69841
0 611 0.69939
0 612 0.70037
0 613 0.70135
0 614 0.70233
0 615 0.703311
0 616 0.704291
0 617 0.705271
0 618 0.706251
0 619 0.707231
0 620 0.708212
0 621 0.709192
0 622 0.710172
0 623 0.711152
0 624 0.712132
0 625 0.713113
0 626 0.714093
0 627 0.715073
0 628 0.716053
0 629 0.717033
0 630 0.718014
0 631 0.718994
0 632 0.719974
0 633 0.720954
0 634 0.721934
0 635 0.722915
0 636 0.723895
0 637 0.724875
0 638 0.725855
0 639 0.726835
0 640 0.727816
0 641 0.728796
0 642 0.729776
0 643 0.730756
0 644 0.731736
0 645 0.732716
0 646 0.733697
0 647 0.734677
0 648 0.735657
0 649 0.736637
0 650 0.737618
0 651 0.738598
0 652 0.739578
0 653 0.740558
0 654 0.741538
0 655 0.742518
0 656 0.743499
0 657 0.744479
0 658 0.745459
0 659 0.746439
0 660 0.74742
0 661 0.7484
0 662 0.74938
0 663 0.75036
0 664 0.75134
0 665 0.75232
0 666 0.753301
0 667 0.754281
0 668 0.755261
0 669 0.756241
0 670 0.757221
0 671 0.758202
0 672 0.759182
0 673 0.760162
0 674 0.761142
0 675 0.762122
0 676 0.763103
0 677 0.764083
0 678 0.765063
0 679 0.766043
0 680 0.767023
0 681 0.768004
0 682 0.768984
0 683 0.769964
0 684 0.770944
0 685 0.771924
0 686 0.772905
0 687 0.773885
0 688 0.774865
0 689 0.775845
0 690 0.776825
0 691 0.777806
0 692 0.778786
0 693 0.779766
0 694 0.780746
0 695 0.781726
0 696 0.782706
0 697 0.783687
0 698 0.784667
0 699 0.785647
0 700 0.786627
0 701 0.787608
0 702 0.788588
0 703 0.789568
0 704 0.790548
0 705 0.791528
0 706 0.792508
0 707 0.793489
0 708 0.794469
0 709 0.795449
0 710 0.796429
0 711 0.797409
0 712 0.79839
0 713 0.79937
0 714 0.80035
0 715 0.80133
0 716 0.802311
0 717 0.803291
0 718 0.804271
0 719 0.805251
0 720 0.806231
0 721 0.807211
0 722 0.808192
0 723 0.809172
0 724 0.810152
0 725 0.811132
0 726 0.812112
0 727 0.813093
0 728 0.814073
0 729 0.815053
0 730 0.816033
0 731 0.817013
0 732 0.817994
0 733 0.818974
0 734 0.819954
0 735 0.820934
0 736 0.821914
0 737 0.822895
0 738 0.823875
0 739 0.824855
0 740 0.825835
0 741 0.826815
0 742 0.827796
0 743 0.828776
0 744 0.829756
0 745 0.830736
0 746 0.831716
0 747 0.832696
0 748 0.833677
0 749 0.834657
0 750 0.835637
0 751 0.836617
0 752 0.837597
0 753 0.838578
0 754 0.839558
0 755 0.840538
0 756 0.841518
0 757 0.842499
0 758 0.843479
0 759 0.844459
0 760 0.845439
0 761 0.846419
0 762 0.847399
0 763 0.84838
0 764 0.84936
0 765 0.85034
0 766 0.85132
0 767 0.852301
0 768 0.853281
0 769 0.854261
0 770 0.855241
0 771 0.856221
0 772 0.857201
0 773 0.858182
0 774 0.859162
0 775 0.860142
0 776 0.861122
0 777 0.862102
0 778 0.863083
0 779 0.864063
0 780 0.865043
0 781 0.866023
0 782 0.867003
0 783 0.867984
0 784 0.868964
0 785 0.869944
0 786 0.870924
0 787 0.871904
0 788 0.872885
0 789 0.873865
0 790 0.874845
0 791 0.875825
0 792 0.876805
0 793 0.877786
0 794 0.878766
0 795 0.879746
0 796 0.880726
0 797 0.881706
0 798 0.882687
0 799 0.883667
0 800 0.884647
0 801 0.885627
0 802 0.886607
0 803 0.887587
0 804 0.888568
0 805 0.889548
0 806 0.890528
0 807 0.891508
0 808 0.892489
0 809 0.893469
0 810 0.894449
0 811 0.895429
0 812 0.896409
0 813 0.897389
0 814 0.89837
0 815 0.89935
0 816 0.90033
0 817 0.90131
0 818 0.90229
0 819 0.903271
0 820 0.904251
0 821 0.905231
0 822 0.906211
0 823 0.907191
0 824 0.908172
0 825 0.909152
0 826 0.910132
0 827 0.911112
0 828 0.912092
0 829 0.913073
0 830 0.914053
0 831 0.915033
0 832 0.916013
0 833 0.916993
0 834 0.917974
0 835 0.918954
0 836 0.919934
0 837 0.920914
0 838 0.921894
0 839 0.922875
0 840 0.923855
0 841 0.924835
0 842 0.925815
0 843 0.926795
0 844 0.927776
0 845 0.928756
0 846 0.929736
0 847 0.930716
0 848 0.931696
0 849 0.932677
0 850 0.933657
0 851 0.934637
0 852 0.935617
0 853 0.936597
0 854 0.937577
0 855 0.938558
0 856 0.939538
0 857 0.940518
0 858 0.941498
0 859 0.942478
0 860 0.943459
0 861 0.944439
0 862 0.945419
0 863 0.946399
0 864 0.94738
0 865 0.94836
0 866 0.94934
0 867 0.95032
0 868 0.9513
0 869 0.95228
0 870 0.953261
0 871 0.954241
0 872 0.955221
0 873 0.956201
0 874 0.957181
0 875 0.958162
0 876 0.959142
0 877 0.960122
0 878 0.961102
0 879 0.962082
0 880 0.963063
0 881 0.964043
0 882 0.965023
0 883 0.966003
0 884 0.966983
0 885 0.967964
0 886 0.968944
0 887 0.969924
0 888 0.970904
0 889 0.971884
0 890 0.972865
0 891 0.973845
0 892 0.974825
0 893 0.975805
0 894 0.976785
0 895 0.977766
0 896 0.978746
0 897 0.979726
0 898 0.980706
0 899 0.981686
0 900 0.982666
0 901 0.983647
0 902 0.984627
0 903 0.985607
0 904 0.986587
0 905 0.987568
0 906 0.988548
0 907 0.989528
0 908 0.990508
0 909 0.991488
0 910 0.992468
0 911 0.993449
0 912 0.994429
0 913 0.995409
0 914 0.996389
0 915 0.99737
0 916 0.99835
0 917 0.99933
0 918 1.00031
0 919 1.00129
0 920 1.00227
0 921 1.00325
0 922 1.00423
0 923 1.00521
0 924 1.00619
0 925 1.00717
0 926 1.00815
0 927 1.00913
0 928 1.01011
0 929 1.01109
0 930 1.01207
0 931 1.01305
0 932 1.01403
0 933 1.01501
0 934 1.01599
0 935 1.01697
0 936 1.01795
0 937 1.01893
0 938 1.01991
0 939 1.02089
0 940 1.02187
0 941 1.02286
0 942 1.02384
0 943 1.02482
0 944 1.0258
0 945 1.02677
0 946 1.02776
0 947 1.02874
0 948 1.02972
0 949 1.0307
0 950 1.03168
0 951 1.03266
0 952 1.03364
0 953 1.03462
0 954 1.0356
0 955 1.03658
0 956 1.03756
0 957 1.03854
0 958 1.03952
0 959 1.0405
0 960 1.04148
0 961 1.04246
0 962 1.04344
0 963 1.04442
0 964 1.0454
0 965 1.04638
0 966 1.04736
0 967 1.04834
0 968 1.04932
0 969 1.0503
0 970 1.05128
0 971 1.05226
0 972 1.05324
0 973 1.05422
0 974 1.0552
0 975 1.05618
0 976 1.05716
0 977 1.05814
0 978 1.05912
0 979 1.0601
0 980 1.06108
0 981 1.06206
0 982 1.06304
0 983 1.06402
0 984 1.065
0 985 1.06598
0 986 1.06696
0 987 1.06794
0 988 1.06892
0 989 1.0699
0 990 1.07088
0 991 1.07186
0 992 1.07285
0 993 1.07383
0 994 1.07481
0 995 1.07578
0 996 1.07676
0 997 1.07775
0 998 1.07873
0 999 1.07971
0 1000 1.08069
0 1001 1.08167
0 1002 1.08265
0 1003 1.08363
0 1004 1.08461
0 1005 1.08559
0 1006 1.08657
0 1007 1.08755
0 1008 1.08853
0 1009 1.08951
0 1010 1.09049
0 1011 1.09147
0 1012 1.09245
0 1013 1.09343
0 1014 1.09441
0 1015 1.09539
0 1016 1.09637
0 1017 1.09735
0 1018 1.09833
0 1019 1.09931
0 1020 1.10029
0 1021 1.10127
0 1022 1.10225
0 1023 1.10323
0 1024 1.10421
0 1025 1.10519
0 1026 1.10617
0 1027 1.10715
0 1028 1.10813
0 1029 1.10911
0 1030 1.11009
0 1031 1.11107
0 1032 1.11205
0 1033 1.11303
0 1034 1.11401
0 1035 1.11499
0 1036 1.11597
0 1037 1.11695
0 1038 1.11793
0 1039 1.11891
0 1040 1.11989
0 1041 1.12087
0 1042 1.12185
0 1043 1.12284
0 1044 1.12382
0 1045 1.12479
0 1046 1.12577
0 1047 1.12675
0 1048 1.12774
0 1049 1.12872
0 1050 1.1297
0 1051 1.13068
0 1052 1.13166
0 1053 1.13264
0 1054 1.13362
0 1055 1.1346
0 1056 1.13558
0 1057 1.13656
0 1058 1.13754
0 1059 1.13852
0 1060 1.1395
0 1061 1.14048
0 1062 1.14146
0 1063 1.14244
0 1064 1.14342
0 1065 1.1444
0 1066 1.14538
0 1067 1.14636
0 1068 1.14734
0 1069 1.14832
0 1070 1.1493
0 1071 1.15028
0 1072 1.15126
0 1073 1.15224
0 1074 1.15322
0 1075 1.1542
0 1076 1.15518
0 1077 1.15616
0 1078 1.15714
0 1079 1.15812
0 1080 1.1591
0 1081 1.16008
0 1082 1.16106
0 1083 1.16204
0 1084 1.16302
0 1085 1.164
0 1086 1.16498
0 1087 1.16596
0 1088 1.16694
0 1089 1.16792
0 1090 1.1689
0 1091 1.16988
0 1092 1.17086
0 1093 1.17184
0 1094 1.17283
0 1095 1.1738
0 1096 1.17478
0 1097 1.17576
0 1098 1.17674
0 1099 1.17773
0 1100 1.17871
0 1101 1.17969
0 1102 1.18067
0 1103 1.18165
0 1104 1.18263
0 1105 1.18361
0 1106 1.18459
0 1107 1.18557
0 1108 1.18655
0 1109 1.18753
0 1110 1.18851
0 1111 1.18949
0 1112 1.19047
0 1113 1.19145
0 1114 1.19243
0 1115 1.19341
0 1116 1.19439
0 1117 1.19537
0 1118 1.19635
0 1119 1.19733
0 1120 1.19831
0 1121 1.19929
0 1122 1.20027
0 1123 1.20125
0 1124 1.20223
0 1125 1.20321
0 1126 1.20419
0 1127 1.20517
0 1128 1.20615
0 1129 1.20713
0 1130 1.20811
0 1131 1.20909
0 1132 1.21007
0 1133 1.21105
0 1134 1.21203
0 1135 1.21301
0 1136 1.21399
0 1137 1.21497
0 1138 1.21595
0 1139 1.21693
0 1140 1.21791
0 1141 1.21889
0 1142 1.21987
0 1143 1.22085
0 1144 1.22183
0 1145 1.22281
0 1146 1.22379
0 1147 1.22477
0 1148 1.22575
0 1149 1.22673
0 1150 1.22772
0 1151 1.2287
0 1152 1.22968
0 1153 1.23066
0 1154 1.23164
0 1155 1.23262
0 1156 1.2336
0 1157 1.23458
0 1158 1.23556
0 1159 1.23654
0 1160 1.23752
0 1161 1.2385
0 1162 1.23948
0 1163 1.24046
0 1164 1.24144
0 1165 1.24242
0 1166 1.2434
0 1167 1.24438
0 1168 1.24536
0 1169 1.24634
0 1170 1.24732
0 1171 1.2483
0 1172 1.24928
0 1173 1.25026
0 1174 1.25124
0 1175 1.25222
0 1176 1.2532
0 1177 1.25418
0 1178 1.25516
0 1179 1.25614
0 1180 1.25712
0 1181 1.2581
0 1182 1.25908
0 1183 1.26006
0 1184 1.26104
0 1185 1.26202
0 1186 1.263
0 1187 1.26398
0 1188 1.26496
0 1189 1.26594
0 1190 1.26692
0 1191 1.2679
0 1192 1.26888
0 1193 1.26986
0 1194 1.27084
0 1195 1.27182
0 1196 1.2728
0 1197 1.27378
0 1198 1.27476
0 1199 1.27574
0 1200 1.27673
0 1201 1.27771
0 1202 1.27869
0 1203 1.27967
0 1204 1.28065
0 1205 1.28163
0 1206 1.28261
0 1207 1.28359
0 1208 1.28457
0 1209 1.28555
0 1210 1.28653
0 1211 1.28751
0 1212 1.28849
0 1213 1.28947
0 1214 1.29045
0 1215 1.29143
0 1216 1.29241
0 1217 1.29339
0 1218 1.29437
0 1219 1.29535
0 1220 1.29633
0 1221 1.29731
0 1222 1.29829
0 1223 1.29927
0 1224 1.30025
0 1225 1.30123
0 1226 1.30221
0 1227 1.30319
0 1228 1.30417
0 1229 1.30515
0 1230 1.30613
0 1231 1.30711
0 1232 1.30809
0 1233 1.30907
0 1234 1.31005
0 1235 1.31103
0 1236 1.31201
0 1237 1.31299
0 1238 1.31397
0 1239 1.31495
0 1240 1.31593
0 1241 1.31691
0 1242 1.31789
0 1243 1.31887
0 1244 1.31985
0 1245 1.32083
0 1246 1.32181
0 1247 1.32279
0 1248 1.32377
0 1249 1.32475
0 1250 1.32574
0 1251 1.32672
0 1252 1.3277
0 1253 1.32868
0 1254 1.32966
0 1255 1.33064
0 1256 1.33162
0 1257 1.3326
0 1258 1.33358
0 1259 1.33456
0 1260 1.33554
0 1261 1.33652
0 1262 1.3375
0 1263 1.33848
0 1264 1.33946
0 1265 1.34044
0 1266 1.34142
0 1267 1.3424
0 1268 1.34338
0 1269 1.34436
0 1270 1.34534
0 1271 1.34632
0 1272 1.3473
0 1273 1.34828
0 1274 1.34926
0 1275 1.35024
0 1276 1.35122
0 1277 1.3522
0 1278 1.35318
0 1279 1.35416
0 1280 1.35514
0 1281 1.35612
0 1282 1.3571
0 1283 1.35808
0 1284 1.35906
0 1285 1.36004
0 1286 1.36102
0 1287 1.362
0 1288 1.36298
0 1289 1.36396
0 1290 1.36494
0 1291 1.36592
0 1292 1.3669
0 1293 1.36788
0 1294 1.36886
0 1295 1.36984
0 1296 1.37082
0 1297 1.3718
0 1298 1.37278
0 1299 1.37376
0 1300 1.37475
0 1301 1.37573
0 1302 1.37671
0 1303 1.37769
0 1304 1.37867
0 1305 1.37965
0 1306 1.38063
0 1307 1.38161
0 1308 1.38259
0 1309 1.38357
0 1310 1.38455
0 1311 1.38553
0 1312 1.38651
0 1313 1.38749
0 1314 1.38847
0 1315 1.38945
0 1316 1.39043
0 1317 1.39141
0 1318 1.39239
0 1319 1.39337
0 1320 1.39435
0 1321 1.39533
0 1322 1.39631
0 1323 1.39729
0 1324 1.39827
0 1325 1.39925
0 1326 1.40023
0 1327 1.40121
0 1328 1.40219
0 1329 1.40317
0 1330 1.40415
0 1331 1.40513
0 1332 1.40611
0 1333 1.40709
0 1334 1.40807
0 1335 1.40905
0 1336 1.41003
0 1337 1.41101
0 1338 1.41199
0 1339 1.41297
0 1340 1.41395
0 1341 1.41493
0 1342 1.41591
0 1343 1.41689
0 1344 1.41787
0 1345 1.41885
0 1346 1.41983
0 1347 1.42081
0 1348 1.42179
0 1349 1.42277
0 1350 1.42376
0 1351 1.42474
0 1352 1.42572
0 1353 1.4267
0 1354 1.42768
0 1355 1.42866
0 1356 1.42964
0 1357 1.43062
0 1358 1.4316
0 1359 1.43258
0 1360 1.43356
0 1361 1.43454
0 1362 1.43552
0 1363 1.4365
0 1364 1.43748
0 1365 1.43846
0 1366 1.43944
0 1367 1.44042
0 1368 1.4414
0 1369 1.44238
0 1370 1.44336
0 1371 1.44434
0 1372 1.44532
0 1373 1.4463
0 1374 1.44728
0 1375 1.44826
0 1376 1.44924
0 1377 1.45022
0 1378 1.4512
0 1379 1.45218
0 1380 1.45316
0 1381 1.45414
0 1382 1.45512
0 1383 1.4561
0 1384 1.45708
0 1385 1.45806
0 1386 1.45904
0 1387 1.46002
0 1388 1.461
0 1389 1.46198
0 1390 1.46296
0 1391 1.46394
0 1392 1.46492
0 1393 1.4659
0 1394 1.46688
0 1395 1.46786
0 1396 1.46884
0 1397 1.46982
0 1398 1.4708
0 1399 1.47178
0 1400 1.47277
0 1401 1.47375
0 1402 1.47473
0 1403 1.47571
0 1404 1.47669
0 1405 1.47767
0 1406 1.47865
0 1407 1.47963
0 1408 1.48061
0 1409 1.48159
0 1410 1.48257
0 1411 1.48355
0 1412 1.48453
0 1413 1.48551
0 1414 1.48649
0 1415 1.48747
0 1416 1.48845
0 1417 1.48943
0 1418 1.49041
0 1419 1.49139
0 1420 1.49237
0 1421 1.49335
0 1422 1.49433
0 1423 1.49531
0 1424 1.49629
0 1425 1.49727
0 1426 1.49825
0 1427 1.49923
0 1428 1.50021
0 1429 1.50119
0 1430 1.50217
0 1431 1.50315
0 1432 1.50413
0 1433 1.50511
0 1434 1.50609
0 1435 1.50707
0 1436 1.50805
0 1437 1.50903
0 1438 1.51001
0 1439 1.51099
0 1440 1.51197
0 1441 1.51295
0 1442 1.51393
0 1443 1.51491
0 1444 1.51589
0 1445 1.51687
0 1446 1.51785
0 1447 1.51883
0 1448 1.51981
0 1449 1.52079
0 1450 1.52177
0 1451 1.52276
0 1452 1.52374
0 1453 1.52472
0 1454 1.5257
0 1455 1.52668
0 1456 1.52766
0 1457 1.52864
0 1458 1.52962
0 1459 1.5306
0 1460 1.53158
0 1461 1.53256
0 1462 1.53354
0 1463 1.53452
0 1464 1.5355
0 1465 1.53648
0 1466 1.53746
0 1467 1.53844
0 1468 1.53942
0 1469 1.5404
0 1470 1.54138
0 1471 1.54236
0 1472 1.54334
0 1473 1.54432
0 1474 1.5453
0 1475 1.54628
0 1476 1.54726
0 1477 1.54824
0 1478 1.54922
0 1479 1.5502
0 1480 1.55118
0 1481 1.55216
0 1482 1.55314
0 1483 1.55412
0 1484 1.5551
0 1485 1.55608
0 1486 1.55706
0 1487 1.55804
0 1488 1.55902
0 1489 1.56
0 1490 1.56098
0 1491 1.56196
0 1492 1.56294
0 1493 1.56392
0 1494 1.5649
0 1495 1.56588
0 1496 1.56686
0 1497 1.56784
0 1498 1.56882
0 1499 1.5698
0 1500 1.57078
0 1501 1.57176
0 1502 1.57275
0 1503 1.57373
0 1504 1.57471
0 1505 1.57569
0 1506 1.57666
0 1507 1.57765
0 1508 1.57863
0 1509 1.57961
0 1510 1.58059
0 1511 1.58157
0 1512 1.58255
0 1513 1.58353
0 1514 1.58451
0 1515 1.58549
0 1516 1.58647
0 1517 1.58745
0 1518 1.58843
0 1519 1.58941
0 1520 1.59039
0 1521 1.59137
0 1522 1.59235
0 1523 1.59333
0 1524 1.59431
0 1525 1.59529
0 1526 1.59627
0 1527 1.59725
0 1528 1.59823
0 1529 1.59921
0 1530 1.60019
0 1531 1.60117
0 1532 1.60215
0 1533 1.60313
0 1534 1.60411
0 1535 1.60509
0 1536 1.60607
0 1537 1.60705
0 1538 1.60803
0 1539 1.60901
0 1540 1.60999
0 1541 1.61097
0 1542 1.61195
0 1543 1.61293
0 1544 1.61391
0 1545 1.61489
0 1546 1.61587
0 1547 1.61685
0 1548 1.61783
0 1549 1.61881
0 1550 1.61979
0 1551 1.62077
0 1552 1.62175
0 1553 1.62274
0 1554 1.62372
0 1555 1.6247
0 1556 1.62567
0 1557 1.62665
0 1558 1.62764
0 1559 1.62862
0 1560 1.6296
0 1561 1.63058
0 1562 1.63156
0 1563 1.63254
0 1564 1.63352
0 1565 1.6345
0 1566 1.63548
0 1567 1.63646
0 1568 1.63744
0 1569 1.63842
0 1570 1.6394
0 1571 1.64038
0 1572 1.64136
0 1573 1.64234
0 1574 1.64332
0 1575 1.6443
0 1576 1.64528
0 1577 1.64626
0 1578 1.64724
0 1579 1.64822
0 1580 1.6492
0 1581 1.65018
0 1582 1.65116
0 1583 1.65214
0 1584 1.65312
0 1585 1.6541
0 1586 1.65508
0 1587 1.65606
0 1588 1.65704
0 1589 1.65802
0 1590 1.659
0 1591 1.65998
0 1592 1.66096
0 1593 1.66194
0 1594 1.66292
0 1595 1.6639
0 1596 1.66488
0 1597 1.66586
0 1598 1.66684
0 1599 1.66782
0 1600 1.6688
0 1601 1.66978
0 1602 1.67076
0 1603 1.67174
0 1604 1.67273
0 1605 1.6737
0 1606 1.67468
0 1607 1.67566
0 1608 1.67664
0 1609 1.67763
0 1610 1.67861
0 1611 1.67959
0 1612 1.68057
0 1613 1.68155
0 1614 1.68253
0 1615 1.68351
0 1616 1.68449
0 1617 1.68547
0 1618 1.68645
0 1619 1.68743
0 1620 1.68841
0 1621 1.68939
0 1622 1.69037
0 1623 1.69135
0 1624 1.69233
0 1625 1.69331
0 1626 1.69429
0 1627 1.69527
0 1628 1.69625
0 1629 1.69723
0 1630 1.69821
0 1631 1.69919
0 1632 1.70017
0 1633 1.70115
0 1634 1.70213
0 1635 1.70311
0 1636 1.70409
0 1637 1.70507
0 1638 1.70605
0 1639 1.70703
0 1640 1.70801
0 1641 1.70899
0 1642 1.70997
0 1643 1.71095
0 1644 1.71193
0 1645 1.71291
0 1646 1.71389
0 1647 1.71487
0 1648 1.71585
0 1649 1.71683
0 1650 1.71781
0 1651 1.71879
0 1652 1.71977
0 1653 1.72075
0 1654 1.72173
0 1655 1.72271
0 1656 1.72369
0 1657 1.72467
0 1658 1.72565
0 1659 1.72663
0 1660 1.72762
0 1661 1.7286
0 1662 1.72958
0 1663 1.73056
0 1664 1.73154
0 1665 1.73252
0 1666 1.7335
0 1667 1.73448
0 1668 1.73546
0 1669 1.73644
0 1670 1.73742
0 1671 1.7384
0 1672 1.73938
0 1673 1.74036
0 1674 1.74134
0 1675 1.74232
0 1676 1.7433
0 1677 1.74428
0 1678 1.74526
0 1679 1.74624
0 1680 1.74722
0 1681 1.7482
0 1682 1.74918
0 1683 1.75016
0 1684 1.75114
0 1685 1.75212
0 1686 1.7531
0 1687 1.75408
0 1688 1.75506
0 1689 1.75604
0 1690 1.75702
0 1691 1.758
0 1692 1.75898
0 1693 1.75996
0 1694 1.76094
0 1695 1.76192
0 1696 1.7629
0 1697 1.76388
0 1698 1.76486
0 1699 1.76584
0 1700 1.76682
0 1701 1.7678
0 1702 1.76878
0 1703 1.76976
0 1704 1.77074
0 1705 1.77172
0 1706 1.7727
0 1707 1.77368
0 1708 1.77466
0 1709 1.77564
0 1710 1.77662
0 1711 1.77761
0 1712 1.77859
0 1713 1.77957
0 1714 1.78055
0 1715 1.78153
0 1716 1.78251
0 1717 1.78349
0 1718 1.78447
0 1719 1.78545
0 1720 1.78643
0 1721 1.78741
0 1722 1.78839
0 1723 1.78937
0 1724 1.79035
0 1725 1.79133
0 1726 1.79231
0 1727 1.79329
0 1728 1.79427
0 1729 1.79525
0 1730 1.79623
0 1731 1.79721
0 1732 1.79819
0 1733 1.79917
0 1734 1.80015
0 1735 1.80113
0 1736 1.80211
0 1737 1.80309
0 1738 1.80407
0 1739 1.80505
0 1740 1.80603
0 1741 1.80701
0 1742 1.80799
0 1743 1.80897
0 1744 1.80995
0 1745 1.81093
0 1746 1.81191
0 1747 1.81289
0 1748 1.81387
0 1749 1.81485
0 1750 1.81583
0 1751 1.81681
0 1752 1.81779
0 1753 1.81877
0 1754 1.81975
0 1755 1.82073
0 1756 1.82171
0 1757 1.82269
0 1758 1.82367
0 1759 1.82465
0 1760 1.82563
0 1761 1.82662
0 1762 1.8276
0 1763 1.82858
0 1764 1.82956
0 1765 1.83054
0 1766 1.83152
0 1767 1.8325
0 1768 1.83348
0 1769 1.83446
0 1770 1.83544
0 1771 1.83642
0 1772 1.8374
0 1773 1.83838
0 1774 1.83936
0 1775 1.84034
0 1776 1.84132
0 1777 1.8423
0 1778 1.84328
0 1779 1.84426
0 1780 1.84524
0 1781 1.84622
0 1782 1.8472
0 1783 1.84818
0 1784 1.84916
0 1785 1.85014
0 1786 1.85112
0 1787 1.8521
0 1788 1.85308
0 1789 1.85406
0 1790 1.85504
0 1791 1.85602
0 1792 1.857
0 1793 1.85798
0 1794 1.85896
0 1795 1.85994
0 1796 1.86092
0 1797 1.8619
0 1798 1.86288
0 1799 1.86386
0 1800 1.86484
0 1801 1.86582
0 1802 1.8668
0 1803 1.86778
0 1804 1.86876
0 1805 1.86974
0 1806 1.87072
0 1807 1.8717
0 1808 1.87268
0 1809 1.87366
0 1810 1.87464
0 1811 1.87563
0 1812 1.87661
0 1813 1.87759
0 1814 1.87857
0 1815 1.87955
0 1816 1.88053
0 1817 1.88151
0 1818 1.88249
0 1819 1.88347
0 1820 1.88445
0 1821 1.88543
0 1822 1.88641
0 1823 1.88739
0 1824 1.88837
0 1825 1.88935
0 1826 1.89033
0 1827 1.89131
0 1828 1.89229
0 1829 1.89327
0 1830 1.89425
0 1831 1.89523
0 1832 1.89621
0 1833 1.89719
0 1834 1.89817
0 1835 1.89915
0 1836 1.90013
0 1837 1.90111
0 1838 1.90209
0 1839 1.90307
0 1840 1.90405
0 1841 1.90503
0 1842 1.90601
0 1843 1.90699
0 1844 1.90797
0 1845 1.90895
0 1846 1.90993
0 1847 1.91091
0 1848 1.91189
0 1849 1.91287
0 1850 1.91385
0 1851 1.91483
0 1852 1.91581
0 1853 1.91679
0 1854 1.91777
0 1855 1.91875
0 1856 1.91973
0 1857 1.92071
0 1858 1.92169
0 1859 1.92267
0 1860 1.92365
0 1861 1.92464
0 1862 1.92562
0 1863 1.9266
0 1864 1.92758
0 1865 1.92856
0 1866 1.92954
0 1867 1.93052
0 1868 1.9315
0 1869 1.93248
0 1870 1.93346
0 1871 1.93444
0 1872 1.93542
0 1873 1.9364
0 1874 1.93738
0 1875 1.93836
0 1876 1.93934
0 1877 1.94032
0 1878 1.9413
0 1879 1.94228
0 1880 1.94326
0 1881 1.94424
0 1882 1.94522
0 1883 1.9462
0 1884 1.94718
0 1885 1.94816
0 1886 1.94914
0 1887 1.95012
0 1888 1.9511
0 1889 1.95208
0 1890 1.95306
0 1891 1.95404
0 1892 1.95502
0 1893 1.956
0 1894 1.95698
0 1895 1.95796
0 1896 1.95894
0 1897 1.95992
0 1898 1.9609
0 1899 1.96188
0 1900 1.96286
0 1901 1.96384
0 1902 1.96482
0 1903 1.9658
0 1904 1.96678
0 1905 1.96776
0 1906 1.96874
0 1907 1.96972
0 1908 1.9707
0 1909 1.97168
0 1910 1.97266
0 1911 1.97365
0 1912 1.97463
0 1913 1.97561
0 1914 1.97659
0 1915 1.97757
0 1916 1.97855
0 1917 1.97953
0 1918 1.98051
0 1919 1.98149
0 1920 1.98247
0 1921 1.98345
0 1922 1.98443
0 1923 1.98541
0 1924 1.98639
0 1925 1.98737
0 1926 1.98835
0 1927 1.98933
0 1928 1.99031
0 1929 1.99129
0 1930 1.99227
0 1931 1.99325
0 1932 1.99423
0 1933 1.99521
0 1934 1.99619
0 1935 1.99717
0 1936 1.99815
0 1937 1.99913
0 1938 2.00011
0 1939 2.00109
0 1940 2.00207
0 1941 2.00305
0 1942 2.00403
0 1943 2.00501
0 1944 2.00599
0 1945 2.00697
0 1946 2.00795
0 1947 2.00893
0 1948 2.00991
0 1949 2.01089
0 1950 2.01187
0 1951 2.01285
0 1952 2.01383
0 1953 2.01481
0 1954 2.01579
0 1955 2.01677
0 1956 2.01775
0 1957 2.01873
0 1958 2.01971
0 1959 2.02069
0 1960 2.02167
0 1961 2.02265
0 1962 2.02364
0 1963 2.02461
0 1964 2.0256
0 1965 2.02657
0 1966 2.02756
0 1967 2.02854
0 1968 2.02952
0 1969 2.0305
0 1970 2.03148
0 1971 2.03246
0 1972 2.03344
0 1973 2.03442
0 1974 2.0354
0 1975 2.03638
0 1976 2.03736
0 1977 2.03834
0 1978 2.03932
0 1979 2.0403
0 1980 2.04128
0 1981 2.04226
0 1982 2.04324
0 1983 2.04422
0 1984 2.0452
0 1985 2.04618
0 1986 2.04716
0 1987 2.04814
0 1988 2.04912
0 1989 2.0501
0 1990 2.05108
0 1991 2.05206
0 1992 2.05304
0 1993 2.05402
0 1994 2.055
0 1995 2.05598
0 1996 2.05696
0 1997 2.05794
0 1998 2.05892
0 1999 2.0599
0 2000 2.06088
0 2001 2.06186
0 2002 2.06284
0 2003 2.06382
0 2004 2.0648
0 2005 2.06578
0 2006 2.06676
0 2007 2.06774
0 2008 2.06872
0 2009 2.0697
0 2010 2.07068
0 2011 2.07166
0 2012 2.07265
0 2013 2.07362
0 2014 2.07461
0 2015 2.07558
0 2016 2.07656
0 2017 2.07755
0 2018 2.07853
0 2019 2.07951
0 2020 2.08049
0 2021 2.08147
0 2022 2.08245
0 2023 2.08343
0 2024 2.08441
0 2025 2.08539
0 2026 2.08637
0 2027 2.08735
0 2028 2.08833
0 2029 2.08931
0 2030 2.09029
0 2031 2.09127
0 2032 2.09225
0 2033 2.09323
0 2034 2.09421
0 2035 2.09519
0 2036 2.09617
0 2037 2.09715
0 2038 2.09813
0 2039 2.09911
0 2040 2.10009
0 2041 2.10107
0 2042 2.10205
0 2043 2.10303
0 2044 2.10401
0 2045 2.10499
0 2046 2.10597
0 2047 2.10695
0 2048 2.10793
0 2049 2.10891
0 2050 2.10989
0 2051 2.11087
0 2052 2.11185
0 2053 2.11283
0 2054 2.11381
0 2055 2.11479
0 2056 2.11577
0 2057 2.11675
0 2058 2.11773
0 2059 2.11871
0 2060 2.11969
0 2061 2.12067
0 2062 2.12165
0 2063 2.12263
0 2064 2.12362
0 2065 2.12459
0 2066 2.12557
0 2067 2.12656
0 2068 2.12754
0 2069 2.12852
0 2070 2.1295
0 2071 2.13048
0 2072 2.13146
0 2073 2.13244
0 2074 2.13342
0 2075 2.1344
0 2076 2.13538
0 2077 2.13636
0 2078 2.13734
0 2079 2.13832
0 2080 2.1393
0 2081 2.14028
0 2082 2.14126
0 2083 2.14224
0 2084 2.14322
0 2085 2.1442
0 2086 2.14518
0 2087 2.14616
0 2088 2.14714
0 2089 2.14812
0 2090 2.1491
0 2091 2.15008
0 2092 2.15106
0 2093 2.15204
0 2094 2.15302
0 2095 2.154
0 2096 2.15498
0 2097 2.15596
0 2098 2.15694
0 2099 2.15792
0 2100 2.1589
0 2101 2.15988
0 2102 2.16086
0 2103 2.16184
0 2104 2.16282
0 2105 2.1638
0 2106 2.16478
0 2107 2.16576
0 2108 2.16674
0 2109 2.16772
0 2110 2.1687
0 2111 2.16968
0 2112 2.17066
0 2113 2.17164
0 2114 2.17263
0 2115 2.1736
0 2116 2.17458
0 2117 2.17557
0 2118 2.17654
0 2119 2.17753
0 2120 2.17851
0 2121 2.17949
0 2122 2.18047
0 2123 2.18145
0 2124 2.18243
0 2125 2.18341
0 2126 2.18439
0 2127 2.18537
0 2128 2.18635
0 2129 2.18733
0 2130 2.18831
0 2131 2.18929
0 2132 2.19027
0 2133 2.19125
0 2134 2.19223
0 2135 2.19321
0 2136 2.19419
0 2137 2.19517
0 2138 2.19615
0 2139 2.19713
0 2140 2.19811
0 2141 2.19909
0 2142 2.20007
0 2143 2.20105
0 2144 2.20203
0 2145 2.20301
0 2146 2.20399
0 2147 2.20497
0 2148 2.20595
0 2149 2.20693
0 2150 2.20791
0 2151 2.20889
0 2152 2.20987
0 2153 2.21085
0 2154 2.21183
0 2155 2.21281
0 2156 2.21379
0 2157 2.21477
0 2158 2.21575
0 2159 2.21673
0 2160 2.21771
0 2161 2.21869
0 2162 2.21967
0 2163 2.22065
0 2164 2.22163
0 2165 2.22261
0 2166 2.22359
0 2167 2.22458
0 2168 2.22555
0 2169 2.22654
0 2170 2.22752
0 2171 2.2285
0 2172 2.22948
0 2173 2.23046
0 2174 2.23144
0 2175 2.23242
0 2176 2.2334
0 2177 2.23438
0 2178 2.23536
0 2179 2.23634
0 2180 2.23732
0 2181 2.2383
0 2182 2.23928
0 2183 2.24026
0 2184 2.24124
0 2185 2.24222
0 2186 2.2432
0 2187 2.24418
0 2188 2.24516
0 2189 2.24614
0 2190 2.24712
0 2191 2.2481
0 2192 2.24908
0 2193 2.25006
0 2194 2.25104
0 2195 2.25202
0 2196 2.253
0 2197 2.25398
0 2198 2.25496
0 2199 2.25594
0 2200 2.25692
0 2201 2.2579
0 2202 2.25888
0 2203 2.25986
0 2204 2.26084
0 2205 2.26182
0 2206 2.2628
0 2207 2.26378
0 2208 2.26476
0 2209 2.26574
0 2210 2.26672
0 2211 2.2677
0 2212 2.26868
0 2213 2.26966
0 2214 2.27064
0 2215 2.27162
0 2216 2.2726
0 2217 2.27359
0 2218 2.27456
0 2219 2.27555
0 2220 2.27652
0 2221 2.27751
0 2222 2.27849
0 2223 2.27947
0 2224 2.28045
0 2225 2.28143
0 2226 2.28241
0 2227 2.28339
0 2228 2.28437
0 2229 2.28535
0 2230 2.28633
0 2231 2.28731
0 2232 2.28829
0 2233 2.28927
0 2234 2.29025
0 2235 2.29123
0 2236 2.29221
0 2237 2.29319
0 2238 2.29417
0 2239 2.29515
0 2240 2.29613
0 2241 2.29711
0 2242 2.29809
0 2243 2.29907
0 2244 2.30005
0 2245 2.30103
0 2246 2.30201
0 2247 2.30299
0 2248 2.30397
0 2249 2.30495
0 2250 2.30593
0 2251 2.30691
0 2252 2.30789
0 2253 2.30887
0 2254 2.30985
0 2255 2.31083
0 2256 2.31181
0 2257 2.31279
0 2258 2.31377
0 2259 2.31475
0 2260 2.31573
0 2261 2.31671
0 2262 2.31769
0 2263 2.31867
0 2264 2.31965
0 2265 2.32063
0 2266 2.32161
0 2267 2.3226
0 2268 2.32357
0 2269 2.32456
0 2270 2.32553
0 2271 2.32652
0 2272 2.32749
0 2273 2.32848
0 2274 2.32946
0 2275 2.33044
0 2276 2.33142
0 2277 2.3324
0 2278 2.33338
0 2279 2.33436
0 2280 2.33534
0 2281 2.33632
0 2282 2.3373
0 2283 2.33828
0 2284 2.33926
0 2285 2.34024
0 2286 2.34122
0 2287 2.3422
0 2288 2.34318
0 2289 2.34416
0 2290 2.34514
0 2291 2.34612
0 2292 2.3471
0 2293 2.34808
0 2294 2.34906
0 2295 2.35004
0 2296 2.35102
0 2297 2.352
0 2298 2.35298
0 2299 2.35396
0 2300 2.35494
0 2301 2.35592
0 2302 2.3569
0 2303 2.35788
0 2304 2.35886
0 2305 2.35984
0 2306 2.36082
0 2307 2.3618
0 2308 2.36278
0 2309 2.36376
0 2310 2.36474
0 2311 2.36572
0 2312 2.3667
0 2313 2.36768
0 2314 2.36866
0 2315 2.36964
0 2316 2.37062
0 2317 2.3716
0 2318 2.37258
0 2319 2.37357
0 2320 2.37454
0 2321 2.37553
0 2322 2.3765
0 2323 2.37749
0 2324 2.37847
0 2325 2.37945
0 2326 2.38043
0 2327 2.38141
0 2328 2.38239
0 2329 2.38337
0 2330 2.38435
0 2331 2.38533
0 2332 2.38631
0 2333 2.38729
0 2334 2.38827
0 2335 2.38925
0 2336 2.39023
0 2337 2.39121
0 2338 2.39219
0 2339 2.39317
0 2340 2.39415
0 2341 2.39513
0 2342 2.39611
0 2343 2.39709
0 2344 2.39807
0 2345 2.39905
0 2346 2.40003
0 2347 2.40101
0 2348 2.40199
0 2349 2.40297
0 2350 2.40395
0 2351 2.40493
0 2352 2.40591
0 2353 2.40689
0 2354 2.40787
0 2355 2.40885
0 2356 2.40983
0 2357 2.41081
0 2358 2.41179
0 2359 2.41277
0 2360 2.41375
0 2361 2.41473
0 2362 2.41571
0 2363 2.41669
0 2364 2.41767
0 2365 2.41865
0 2366 2.41963
0 2367 2.42061
0 2368 2.42159
0 2369 2.42258
0 2370 2.42355
0 2371 2.42454
0 2372 2.42551
0 2373 2.4265
0 2374 2.42747
0 2375 2.42846
0 2376 2.42944
0 2377 2.43042
0 2378 2.4314
0 2379 2.43238
0 2380 2.43336
0 2381 2.43434
0 2382 2.43532
0 2383 2.4363
0 2384 2.43728
0 2385 2.43826
0 2386 2.43924
0 2387 2.44022
0 2388 2.4412
0 2389 2.44218
0 2390 2.44316
0 2391 2.44414
0 2392 2.44512
0 2393 2.4461
0 2394 2.44708
0 2395 2.44806
0 2396 2.44904
0 2397 2.45002
0 2398 2.451
0 2399 2.45198
0 2400 2.45296
0 2401 2.45394
0 2402 2.45492
0 2403 2.4559
0 2404 2.45688
0 2405 2.45786
0 2406 2.45884
0 2407 2.45982
0 2408 2.4608
0 2409 2.46178
0 2410 2.46276
0 2411 2.46374
0 2412 2.46472
0 2413 2.4657
0 2414 2.46668
0 2415 2.46766
0 2416 2.46864
0 2417 2.46962
0 2418 2.4706
0 2419 2.47158
0 2420 2.47256
0 2421 2.47355
0 2422 2.47452
0 2423 2.47551
0 2424 2.47648
0 2425 2.47747
0 2426 2.47845
0 2427 2.47943
0 2428 2.48041
0 2429 2.48139
0 2430 2.48237
0 2431 2.48335
0 2432 2.48433
0 2433 2.48531
0 2434 2.48629
0 2435 2.48727
0 2436 2.48825
0 2437 2.48923
0 2438 2.49021
0 2439 2.49119
0 2440 2.49217
0 2441 2.49315
0 2442 2.49413
0 2443 2.49511
0 2444 2.49609
0 2445 2.49707
0 2446 2.49805
0 2447 2.49903
0 2448 2.50001
0 2449 2.50099
0 2450 2.50197
0 2451 2.50295
0 2452 2.50393
0 2453 2.50491
0 2454 2.50589
0 2455 2.50687
0 2456 2.50785
0 2457 2.50883
0 2458 2.50981
0 2459 2.51079
0 2460 2.51177
0 2461 2.51275
0 2462 2.51373
0 2463 2.51471
0 2464 2.51569
0 2465 2.51667
0 2466 2.51765
0 2467 2.51863
0 2468 2.51961
0 2469 2.52059
0 2470 2.52157
0 2471 2.52256
0 2472 2.52353
0 2473 2.52452
0 2474 2.52549
0 2475 2.52648
0 2476 2.52745
0 2477 2.52844
0 2478 2.52942
0 2479 2.5304
0 2480 2.53138
0 2481 2.53236
0 2482 2.53334
0 2483 2.53432
0 2484 2.5353
0 2485 2.53628
0 2486 2.53726
0 2487 2.53824
0 2488 2.53922
0 2489 2.5402
0 2490 2.54118
0 2491 2.54216
0 2492 2.54314
0 2493 2.54412
0 2494 2.5451
0 2495 2.54608
0 2496 2.54706
0 2497 2.54804
0 2498 2.54902
0 2499 2.55
0 2500 2.55098
0 2501 2.55196
0 2502 2.55294
0 2503 2.55392
0 2504 2.5549
0 2505 2.55588
0 2506 2.55686
0 2507 2.55784
0 2508 2.55882
0 2509 2.5598
0 2510 2.56078
0 2511 2.56176
0 2512 2.56274
0 2513 2.56372
0 2514 2.5647
0 2515 2.56568
0 2516 2.56666
0 2517 2.56764
0 2518 2.56862
0 2519 2.5696
0 2520 2.57058
0 2521 2.57156
0 2522 2.57254
0 2523 2.57353
0 2524 2.5745
0 2525 2.57549
0 2526 2.57646
0 2527 2.57744
0 2528 2.57843
0 2529 2.57941
0 2530 2.58039
0 2531 2.58137
0 2532 2.58235
0 2533 2.58333
0 2534 2.58431
0 2535 2.58529
0 2536 2.58627
0 2537 2.58725
0 2538 2.58823
0 2539 2.58921
0 2540 2.59019
0 2541 2.59117
0 2542 2.59215
0 2543 2.59313
0 2544 2.59411
0 2545 2.59509
0 2546 2.59607
0 2547 2.59705
0 2548 2.59803
0 2549 2.59901
0 2550 2.59999
0 2551 2.60097
0 2552 2.60195
0 2553 2.60293
0 2554 2.60391
0 2555 2.60489
0 2556 2.60587
0 2557 2.60685
0 2558 2.60783
0 2559 2.60881
0 2560 2.60979
0 2561 2.61077
0 2562 2.61175
0 2563 2.61273
0 2564 2.61371
0 2565 2.61469
0 2566 2.61567
0 2567 2.61665
0 2568 2.61763
0 2569 2.61861
0 2570 2.61959
0 2571 2.62057
0 2572 2.62155
0 2573 2.62254
0 2574 2.62351
0 2575 2.6245
0 2576 2.62547
0 2577 2.62645
0 2578 2.62744
0 2579 2.62842
0 2580 2.6294
0 2581 2.63038
0 2582 2.63136
0 2583 2.63234
0 2584 2.63332
0 2585 2.6343
0 2586 2.63528
0 2587 2.63626
0 2588 2.63724
0 2589 2.63822
0 2590 2.6392
0 2591 2.64018
0 2592 2.64116
0 2593 2.64214
0 2594 2.64312
0 2595 2.6441
0 2596 2.64508
0 2597 2.64606
0 2598 2.64704
0 2599 2.64802
0 2600 2.649
0 2601 2.64998
0 2602 2.65096
0 2603 2.65194
0 2604 2.65292
0 2605 2.6539
0 2606 2.65488
0 2607 2.65586
0 2608 2.65684
0 2609 2.65782
0 2610 2.6588
0 2611 2.65978
0 2612 2.66076
0 2613 2.66174
0 2614 2.66272
0 2615 2.6637
0 2616 2.66468
0 2617 2.66566
0 2618 2.66664
0 2619 2.66762
0 2620 2.6686
0 2621 2.66958
0 2622 2.67056
0 2623 2.67154
0 2624 2.67252
0 2625 2.67351
0 2626 2.67448
0 2627 2.67546
0 2628 2.67645
0 2629 2.67742
0 2630 2.67841
0 2631 2.67939
0 2632 2.68037
0 2633 2.68135
0 2634 2.68233
0 2635 2.68331
0 2636 2.68429
0 2637 2.68527
0 2638 2.68625
0 2639 2.68723
0 2640 2.68821
0 2641 2.68919
0 2642 2.69017
0 2643 2.69115
0 2644 2.69213
0 2645 2.69311
0 2646 2.69409
0 2647 2.69507
0 2648 2.69605
0 2649 2.69703
0 2650 2.69801
0 2651 2.69899
0 2652 2.69997
0 2653 2.70095
0 2654 2.70193
0 2655 2.70291
0 2656 2.70389
0 2657 2.70487
0 2658 2.70585
0 2659 2.70683
0 2660 2.70781
0 2661 2.70879
0 2662 2.70977
0 2663 2.71075
0 2664 2.71173
0 2665 2.71271
0 2666 2.71369
0 2667 2.71467
0 2668 2.71565
0 2669 2.71663
0 2670 2.71761
0 2671 2.71859
0 2672 2.71957
0 2673 2.72055
0 2674 2.72153
0 2675 2.72252
0 2676 2.7235
0 2677 2.72447
0 2678 2.72546
0 2679 2.72643
0 2680 2.72742
0 2681 2.7284
0 2682 2.72938
0 2683 2.73036
0 2684 2.73134
0 2685 2.73232
0 2686 2.7333
0 2687 2.73428
0 2688 2.73526
0 2689 2.73624
0 2690 2.73722
0 2691 2.7382
0 2692 2.73918
0 2693 2.74016
0 2694 2.74114
0 2695 2.74212
0 2696 2.7431
0 2697 2.74408
0 2698 2.74506
0 2699 2.74604
0 2700 2.74702
0 2701 2.748
0 2702 2.74898
0 2703 2.74996
0 2704 2.75094
0 2705 2.75192
0 2706 2.7529
0 2707 2.75388
0 2708 2.75486
0 2709 2.75584
0 2710 2.75682
0 2711 2.7578
0 2712 2.75878
0 2713 2.75976
0 2714 2.76074
0 2715 2.76172
0 2716 2.7627
0 2717 2.76368
0 2718 2.76466
0 2719 2.76564
0 2720 2.76662
0 2721 2.7676
0 2722 2.76858
0 2723 2.76956
0 2724 2.77054
0 2725 2.77152
0 2726 2.77251
0 2727 2.77348
0 2728 2.77447
0 2729 2.77544
0 2730 2.77643
0 2731 2.7774
0 2732 2.77839
0 2733 2.77937
0 2734 2.78035
0 2735 2.78133
0 2736 2.78231
0 2737 2.78329
0 2738 2.78427
0 2739 2.78525
0 2740 2.78623
0 2741 2.78721
0 2742 2.78819
0 2743 2.78917
0 2744 2.79015
0 2745 2.79113
0 2746 2.79211
0 2747 2.79309
0 2748 2.79407
0 2749 2.79505
0 2750 2.79603
0 2751 2.79701
0 2752 2.79799
0 2753 2.79897
0 2754 2.79995
0 2755 2.80093
0 2756 2.80191
0 2757 2.80289
0 2758 2.80387
0 2759 2.80485
0 2760 2.80583
0 2761 2.80681
0 2762 2.80779
0 2763 2.80877
0 2764 2.80975
0 2765 2.81073
0 2766 2.81171
0 2767 2.81269
0 2768 2.81367
0 2769 2.81465
0 2770 2.81563
0 2771 2.81661
0 2772 2.81759
0 2773 2.81857
0 2774 2.81955
0 2775 2.82053
0 2776 2.82151
0 2777 2.82249
0 2778 2.82348
0 2779 2.82445
0 2780 2.82544
0 2781 2.82641
0 2782 2.8274
0 2783 2.82838
0 2784 2.82936
0 2785 2.83034
0 2786 2.83132
0 2787 2.8323
0 2788 2.83328
0 2789 2.83426
0 2790 2.83524
0 2791 2.83622
0 2792 2.8372
0 2793 2.83818
0 2794 2.83916
0 2795 2.84014
0 2796 2.84112
0 2797 2.8421
0 2798 2.84308
0 2799 2.84406
0 2800 2.84504
0 2801 2.84602
0 2802 2.847
0 2803 2.84798
0 2804 2.84896
0 2805 2.84994
0 2806 2.85092
0 2807 2.8519
0 2808 2.85288
0 2809 2.85386
0 2810 2.85484
0 2811 2.85582
0 2812 2.8568
0 2813 2.85778
0 2814 2.85876
0 2815 2.85974
0 2816 2.86072
0 2817 2.8617
0 2818 2.86268
0 2819 2.86366
0 2820 2.86464
0 2821 2.86562
0 2822 2.8666
0 2823 2.86758
0 2824 2.86856
0 2825 2.86954
0 2826 2.87052
0 2827 2.8715
0 2828 2.87248
0 2829 2.87346
0 2830 2.87445
0 2831 2.87542
0 2832 2.87641
0 2833 2.87738
0 2834 2.87837
0 2835 2.87935
0 2836 2.88033
0 2837 2.88131
0 2838 2.88229
0 2839 2.88327
0 2840 2.88425
0 2841 2.88523
0 2842 2.88621
0 2843 2.88719
0 2844 2.88817
0 2845 2.88915
0 2846 2.89013
0 2847 2.89111
0 2848 2.89209
0 2849 2.89307
0 2850 2.89405
0 2851 2.89503
0 2852 2.89601
0 2853 2.89699
0 2854 2.89797
0 2855 2.89895
0 2856 2.89993
0 2857 2.90091
0 2858 2.90189
0 2859 2.90287
0 2860 2.90385
0 2861 2.90483
0 2862 2.90581
0 2863 2.90679
0 2864 2.90777
0 2865 2.90875
0 2866 2.90973
0 2867 2.91071
0 2868 2.91169
0 2869 2.91267
0 2870 2.91365
0 2871 2.91463
0 2872 2.91561
0 2873 2.91659
0 2874 2.91757
0 2875 2.91855
0 2876 2.91953
0 2877 2.92051
0 2878 2.92149
0 2879 2.92247
0 2880 2.92346
0 2881 2.92443
0 2882 2.92542
0 2883 2.92639
0 2884 2.92738
0 2885 2.92836
0 2886 2.92934
0 2887 2.93032
0 2888 2.9313
0 2889 2.93228
0 2890 2.93326
0 2891 2.93424
0 2892 2.93522
0 2893 2.9362
0 2894 2.93718
0 2895 2.93816
0 2896 2.93914
0 2897 2.94012
0 2898 2.9411
0 2899 2.94208
0 2900 2.94306
0 2901 2.94404
0 2902 2.94502
0 2903 2.946
0 2904 2.94698
0 2905 2.94796
0 2906 2.94894
0 2907 2.94992
0 2908 2.9509
0 2909 2.95188
0 2910 2.95286
0 2911 2.95384
0 2912 2.95482
0 2913 2.9558
0 2914 2.95678
0 2915 2.95776
0 2916 2.95874
0 2917 2.95972
0 2918 2.9607
0 2919 2.96168
0 2920 2.96266
0 2921 2.96364
0 2922 2.96462
0 2923 2.9656
0 2924 2.96658
0 2925 2.96756
0 2926 2.96854
0 2927 2.96952
0 2928 2.9705
0 2929 2.97148
0 2930 2.97246
0 2931 2.97344
0 2932 2.97443
0 2933 2.9754
0 2934 2.97639
0 2935 2.97736
0 2936 2.97835
0 2937 2.97933
0 2938 2.98031
0 2939 2.98129
0 2940 2.98227
0 2941 2.98325
0 2942 2.98423
0 2943 2.98521
0 2944 2.98619
0 2945 2.98717
0 2946 2.98815
0 2947 2.98913
0 2948 2.99011
0 2949 2.99109
0 2950 2.99207
0 2951 2.99305
0 2952 2.99403
0 2953 2.99501
0 2954 2.99599
0 2955 2.99697
0 2956 2.99795
0 2957 2.99893
0 2958 2.99991
0 2959 3.00089
0 2960 3.00187
0 2961 3.00285
0 2962 3.00383
0 2963 3.00481
0 2964 3.00579
0 2965 3.00677
0 2966 3.00775
0 2967 3.00873
0 2968 3.00971
0 2969 3.01069
0 2970 3.01167
0 2971 3.01265
0 2972 3.01363
0 2973 3.01461
0 2974 3.01559
0 2975 3.01657
0 2976 3.01755
0 2977 3.01853
0 2978 3.01951
0 2979 3.02049
0 2980 3.02147
0 2981 3.02245
0 2982 3.02344
0 2983 3.02441
0 2984 3.0254
0 2985 3.02637
0 2986 3.02736
0 2987 3.02834
0 2988 3.02932
0 2989 3.0303
0 2990 3.03128
0 2991 3.03226
0 2992 3.03324
0 2993 3.03422
0 2994 3.0352
0 2995 3.03618
0 2996 3.03716
0 2997 3.03814
0 2998 3.03912
0 2999 3.0401
0 3000 3.04108
0 3001 3.04206
0 3002 3.04304
0 3003 3.04402
0 3004 3.045
0 3005 3.04598
0 3006 3.04696
0 3007 3.04794
0 3008 3.04892
0 3009 3.0499
0 3010 3.05088
0 3011 3.05186
0 3012 3.05284
0 3013 3.05382
0 3014 3.0548
0 3015 3.05578
0 3016 3.05676
0 3017 3.05774
0 3018 3.05872
0 3019 3.0597
0 3020 3.06068
0 3021 3.06166
0 3022 3.06264
0 3023 3.06362
0 3024 3.0646
0 3025 3.06558
0 3026 3.06656
0 3027 3.06754
0 3028 3.06852
0 3029 3.0695
0 3030 3.07048
0 3031 3.07146
0 3032 3.07244
0 3033 3.07342
0 3034 3.07441
0 3035 3.07538
0 3036 3.07637
0 3037 3.07735
0 3038 3.07833
0 3039 3.07931
0 3040 3.08029
0 3041 3.08127
0 3042 3.08225
0 3043 3.08323
0 3044 3.08421
0 3045 3.08519
0 3046 3.08617
0 3047 3.08715
0 3048 3.08813
0 3049 3.08911
0 3050 3.09009
0 3051 3.09107
0 3052 3.09205
0 3053 3.09303
0 3054 3.09401
0 3055 3.09499
0 3056 3.09597
0 3057 3.09695
0 3058 3.09793
0 3059 3.09891
0 3060 3.09989
0 3061 3.10087
0 3062 3.10185
0 3063 3.10283
0 3064 3.10381
0 3065 3.10479
0 3066 3.10577
0 3067 3.10675
0 3068 3.10773
0 3069 3.10871
0 3070 3.10969
0 3071 3.11067
0 3072 3.11165
0 3073 3.11263
0 3074 3.11361
0 3075 3.11459
0 3076 3.11557
0 3077 3.11655
0 3078 3.11753
0 3079 3.11851
0 3080 3.11949
0 3081 3.12047
0 3082 3.12145
0 3083 3.12243
0 3084 3.12342
0 3085 3.12439
0 3086 3.12538
0 3087 3.12636
0 3088 3.12733
0 3089 3.12832
0 3090 3.1293
0 3091 3.13028
0 3092 3.13126
0 3093 3.13224
0 3094 3.13322
0 3095 3.1342
0 3096 3.13518
0 3097 3.13616
0 3098 3.13714
0 3099 3.13812
0 3100 3.1391
0 3101 3.14008
0 3102 3.14106
0 3103 3.14204
0 3104 3.14302
0 3105 3.144
0 3106 3.14498
0 3107 3.14596
0 3108 3.14694
0 3109 3.14792
0 3110 3.1489
0 3111 3.14988
0 3112 3.15086
0 3113 3.15184
0 3114 3.15282
0 3115 3.1538
0 3116 3.15478
0 3117 3.15576
0 3118 3.15674
0 3119 3.15772
0 3120 3.1587
0 3121 3.15968
0 3122 3.16066
0 3123 3.16164
0 3124 3.16262
0 3125 3.1636
0 3126 3.16458
0 3127 3.16556
0 3128 3.16654
0 3129 3.16752
0 3130 3.1685
0 3131 3.16948
0 3132 3.17046
0 3133 3.17144
0 3134 3.17242
0 3135 3.1734
0 3136 3.17439
0 3137 3.17537
0 3138 3.17634
0 3139 3.17733
0 3140 3.17831
0 3141 3.17929
0 3142 3.18027
0 3143 3.18125
0 3144 3.18223
0 3145 3.18321
0 3146 3.18419
0 3147 3.18517
0 3148 3.18615
0 3149 3.18713
0 3150 3.18811
0 3151 3.18909
0 3152 3.19007
0 3153 3.19105
0 3154 3.19203
0 3155 3.19301
0 3156 3.19399
0 3157 3.19497
0 3158 3.19595
0 3159 3.19693
0 3160 3.19791
0 3161 3.19889
0 3162 3.19987
0 3163 3.20085
0 3164 3.20183
0 3165 3.20281
0 3166 3.20379
0 3167 3.20477
0 3168 3.20575
0 3169 3.20673
0 3170 3.20771
0 3171 3.20869
0 3172 3.20967
0 3173 3.21065
0 3174 3.21163
0 3175 3.21261
0 3176 3.21359
0 3177 3.21457
0 3178 3.21555
0 3179 3.21653
0 3180 3.21751
0 3181 3.21849
0 3182 3.21947
0 3183 3.22045
0 3184 3.22143
0 3185 3.22241
0 3186 3.2234
0 3187 3.22438
0 3188 3.22535
0 3189 3.22634
0 3190 3.22731
0 3191 3.2283
0 3192 3.22928
0 3193 3.23026
0 3194 3.23124
0 3195 3.23222
0 3196 3.2332
0 3197 3.23418
0 3198 3.23516
0 3199 3.23614
0 3200 3.23712
0 3201 3.2381
0 3202 3.23908
0 3203 3.24006
0 3204 3.24104
0 3205 3.24202
0 3206 3.243
0 3207 3.24398
0 3208 3.24496
0 3209 3.24594
0 3210 3.24692
0 3211 3.2479
0 3212 3.24888
0 3213 3.24986
0 3214 3.25084
0 3215 3.25182
0 3216 3.2528
0 3217 3.25378
0 3218 3.25476
0 3219 3.25574
0 3220 3.25672
0 3221 3.2577
0 3222 3.25868
0 3223 3.25966
0 3224 3.26064
0 3225 3.26162
0 3226 3.2626
0 3227 3.26358
0 3228 3.26456
0 3229 3.26554
0 3230 3.26652
0 3231 3.2675
0 3232 3.26848
0 3233 3.26946
0 3234 3.27044
0 3235 3.27142
0 3236 3.2724
0 3237 3.27339
0 3238 3.27436
0 3239 3.27535
0 3240 3.27632
0 3241 3.27731
0 3242 3.27829
0 3243 3.27927
0 3244 3.28025
0 3245 3.28123
0 3246 3.28221
0 3247 3.28319
0 3248 3.28417
0 3249 3.28515
0 3250 3.28613
0 3251 3.28711
0 3252 3.28809
0 3253 3.28907
0 3254 3.29005
0 3255 3.29103
0 3256 3.29201
0 3257 3.29299
0 3258 3.29397
0 3259 3.29495
0 3260 3.29593
0 3261 3.29691
0 3262 3.29789
0 3263 3.29887
0 3264 3.29985
0 3265 3.30083
0 3266 3.30181
0 3267 3.30279
0 3268 3.30377
0 3269 3.30475
0 3270 3.30573
0 3271 3.30671
0 3272 3.30769
0 3273 3.30867
0 3274 3.30965
0 3275 3.31063
0 3276 3.31161
0 3277 3.31259
0 3278 3.31357
0 3279 3.31455
0 3280 3.31553
0 3281 3.31651
0 3282 3.31749
0 3283 3.31847
0 3284 3.31945
0 3285 3.32043
0 3286 3.32141
0 3287 3.32239
0 3288 3.32337
0 3289 3.32436
0 3290 3.32533
0 3291 3.32632
0 3292 3.32729
0 3293 3.32828
0 3294 3.32926
0 3295 3.33024
0 3296 3.33122
0 3297 3.3322
0 3298 3.33318
0 3299 3.33416
0 3300 3.33514
0 3301 3.33612
0 3302 3.3371
0 3303 3.33808
0 3304 3.33906
0 3305 3.34004
0 3306 3.34102
0 3307 3.342
0 3308 3.34298
0 3309 3.34396
0 3310 3.34494
0 3311 3.34592
0 3312 3.3469
0 3313 3.34788
0 3314 3.34886
0 3315 3.34984
0 3316 3.35082
0 3317 3.3518
0 3318 3.35278
0 3319 3.35376
0 3320 3.35474
0 3321 3.35572
0 3322 3.3567
0 3323 3.35768
0 3324 3.35866
0 3325 3.35964
0 3326 3.36062
0 3327 3.3616
0 3328 3.36258
0 3329 3.36356
0 3330 3.36454
0 3331 3.36552
0 3332 3.3665
0 3333 3.36748
0 3334 3.36846
0 3335 3.36944
0 3336 3.37042
0 3337 3.3714
0 3338 3.37238
0 3339 3.37337
0 3340 3.37434
0 3341 3.37533
0 3342 3.3763
0 3343 3.37729
0 3344 3.37827
0 3345 3.37925
0 3346 3.38023
0 3347 3.38121
0 3348 3.38219
0 3349 3.38317
0 3350 3.38415
0 3351 3.38513
0 3352 3.38611
0 3353 3.38709
0 3354 3.38807
0 3355 3.38905
0 3356 3.39003
0 3357 3.39101
0 3358 3.39199
0 3359 3.39297
0 3360 3.39395
0 3361 3.39493
0 3362 3.39591
0 3363 3.39689
0 3364 3.39787
0 3365 3.39885
0 3366 3.39983
0 3367 3.40081
0 3368 3.40179
0 3369 3.40277
0 3370 3.40375
0 3371 3.40473
0 3372 3.40571
0 3373 3.40669
0 3374 3.40767
0 3375 3.40865
0 3376 3.40963
0 3377 3.41061
0 3378 3.41159
0 3379 3.41257
0 3380 3.41355
0 3381 3.41453
0 3382 3.41551
0 3383 3.41649
0 3384 3.41747
0 3385 3.41845
0 3386 3.41943
0 3387 3.42041
0 3388 3.42139
0 3389 3.42237
0 3390 3.42335
0 3391 3.42434
0 3392 3.42531
0 3393 3.4263
0 3394 3.42727
0 3395 3.42826
0 3396 3.42924
0 3397 3.43022
0 3398 3.4312
0 3399 3.43218
0 3400 3.43316
0 3401 3.43414
0 3402 3.43512
0 3403 3.4361
0 3404 3.43708
0 3405 3.43806
0 3406 3.43904
0 3407 3.44002
0 3408 3.441
0 3409 3.44198
0 3410 3.44296
0 3411 3.44394
0 3412 3.44492
0 3413 3.4459
0 3414 3.44688
0 3415 3.44786
0 3416 3.44884
0 3417 3.44982
0 3418 3.4508
0 3419 3.45178
0 3420 3.45276
0 3421 3.45374
0 3422 3.45472
0 3423 3.4557
0 3424 3.45668
0 3425 3.45766
0 3426 3.45864
0 3427 3.45962
0 3428 3.4606
0 3429 3.46158
0 3430 3.46256
0 3431 3.46354
0 3432 3.46452
0 3433 3.4655
0 3434 3.46648
0 3435 3.46746
0 3436 3.46844
0 3437 3.46942
0 3438 3.4704
0 3439 3.47138
0 3440 3.47236
0 3441 3.47335
0 3442 3.47432
0 3443 3.47531
0 3444 3.47628
0 3445 3.47727
0 3446 3.47825
0 3447 3.47923
0 3448 3.48021
0 3449 3.48119
0 3450 3.48217
0 3451 3.48315
0 3452 3.48413
0 3453 3.48511
0 3454 3.48609
0 3455 3.48707
0 3456 3.48805
0 3457 3.48903
0 3458 3.49001
0 3459 3.49099
0 3460 3.49197
0 3461 3.49295
0 3462 3.49393
0 3463 3.49491
0 3464 3.49589
0 3465 3.49687
0 3466 3.49785
0 3467 3.49883
0 3468 3.49981
0 3469 3.50079
0 3470 3.50177
0 3471 3.50275
0 3472 3.50373
0 3473 3.50471
0 3474 3.50569
0 3475 3.50667
0 3476 3.50765
0 3477 3.50863
0 3478 3.50961
0 3479 3.51059
0 3480 3.51157
0 3481 3.51255
0 3482 3.51353
0 3483 3.51451
0 3484 3.51549
0 3485 3.51647
0 3486 3.51745
0 3487 3.51843
0 3488 3.51941
0 3489 3.52039
0 3490 3.52137
0 3491 3.52235
0 3492 3.52333
0 3493 3.52432
0 3494 3.52529
0 3495 3.52628
0 3496 3.52725
0 3497 3.52824
0 3498 3.52922
0 3499 3.5302
0 3500 3.53118
0 3501 3.53216
0 3502 3.53314
0 3503 3.53412
0 3504 3.5351
0 3505 3.53608
0 3506 3.53706
0 3507 3.53804
0 3508 3.53902
0 3509 3.54
0 3510 3.54098
0 3511 3.54196
0 3512 3.54294
0 3513 3.54392
0 3514 3.5449
0 3515 3.54588
0 3516 3.54686
0 3517 3.54784
0 3518 3.54882
0 3519 3.5498
0 3520 3.55078
0 3521 3.55176
0 3522 3.55274
0 3523 3.55372
0 3524 3.5547
0 3525 3.55568
0 3526 3.55666
0 3527 3.55764
0 3528 3.55862
0 3529 3.5596
0 3530 3.56058
0 3531 3.56156
0 3532 3.56254
0 3533 3.56352
0 3534 3.5645
0 3535 3.56548
0 3536 3.56646
0 3537 3.56744
0 3538 3.56842
0 3539 3.5694
0 3540 3.57038
0 3541 3.57136
0 3542 3.57234
0 3543 3.57333
0 3544 3.5743
0 3545 3.57529
0 3546 3.57626
0 3547 3.57725
0 3548 3.57823
0 3549 3.57921
0 3550 3.58019
0 3551 3.58117
0 3552 3.58215
0 3553 3.58313
0 3554 3.58411
0 3555 3.58509
0 3556 3.58607
0 3557 3.58705
0 3558 3.58803
0 3559 3.58901
0 3560 3.58999
0 3561 3.59097
0 3562 3.59195
0 3563 3.59293
0 3564 3.59391
0 3565 3.59489
0 3566 3.59587
0 3567 3.59685
0 3568 3.59783
0 3569 3.59881
0 3570 3.59979
0 3571 3.60077
0 3572 3.60175
0 3573 3.60273
0 3574 3.60371
0 3575 3.60469
0 3576 3.60567
0 3577 3.60665
0 3578 3.60763
0 3579 3.60861
0 3580 3.60959
0 3581 3.61057
0 3582 3.61155
0 3583 3.61253
0 3584 3.61351
0 3585 3.61449
0 3586 3.61547
0 3587 3.61645
0 3588 3.61743
0 3589 3.61841
0 3590 3.61939
0 3591 3.62037
0 3592 3.62135
0 3593 3.62233
0 3594 3.62331
0 3595 3.6243
0 3596 3.62527
0 3597 3.62626
0 3598 3.62724
0 3599 3.62822
0 3600 3.6292
0 3601 3.63018
0 3602 3.63116
0 3603 3.63214
0 3604 3.63312
0 3605 3.6341
0 3606 3.63508
0 3607 3.63606
0 3608 3.63704
0 3609 3.63802
0 3610 3.639
0 3611 3.63998
0 3612 3.64096
0 3613 3.64194
0 3614 3.64292
0 3615 3.6439
0 3616 3.64488
0 3617 3.64586
0 3618 3.64684
0 3619 3.64782
0 3620 3.6488
0 3621 3.64978
0 3622 3.65076
0 3623 3.65174
0 3624 3.65272
0 3625 3.6537
0 3626 3.65468
0 3627 3.65566
0 3628 3.65664
0 3629 3.65762
0 3630 3.6586
0 3631 3.65958
0 3632 3.66056
0 3633 3.66154
0 3634 3.66252
0 3635 3.6635
0 3636 3.66448
0 3637 3.66546
0 3638 3.66644
0 3639 3.66742
0 3640 3.6684
0 3641 3.66938
0 3642 3.67036
0 3643 3.67134
0 3644 3.67232
0 3645 3.67331
0 3646 3.67428
0 3647 3.67527
0 3648 3.67625
0 3649 3.67722
0 3650 3.67821
0 3651 3.67919
0 3652 3.68017
0 3653 3.68115
0 3654 3.68213
0 3655 3.68311
0 3656 3.68409
0 3657 3.68507
0 3658 3.68605
0 3659 3.68703
0 3660 3.68801
0 3661 3.68899
0 3662 3.68997
0 3663 3.69095
0 3664 3.69193
0 3665 3.69291
0 3666 3.69389
0 3667 3.69487
0 3668 3.69585
0 3669 3.69683
0 3670 3.69781
0 3671 3.69879
0 3672 3.69977
0 3673 3.70075
0 3674 3.70173
0 3675 3.70271
0 3676 3.70369
0 3677 3.70467
0 3678 3.70565
0 3679 3.70663
0 3680 3.70761
0 3681 3.70859
0 3682 3.70957
0 3683 3.71055
0 3684 3.71153
0 3685 3.71251
0 3686 3.71349
0 3687 3.71447
0 3688 3.71545
0 3689 3.71643
0 3690 3.71741
0 3691 3.71839
0 3692 3.71937
0 3693 3.72035
0 3694 3.72133
0 3695 3.72231
0 3696 3.72329
0 3697 3.72428
0 3698 3.72526
0 3699 3.72623
0 3700 3.72722
0 3701 3.7282
0 3702 3.72918
0 3703 3.73016
0 3704 3.73114
0 3705 3.73212
0 3706 3.7331
0 3707 3.73408
0 3708 3.73506
0 3709 3.73604
0 3710 3.73702
0 3711 3.738
0 3712 3.73898
0 3713 3.73996
0 3714 3.74094
0 3715 3.74192
0 3716 3.7429
0 3717 3.74388
0 3718 3.74486
0 3719 3.74584
0 3720 3.74682
0 3721 3.7478
0 3722 3.74878
0 3723 3.74976
0 3724 3.75074
0 3725 3.75172
0 3726 3.7527
0 3727 3.75368
0 3728 3.75466
0 3729 3.75564
0 3730 3.75662
0 3731 3.7576
0 3732 3.75858
0 3733 3.75956
0 3734 3.76054
0 3735 3.76152
0 3736 3.7625
0 3737 3.76348
0 3738 3.76446
0 3739 3.76544
0 3740 3.76642
0 3741 3.7674
0 3742 3.76838
0 3743 3.76936
0 3744 3.77034
0 3745 3.77132
0 3746 3.7723
0 3747 3.77329
0 3748 3.77427
0 3749 3.77524
0 3750 3.77623
0 3751 3.7772
0 3752 3.77819
0 3753 3.77917
0 3754 3.78015
0 3755 3.78113
0 3756 3.78211
0 3757 3.78309
0 3758 3.78407
0 3759 3.78505
0 3760 3.78603
0 3761 3.78701
0 3762 3.78799
0 3763 3.78897
0 3764 3.78995
0 3765 3.79093
0 3766 3.79191
0 3767 3.79289
0 3768 3.79387
0 3769 3.79485
0 3770 3.79583
0 3771 3.79681
0 3772 3.79779
0 3773 3.79877
0 3774 3.79975
0 3775 3.80073
0 3776 3.80171
0 3777 3.80269
0 3778 3.80367
0 3779 3.80465
0 3780 3.80563
0 3781 3.80661
0 3782 3.80759
0 3783 3.80857
0 3784 3.80955
0 3785 3.81053
0 3786 3.81151
0 3787 3.81249
0 3788 3.81347
0 3789 3.81445
0 3790 3.81543
0 3791 3.81641
0 3792 3.81739
0 3793 3.81837
0 3794 3.81935
0 3795 3.82033
0 3796 3.82131
0 3797 3.82229
0 3798 3.82328
0 3799 3.82425
0 3800 3.82524
0 3801 3.82621
0 3802 3.8272
0 3803 3.82818
0 3804 3.82916
0 3805 3.83014
0 3806 3.83112
0 3807 3.8321
0 3808 3.83308
0 3809 3.83406
0 3810 3.83504
0 3811 3.83602
0 3812 3.837
0 3813 3.83798
0 3814 3.83896
0 3815 3.83994
0 3816 3.84092
0 3817 3.8419
0 3818 3.84288
0 3819 3.84386
0 3820 3.84484
0 3821 3.84582
0 3822 3.8468
0 3823 3.84778
0 3824 3.84876
0 3825 3.84974
0 3826 3.85072
0 3827 3.8517
0 3828 3.85268
0 3829 3.85366
0 3830 3.85464
0 3831 3.85562
0 3832 3.8566
0 3833 3.85758
0 3834 3.85856
0 3835 3.85954
0 3836 3.86052
0 3837 3.8615
0 3838 3.86248
0 3839 3.86346
0 3840 3.86444
0 3841 3.86542
0 3842 3.8664
0 3843 3.86738
0 3844 3.86836
0 3845 3.86934
0 3846 3.87032
0 3847 3.8713
0 3848 3.87228
0 3849 3.87326
0 3850 3.87425
0 3851 3.87522
0 3852 3.87621
0 3853 3.87718
0 3854 3.87817
0 3855 3.87915
0 3856 3.88013
0 3857 3.88111
0 3858 3.88209
0 3859 3.88307
0 3860 3.88405
0 3861 3.88503
0 3862 3.88601
0 3863 3.88699
0 3864 3.88797
0 3865 3.88895
0 3866 3.88993
0 3867 3.89091
0 3868 3.89189
0 3869 3.89287
0 3870 3.89385
0 3871 3.89483
0 3872 3.89581
0 3873 3.89679
0 3874 3.89777
0 3875 3.89875
0 3876 3.89973
0 3877 3.90071
0 3878 3.90169
0 3879 3.90267
0 3880 3.90365
0 3881 3.90463
0 3882 3.90561
0 3883 3.90659
0 3884 3.90757
0 3885 3.90855
0 3886 3.90953
0 3887 3.91051
0 3888 3.91149
0 3889 3.91247
0 3890 3.91345
0 3891 3.91443
0 3892 3.91541
0 3893 3.91639
0 3894 3.91737
0 3895 3.91835
0 3896 3.91933
0 3897 3.92031
0 3898 3.92129
0 3899 3.92227
0 3900 3.92326
0 3901 3.92423
0 3902 3.92522
0 3903 3.92619
0 3904 3.92718
0 3905 3.92816
0 3906 3.92914
0 3907 3.93012
0 3908 3.9311
0 3909 3.93208
0 3910 3.93306
0 3911 3.93404
0 3912 3.93502
0 3913 3.936
0 3914 3.93698
0 3915 3.93796
0 3916 3.93894
0 3917 3.93992
0 3918 3.9409
0 3919 3.94188
0 3920 3.94286
0 3921 3.94384
0 3922 3.94482
0 3923 3.9458
0 3924 3.94678
0 3925 3.94776
0 3926 3.94874
0 3927 3.94972
0 3928 3.9507
0 3929 3.95168
0 3930 3.95266
0 3931 3.95364
0 3932 3.95462
0 3933 3.9556
0 3934 3.95658
0 3935 3.95756
0 3936 3.95854
0 3937 3.95952
0 3938 3.9605
0 3939 3.96148
0 3940 3.96246
0 3941 3.96344
0 3942 3.96442
0 3943 3.9654
0 3944 3.96638
0 3945 3.96736
0 3946 3.96834
0 3947 3.96932
0 3948 3.9703
0 3949 3.97128
0 3950 3.97226
0 3951 3.97324
0 3952 3.97423
0 3953 3.9752
0 3954 3.97619
0 3955 3.97716
0 3956 3.97815
0 3957 3.97913
0 3958 3.98011
0 3959 3.98109
0 3960 3.98207
0 3961 3.98305
0 3962 3.98403
0 3963 3.98501
0 3964 3.98599
0 3965 3.98697
0 3966 3.98795
0 3967 3.98893
0 3968 3.98991
0 3969 3.99089
0 3970 3.99187
0 3971 3.99285
0 3972 3.99383
0 3973 3.99481
0 3974 3.99579
0 3975 3.99677
0 3976 3.99775
0 3977 3.99873
0 3978 3.99971
0 3979 4.00069
0 3980 4.00167
0 3981 4.00265
0 3982 4.00363
0 3983 4.00461
0 3984 4.00559
0 3985 4.00657
0 3986 4.00755
0 3987 4.00853
0 3988 4.00951
0 3989 4.01049
0 3990 4.01147
0 3991 4.01245
0 3992 4.01343
0 3993 4.01441
0 3994 4.01539
0 3995 4.01637
0 3996 4.01735
0 3997 4.01833
0 3998 4.01931
0 3999 4.02029
0 4000 4.02127
0 4001 4.02225
0 4002 4.02323
0 4003 4.02421
0 4004 4.0252
0 4005 4.02618
0 4006 4.02715
0 4007 4.02814
0 4008 4.02912
0 4009 4.0301
0 4010 4.03108
0 4011 4.03206
0 4012 4.03304
0 4013 4.03402
0 4014 4.035
0 4015 4.03598
0 4016 4.03696
0 4017 4.03794
0 4018 4.03892
0 4019 4.0399
0 4020 4.04088
0 4021 4.04186
0 4022 4.04284
0 4023 4.04382
0 4024 4.0448
0 4025 4.04578
0 4026 4.04676
0 4027 4.04774
0 4028 4.04872
0 4029 4.0497
0 4030 4.05068
0 4031 4.05166
0 4032 4.05264
0 4033 4.05362
0 4034 4.0546
0 4035 4.05558
0 4036 4.05656
0 4037 4.05754
0 4038 4.05852
0 4039 4.0595
0 4040 4.06048
0 4041 4.06146
0 4042 4.06244
0 4043 4.06342
0 4044 4.0644
0 4045 4.06538
0 4046 4.06636
0 4047 4.06734
0 4048 4.06832
0 4049 4.0693
0 4050 4.07028
0 4051 4.07126
0 4052 4.07224
0 4053 4.07322
0 4054 4.07421
0 4055 4.07519
0 4056 4.07616
0 4057 4.07714
0 4058 4.07813
0 4059 4.07911
0 4060 4.08009
0 4061 4.08107
0 4062 4.08205
0 4063 4.08303
0 4064 4.08401
0 4065 4.08499
0 4066 4.08597
0 4067 4.08695
0 4068 4.08793
0 4069 4.08891
0 4070 4.08989
0 4071 4.09087
0 4072 4.09185
0 4073 4.09283
0 4074 4.09381
0 4075 4.09479
0 4076 4.09577
0 4077 4.09675
0 4078 4.09773
0 4079 4.09871
0 4080 4.09969
0 4081 4.10067
0 4082 4.10165
0 4083 4.10263
0 4084 4.10361
0 4085 4.10459
0 4086 4.10557
0 4087 4.10655
0 4088 4.10753
0 4089 4.10851
0 4090 4.10949
0 4091 4.11047
0 4092 4.11145
0 4093 4.11243
0 4094 4.11341
0 4095 4.11439
0 4096 4.11537
0 4097 4.11635
0 4098 4.11733
0 4099 4.11831
0 4100 4.11929
0 4101 4.12027
0 4102 4.12125
0 4103 4.12223
0 4104 4.12322
0 4105 4.1242
0 4106 4.12517
0 4107 4.12615
0 4108 4.12713
0 4109 4.12812
0 4110 4.1291
0 4111 4.13008
0 4112 4.13106
0 4113 4.13204
0 4114 4.13302
0 4115 4.134
0 4116 4.13498
0 4117 4.13596
0 4118 4.13694
0 4119 4.13792
0 4120 4.1389
0 4121 4.13988
0 4122 4.14086
0 4123 4.14184
0 4124 4.14282
0 4125 4.1438
0 4126 4.14478
0 4127 4.14576
0 4128 4.14674
0 4129 4.14772
0 4130 4.1487
0 4131 4.14968
0 4132 4.15066
0 4133 4.15164
0 4134 4.15262
0 4135 4.1536
0 4136 4.15458
0 4137 4.15556
0 4138 4.15654
0 4139 4.15752
0 4140 4.1585
0 4141 4.15948
0 4142 4.16046
0 4143 4.16144
0 4144 4.16242
0 4145 4.1634
0 4146 4.16438
0 4147 4.16536
0 4148 4.16634
0 4149 4.16732
0 4150 4.1683
0 4151 4.16928
0 4152 4.17026
0 4153 4.17124
0 4154 4.17222
0 4155 4.17321
0 4156 4.17418
0 4157 4.17516
0 4158 4.17614
0 4159 4.17713
0 4160 4.17811
0 4161 4.17909
0 4162 4.18007
0 4163 4.18105
0 4164 4.18203
0 4165 4.18301
0 4166 4.18399
0 4167 4.18497
0 4168 4.18595
0 4169 4.18693
0 4170 4.18791
0 4171 4.18889
0 4172 4.18987
0 4173 4.19085
0 4174 4.19183
0 4175 4.19281
0 4176 4.19379
0 4177 4.19477
0 4178 4.19575
0 4179 4.19673
0 4180 4.19771
0 4181 4.19869
0 4182 4.19967
0 4183 4.20065
0 4184 4.20163
0 4185 4.20261
0 4186 4.20359
0 4187 4.20457
0 4188 4.20555
0 4189 4.20653
0 4190 4.20751
0 4191 4.20849
0 4192 4.20947
0 4193 4.21045
0 4194 4.21143
0 4195 4.21241
0 4196 4.21339
0 4197 4.21437
0 4198 4.21535
0 4199 4.21633
0 4200 4.21731
0 4201 4.21829
0 4202 4.21927
0 4203 4.22025
0 4204 4.22123
0 4205 4.22221
0 4206 4.22319
0 4207 4.22417
0 4208 4.22515
0 4209 4.22614
0 4210 4.22712
0 4211 4.2281
0 4212 4.22908
0 4213 4.23006
0 4214 4.23104
0 4215 4.23202
0 4216 4.233
0 4217 4.23398
0 4218 4.23496
0 4219 4.23594
0 4220 4.23692
0 4221 4.2379
0 4222 4.23888
0 4223 4.23986
0 4224 4.24084
0 4225 4.24182
0 4226 4.2428
0 4227 4.24378
0 4228 4.24476
0 4229 4.24574
0 4230 4.24672
0 4231 4.2477
0 4232 4.24868
0 4233 4.24966
0 4234 4.25064
0 4235 4.25162
0 4236 4.2526
0 4237 4.25358
0 4238 4.25456
0 4239 4.25554
0 4240 4.25652
0 4241 4.2575
0 4242 4.25848
0 4243 4.25946
0 4244 4.26044
0 4245 4.26142
0 4246 4.2624
0 4247 4.26338
0 4248 4.26436
0 4249 4.26534
0 4250 4.26632
0 4251 4.2673
0 4252 4.26828
0 4253 4.26926
0 4254 4.27024
0 4255 4.27122
0 4256 4.2722
0 4257 4.27318
0 4258 4.27416
0 4259 4.27515
0 4260 4.27613
0 4261 4.2771
0 4262 4.27809
0 4263 4.27907
0 4264 4.28005
0 4265 4.28103
0 4266 4.28201
0 4267 4.28299
0 4268 4.28397
0 4269 4.28495
0 4270 4.28593
0 4271 4.28691
0 4272 4.28789
0 4273 4.28887
0 4274 4.28985
0 4275 4.29083
0 4276 4.29181
0 4277 4.29279
0 4278 4.29377
0 4279 4.29475
0 4280 4.29573
0 4281 4.29671
0 4282 4.29769
0 4283 4.29867
0 4284 4.29965
0 4285 4.30063
0 4286 4.30161
0 4287 4.30259
0 4288 4.30357
0 4289 4.30455
0 4290 4.30553
0 4291 4.30651
0 4292 4.30749
0 4293 4.30847
0 4294 4.30945
0 4295 4.31043
0 4296 4.31141
0 4297 4.31239
0 4298 4.31337
0 4299 4.31435
0 4300 4.31533
0 4301 4.31631
0 4302 4.31729
0 4303 4.31827
0 4304 4.31925
0 4305 4.32023
0 4306 4.32121
0 4307 4.32219
0 4308 4.32317
0 4309 4.32416
0 4310 4.32514
0 4311 4.32611
0 4312 4.32709
0 4313 4.32808
0 4314 4.32906
0 4315 4.33004
0 4316 4.33102
0 4317 4.332
0 4318 4.33298
0 4319 4.33396
0 4320 4.33494
0 4321 4.33592
0 4322 4.3369
0 4323 4.33788
0 4324 4.33886
0 4325 4.33984
0 4326 4.34082
0 4327 4.3418
0 4328 4.34278
0 4329 4.34376
0 4330 4.34474
0 4331 4.34572
0 4332 4.3467
0 4333 4.34768
0 4334 4.34866
0 4335 4.34964
0 4336 4.35062
0 4337 4.3516
0 4338 4.35258
0 4339 4.35356
0 4340 4.35454
0 4341 4.35552
0 4342 4.3565
0 4343 4.35748
0 4344 4.35846
0 4345 4.35944
0 4346 4.36042
0 4347 4.3614
0 4348 4.36238
0 4349 4.36336
0 4350 4.36434
0 4351 4.36532
0 4352 4.3663
0 4353 4.36728
0 4354 4.36826
0 4355 4.36924
0 4356 4.37022
0 4357 4.3712
0 4358 4.37218
0 4359 4.37317
0 4360 4.37415
0 4361 4.37512
0 4362 4.3761
0 4363 4.37709
0 4364 4.37807
0 4365 4.37905
0 4366 4.38003
0 4367 4.38101
0 4368 4.38199
0 4369 4.38297
0 4370 4.38395
0 4371 4.38493
0 4372 4.38591
0 4373 4.38689
0 4374 4.38787
0 4375 4.38885
0 4376 4.38983
0 4377 4.39081
0 4378 4.39179
0 4379 4.39277
0 4380 4.39375
0 4381 4.39473
0 4382 4.39571
0 4383 4.39669
0 4384 4.39767
0 4385 4.39865
0 4386 4.39963
0 4387 4.40061
0 4388 4.40159
0 4389 4.40257
0 4390 4.40355
0 4391 4.40453
0 4392 4.40551
0 4393 4.40649
0 4394 4.40747
0 4395 4.40845
0 4396 4.40943
0 4397 4.41041
0 4398 4.41139
0 4399 4.41237
0 4400 4.41335
0 4401 4.41433
0 4402 4.41531
0 4403 4.41629
0 4404 4.41727
0 4405 4.41825
0 4406 4.41923
0 4407 4.42021
0 4408 4.42119
0 4409 4.42217
0 4410 4.42316
0 4411 4.42413
0 4412 4.42511
0 4413 4.4261
0 4414 4.42708
0 4415 4.42806
0 4416 4.42904
0 4417 4.43002
0 4418 4.431
0 4419 4.43198
0 4420 4.43296
0 4421 4.43394
0 4422 4.43492
0 4423 4.4359
0 4424 4.43688
0 4425 4.43786
0 4426 4.43884
0 4427 4.43982
0 4428 4.4408
0 4429 4.44178
0 4430 4.44276
0 4431 4.44374
0 4432 4.44472
0 4433 4.4457
0 4434 4.44668
0 4435 4.44766
0 4436 4.44864
0 4437 4.44962
0 4438 4.4506
0 4439 4.45158
0 4440 4.45256
0 4441 4.45354
0 4442 4.45452
0 4443 4.4555
0 4444 4.45648
0 4445 4.45746
0 4446 4.45844
0 4447 4.45942
0 4448 4.4604
0 4449 4.46138
0 4450 4.46236
0 4451 4.46334
0 4452 4.46432
0 4453 4.4653
0 4454 4.46628
0 4455 4.46726
0 4456 4.46824
0 4457 4.46922
0 4458 4.4702
0 4459 4.47118
0 4460 4.47216
0 4461 4.47314
0 4462 4.47412
0 4463 4.47511
0 4464 4.47609
0 4465 4.47706
0 4466 4.47805
0 4467 4.47903
0 4468 4.48001
0 4469 4.48099
0 4470 4.48197
0 4471 4.48295
0 4472 4.48393
0 4473 4.48491
0 4474 4.48589
0 4475 4.48687
0 4476 4.48785
0 4477 4.48883
0 4478 4.48981
0 4479 4.49079
0 4480 4.49177
0 4481 4.49275
0 4482 4.49373
0 4483 4.49471
0 4484 4.49569
0 4485 4.49667
0 4486 4.49765
0 4487 4.49863
0 4488 4.49961
0 4489 4.50059
0 4490 4.50157
0 4491 4.50255
0 4492 4.50353
0 4493 4.50451
0 4494 4.50549
0 4495 4.50647
0 4496 4.50745
0 4497 4.50843
0 4498 4.50941
0 4499 4.51039
0 4500 4.51137
0 4501 4.51235
0 4502 4.51333
0 4503 4.51431
0 4504 4.51529
0 4505 4.51627
0 4506 4.51725
0 4507 4.51823
0 4508 4.51921
0 4509 4.52019
0 4510 4.52117
0 4511 4.52215
0 4512 4.52313
0 4513 4.52412
0 4514 4.5251
0 4515 4.52607
0 4516 4.52705
0 4517 4.52804
0 4518 4.52902
0 4519 4.53
0 4520 4.53098
0 4521 4.53196
0 4522 4.53294
0 4523 4.53392
0 4524 4.5349
0 4525 4.53588
0 4526 4.53686
0 4527 4.53784
0 4528 4.53882
0 4529 4.5398
0 4530 4.54078
0 4531 4.54176
0 4532 4.54274
0 4533 4.54372
0 4534 4.5447
0 4535 4.54568
0 4536 4.54666
0 4537 4.54764
0 4538 4.54862
0 4539 4.5496
0 4540 4.55058
0 4541 4.55156
0 4542 4.55254
0 4543 4.55352
0 4544 4.5545
0 4545 4.55548
0 4546 4.55646
0 4547 4.55744
0 4548 4.55842
0 4549 4.5594
0 4550 4.56038
0 4551 4.56136
0 4552 4.56234
0 4553 4.56332
0 4554 4.5643
0 4555 4.56528
0 4556 4.56626
0 4557 4.56724
0 4558 4.56822
0 4559 4.5692
0 4560 4.57018
0 4561 4.57116
0 4562 4.57214
0 4563 4.57313
0 4564 4.57411
0 4565 4.57508
0 4566 4.57606
0 4567 4.57705
0 4568 4.57803
0 4569 4.57901
0 4570 4.57999
0 4571 4.58097
0 4572 4.58195
0 4573 4.58293
0 4574 4.58391
0 4575 4.58489
0 4576 4.58587
0 4577 4.58685
0 4578 4.58783
0 4579 4.58881
0 4580 4.58979
0 4581 4.59077
0 4582 4.59175
0 4583 4.59273
0 4584 4.59371
0 4585 4.59469
0 4586 4.59567
0 4587 4.59665
0 4588 4.59763
0 4589 4.59861
0 4590 4.59959
0 4591 4.60057
0 4592 4.60155
0 4593 4.60253
0 4594 4.60351
0 4595 4.60449
0 4596 4.60547
0 4597 4.60645
0 4598 4.60743
0 4599 4.60841
0 4600 4.60939
0 4601 4.61037
0 4602 4.61135
0 4603 4.61233
0 4604 4.61331
0 4605 4.61429
0 4606 4.61527
0 4607 4.61625
0 4608 4.61723
0 4609 4.61821
0 4610 4.61919
0 4611 4.62017
0 4612 4.62115
0 4613 4.62213
0 4614 4.62312
0 4615 4.62409
0 4616 4.62507
0 4617 4.62606
0 4618 4.62704
0 4619 4.62802
0 4620 4.629
0 4621 4.62998
0 4622 4.63096
0 4623 4.63194
0 4624 4.63292
0 4625 4.6339
0 4626 4.63488
0 4627 4.63586
0 4628 4.63684
0 4629 4.63782
0 4630 4.6388
0 4631 4.63978
0 4632 4.64076
0 4633 4.64174
0 4634 4.64272
0 4635 4.6437
0 4636 4.64468
0 4637 4.64566
0 4638 4.64664
0 4639 4.64762
0 4640 4.6486
0 4641 4.64958
0 4642 4.65056
0 4643 4.65154
0 4644 4.65252
0 4645 4.6535
0 4646 4.65448
0 4647 4.65546
0 4648 4.65644
0 4649 4.65742
0 4650 4.6584
0 4651 4.65938
0 4652 4.66036
0 4653 4.66134
0 4654 4.66232
0 4655 4.6633
0 4656 4.66428
0 4657 4.66526
0 4658 4.66624
0 4659 4.66722
0 4660 4.6682
0 4661 4.66918
0 4662 4.67016
0 4663 4.67114
0 4664 4.67212
0 4665 4.6731
0 4666 4.67408
0 4667 4.67507
0 4668 4.67605
0 4669 4.67703
0 4670 4.67801
0 4671 4.67899
0 4672 4.67997
0 4673 4.68095
0 4674 4.68193
0 4675 4.68291
0 4676 4.68389
0 4677 4.68487
0 4678 4.68585
0 4679 4.68683
0 4680 4.68781
0 4681 4.68879
0 4682 4.68977
0 4683 4.69075
0 4684 4.69173
0 4685 4.69271
0 4686 4.69369
0 4687 4.69467
0 4688 4.69565
0 4689 4.69663
0 4690 4.69761
0 4691 4.69859
0 4692 4.69957
0 4693 4.70055
0 4694 4.70153
0 4695 4.70251
0 4696 4.70349
0 4697 4.70447
0 4698 4.70545
0 4699 4.70643
0 4700 4.70741
0 4701 4.70839
0 4702 4.70937
0 4703 4.71035
0 4704 4.71133
0 4705 4.71231
0 4706 4.71329
0 4707 4.71427
0 4708 4.71525
0 4709 4.71623
0 4710 4.71721
0 4711 4.71819
0 4712 4.71917
0 4713 4.72015
0 4714 4.72113
0 4715 4.72211
0 4716 4.72309
0 4717 4.72408
0 4718 4.72506
0 4719 4.72604
0 4720 4.72701
0 4721 4.728
0 4722 4.72898
0 4723 4.72996
0 4724 4.73094
0 4725 4.73192
0 4726 4.7329
0 4727 4.73388
0 4728 4.73486
0 4729 4.73584
0 4730 4.73682
0 4731 4.7378
0 4732 4.73878
0 4733 4.73976
0 4734 4.74074
0 4735 4.74172
0 4736 4.7427
0 4737 4.74368
0 4738 4.74466
0 4739 4.74564
0 4740 4.74662
0 4741 4.7476
0 4742 4.74858
0 4743 4.74956
0 4744 4.75054
0 4745 4.75152
0 4746 4.7525
0 4747 4.75348
0 4748 4.75446
0 4749 4.75544
0 4750 4.75642
0 4751 4.7574
0 4752 4.75838
0 4753 4.75936
0 4754 4.76034
0 4755 4.76132
0 4756 4.7623
0 4757 4.76328
0 4758 4.76426
0 4759 4.76524
0 4760 4.76622
0 4761 4.7672
0 4762 4.76818
0 4763 4.76916
0 4764 4.77014
0 4765 4.77112
0 4766 4.7721
0 4767 4.77309
0 4768 4.77407
0 4769 4.77505
0 4770 4.77602
0 4771 4.777
0 4772 4.77799
0 4773 4.77897
0 4774 4.77995
0 4775 4.78093
0 4776 4.78191
0 4777 4.78289
0 4778 4.78387
0 4779 4.78485
0 4780 4.78583
0 4781 4.78681
0 4782 4.78779
0 4783 4.78877
0 4784 4.78975
0 4785 4.79073
0 4786 4.79171
0 4787 4.79269
0 4788 4.79367
0 4789 4.79465
0 4790 4.79563
0 4791 4.79661
0 4792 4.79759
0 4793 4.79857
0 4794 4.79955
0 4795 4.80053
0 4796 4.80151
0 4797 4.80249
0 4798 4.80347
0 4799 4.80445
0 4800 4.80543
0 4801 4.80641
0 4802 4.80739
0 4803 4.80837
0 4804 4.80935
0 4805 4.81033
0 4806 4.81131
0 4807 4.81229
0 4808 4.81327
0 4809 4.81425
0 4810 4.81523
0 4811 4.81621
0 4812 4.81719
0 4813 4.81817
0 4814 4.81915
0 4815 4.82013
0 4816 4.82111
0 4817 4.82209
0 4818 4.82308
0 4819 4.82406
0 4820 4.82503
0 4821 4.82601
0 4822 4.827
0 4823 4.82798
0 4824 4.82896
0 4825 4.82994
0 4826 4.83092
0 4827 4.8319
0 4828 4.83288
0 4829 4.83386
0 4830 4.83484
0 4831 4.83582
0 4832 4.8368
0 4833 4.83778
0 4834 4.83876
0 4835 4.83974
0 4836 4.84072
0 4837 4.8417
0 4838 4.84268
0 4839 4.84366
0 4840 4.84464
0 4841 4.84562
0 4842 4.8466
0 4843 4.84758
0 4844 4.84856
0 4845 4.84954
0 4846 4.85052
0 4847 4.8515
0 4848 4.85248
0 4849 4.85346
0 4850 4.85444
0 4851 4.85542
0 4852 4.8564
0 4853 4.85738
0 4854 4.85836
0 4855 4.85934
0 4856 4.86032
0 4857 4.8613
0 4858 4.86228
0 4859 4.86326
0 4860 4.86424
0 4861 4.86522
0 4862 4.8662
0 4863 4.86718
0 4864 4.86816
0 4865 4.86914
0 4866 4.87012
0 4867 4.8711
0 4868 4.87208
0 4869 4.87307
0 4870 4.87404
0 4871 4.87502
0 4872 4.87601
0 4873 4.87699
0 4874 4.87797
0 4875 4.87895
0 4876 4.87993
0 4877 4.88091
0 4878 4.88189
0 4879 4.88287
0 4880 4.88385
0 4881 4.88483
0 4882 4.88581
0 4883 4.88679
0 4884 4.88777
0 4885 4.88875
0 4886 4.88973
0 4887 4.89071
0 4888 4.89169
0 4889 4.89267
0 4890 4.89365
0 4891 4.89463
0 4892 4.89561
0 4893 4.89659
0 4894 4.89757
0 4895 4.89855
0 4896 4.89953
0 4897 4.90051
0 4898 4.90149
0 4899 4.90247
0 4900 4.90345
0 4901 4.90443
0 4902 4.90541
0 4903 4.90639
0 4904 4.90737
0 4905 4.90835
0 4906 4.90933
0 4907 4.91031
0 4908 4.91129
0 4909 4.91227
0 4910 4.91325
0 4911 4.91423
0 4912 4.91521
0 4913 4.91619
0 4914 4.91717
0 4915 4.91815
0 4916 4.91913
0 4917 4.92011
0 4918 4.92109
0 4919 4.92207
0 4920 4.92305
0 4921 4.92403
0 4922 4.92502
0 4923 4.926
0 4924 4.92697
0 4925 4.92796
0 4926 4.92894
0 4927 4.92992
0 4928 4.9309
0 4929 4.93188
0 4930 4.93286
0 4931 4.93384
0 4932 4.93482
0 4933 4.9358
0 4934 4.93678
0 4935 4.93776
0 4936 4.93874
0 4937 4.93972
0 4938 4.9407
0 4939 4.94168
0 4940 4.94266
0 4941 4.94364
0 4942 4.94462
0 4943 4.9456
0 4944 4.94658
0 4945 4.94756
0 4946 4.94854
0 4947 4.94952
0 4948 4.9505
0 4949 4.95148
0 4950 4.95246
0 4951 4.95344
0 4952 4.95442
0 4953 4.9554
0 4954 4.95638
0 4955 4.95736
0 4956 4.95834
0 4957 4.95932
0 4958 4.9603
0 4959 4.96128
0 4960 4.96226
0 4961 4.96324
0 4962 4.96422
0 4963 4.9652
0 4964 4.96618
0 4965 4.96716
0 4966 4.96814
0 4967 4.96912
0 4968 4.9701
0 4969 4.97108
0 4970 4.97206
0 4971 4.97304
0 4972 4.97403
0 4973 4.97501
0 4974 4.97598
0 4975 4.97696
0 4976 4.97795
0 4977 4.97893
0 4978 4.97991
0 4979 4.98089
0 4980 4.98187
0 4981 4.98285
0 4982 4.98383
0 4983 4.98481
0 4984 4.98579
0 4985 4.98677
0 4986 4.98775
0 4987 4.98873
0 4988 4.98971
0 4989 4.99069
0 4990 4.99167
0 4991 4.99265
0 4992 4.99363
0 4993 4.99461
0 4994 4.99559
0 4995 4.99657
0 4996 4.99755
0 4997 4.99853
0 4998 4.99951
0 4999 5.00049
