0.102452 nan
0.107357 nan
0.112262 nan
0.117167 nan
0.122072 nan
0.126977 nan
0.131882 nan
0.136787 nan
0.141692 nan
0.146597 nan
0.151502 nan
0.156406 nan
0.161311 nan
0.166216 nan
0.171121 nan
0.176026 nan
0.180931 nan
0.185836 nan
0.190741 nan
0.195646 nan
0.200551 nan
0.205455 nan
0.21036 nan
0.215265 nan
0.22017 nan
0.225075 nan
0.22998 nan
0.234885 nan
0.23979 nan
0.244695 nan
0.2496 nan
0.254505 nan
0.259409 nan
0.264314 nan
0.269219 nan
0.274124 nan
0.279029 nan
0.283934 nan
0.288839 nan
0.293744 nan
0.298649 nan
0.303554 nan
0.308458 nan
0.313363 nan
0.318268 nan
0.323173 nan
0.328078 nan
0.332983 nan
0.337888 nan
0.342793 nan
0.347698 nan
0.352603 nan
0.357508 nan
0.362412 nan
0.367317 nan
0.372222 nan
0.377127 nan
0.382032 nan
0.386937 nan
0.391842 nan
0.396747 nan
0.401652 nan
0.406557 nan
0.411461 nan
0.416366 nan
0.421271 nan
0.426176 nan
0.431081 nan
0.435986 nan
0.440891 nan
0.445796 nan
0.450701 nan
0.455606 nan
0.460511 nan
0.465415 nan
0.47032 nan
0.475225 nan
0.48013 nan
0.485035 nan
0.48994 nan
0.494845 nan
0.49975 nan
0.504655 nan
0.50956 nan
0.514464 nan
0.519369 nan
0.524274 nan
0.529179 nan
0.534084 nan
0.538989 nan
0.543894 nan
0.548799 nan
0.553704 nan
0.558609 nan
0.563514 nan
0.568418 nan
0.573323 nan
0.578228 nan
0.583133 nan
0.588038 nan
0.592943 nan
0.597848 nan
0.602753 nan
0.607658 nan
0.612563 nan
0.617467 nan
0.622372 nan
0.627277 nan
0.632182 nan
0.637087 nan
0.641992 nan
0.646897 nan
0.651802 nan
0.656707 nan
0.661612 nan
0.666517 nan
0.671421 nan
0.676326 nan
0.681231 nan
0.686136 nan
0.691041 nan
0.695946 nan
0.700851 nan
0.705756 nan
0.710661 nan
0.715566 nan
0.72047 nan
0.725375 nan
0.73028 nan
0.735185 nan
0.74009 nan
0.744995 nan
0.7499 nan
0.754805 nan
0.75971 nan
0.764615 nan
0.76952 nan
0.774424 nan
0.779329 nan
0.784234 nan
0.789139 nan
0.794044 nan
0.798949 nan
0.803854 nan
0.808759 nan
0.813664 nan
0.818569 nan
0.823473 nan
0.828378 nan
0.833283 nan
0.838188 nan
0.843093 nan
0.847998 nan
0.852903 nan
0.857808 nan
0.862713 nan
0.867618 nan
0.872523 nan
0.877427 nan
0.882332 nan
0.887237 nan
0.892142 nan
0.897047 nan
0.901952 nan
0.906857 nan
0.911762 nan
0.916667 nan
0.921572 nan
0.926476 nan
0.931381 nan
0.936286 nan
0.941191 nan
0.946096 nan
0.951001 nan
0.955906 nan
0.960811 nan
0.965716 nan
0.970621 nan
0.975526 nan
0.98043 nan
0.985335 nan
0.99024 nan
0.995145 nan
1.00005 nan
1.00495 nan
1.00986 nan
1.01476 nan
1.01967 nan
1.02457 nan
1.02948 nan
1.03438 nan
1.03929 nan
1.04419 nan
1.0491 nan
1.054 nan
1.05891 nan
1.06381 nan
1.06872 nan
1.07362 nan
1.07853 nan
1.08343 nan
1.08834 nan
1.09324 nan
1.09815 nan
1.10305 nan
1.10796 nan
1.11286 nan
1.11777 nan
1.12267 nan
1.12758 nan
1.13248 nan
1.13739 nan
1.14229 nan
1.1472 nan
1.1521 nan
1.15701 nan
1.16191 nan
1.16682 nan
1.17172 nan
1.17663 nan
1.18153 nan
1.18644 nan
1.19134 nan
1.19625 nan
1.20115 nan
1.20606 nan
1.21096 nan
1.21587 nan
1.22077 nan
1.22568 nan
1.23058 nan
1.23549 nan
1.24039 nan
1.2453 nan
1.2502 nan
1.25511 nan
1.26001 nan
1.26491 nan
1.26982 nan
1.27472 nan
1.27963 nan
1.28453 nan
1.28944 nan
1.29434 nan
1.29925 nan
1.30415 nan
1.30906 nan
1.31396 nan
1.31887 nan
1.32377 nan
1.32868 nan
1.33358 nan
1.33849 nan
1.34339 nan
1.3483 nan
1.3532 nan
1.35811 nan
1.36301 nan
1.36792 nan
1.37282 nan
1.37773 nan
1.38263 nan
1.38754 nan
1.39244 nan
1.39735 nan
1.40225 nan
1.40716 nan
1.41206 nan
1.41697 nan
1.42187 nan
1.42678 nan
1.43168 nan
1.43659 nan
1.44149 nan
1.4464 nan
1.4513 nan
1.45621 nan
1.46111 nan
1.46602 nan
1.47092 nan
1.47583 nan
1.48073 nan
1.48564 nan
1.49054 nan
1.49545 nan
1.50035 nan
1.50526 nan
1.51016 nan
1.51507 nan
1.51997 nan
1.52487 nan
1.52978 nan
1.53468 nan
1.53959 nan
1.54449 nan
1.5494 nan
1.5543 nan
1.55921 nan
1.56411 nan
1.56902 nan
1.57392 nan
1.57883 nan
1.58373 nan
1.58864 nan
1.59354 nan
1.59845 nan
1.60335 nan
1.60826 nan
1.61316 nan
1.61807 nan
1.62297 nan
1.62788 nan
1.63278 nan
1.63769 nan
1.64259 nan
1.6475 nan
1.6524 nan
1.65731 nan
1.66221 nan
1.66712 nan
1.67202 nan
1.67693 nan
1.68183 nan
1.68674 nan
1.69164 nan
1.69655 nan
1.70145 nan
1.70636 nan
1.71126 nan
1.71617 nan
1.72107 nan
1.72598 nan
1.73088 nan
1.73579 nan
1.74069 nan
1.7456 nan
1.7505 nan
1.75541 nan
1.76031 nan
1.76522 nan
1.77012 nan
1.77503 nan
1.77993 nan
1.78483 nan
1.78974 nan
1.79464 nan
1.79955 nan
1.80445 nan
1.80936 nan
1.81426 nan
1.81917 nan
1.82407 nan
1.82898 nan
1.83388 nan
1.83879 nan
1.84369 nan
1.8486 nan
1.8535 nan
1.85841 nan
1.86331 nan
1.86822 nan
1.87312 nan
1.87803 nan
1.88293 nan
1.88784 nan
1.89274 nan
1.89765 nan
1.90255 nan
1.90746 nan
1.91236 nan
1.91727 nan
1.92217 nan
1.92708 nan
1.93198 nan
1.93689 nan
1.94179 nan
1.9467 nan
1.9516 nan
1.95651 nan
1.96141 nan
1.96632 nan
1.97122 nan
1.97613 nan
1.98103 nan
1.98594 nan
1.99084 nan
1.99575 nan
2.00065 nan
2.00556 nan
2.01046 nan
2.01537 nan
2.02027 nan
2.02518 nan
2.03008 nan
2.03498 nan
2.03989 nan
2.04479 nan
2.0497 nan
2.0546 nan
2.05951 nan
2.06441 nan
2.06932 nan
2.07422 nan
2.07913 nan
2.08403 nan
2.08894 nan
2.09384 nan
2.09875 nan
2.10365 nan
2.10856 nan
2.11346 nan
2.11837 nan
2.12327 nan
2.12818 nan
2.13308 nan
2.13799 nan
2.14289 nan
2.1478 nan
2.1527 nan
2.15761 nan
2.16251 nan
2.16742 nan
2.17232 nan
2.17723 nan
2.18213 nan
2.18704 nan
2.19194 nan
2.19685 nan
2.20175 nan
2.20666 nan
2.21156 nan
2.21647 nan
2.22137 nan
2.22628 nan
2.23118 nan
2.23609 nan
2.24099 nan
2.2459 nan
2.2508 nan
2.25571 nan
2.26061 nan
2.26552 nan
2.27042 nan
2.27533 nan
2.28023 nan
2.28514 nan
2.29004 nan
2.29494 nan
2.29985 nan
2.30475 nan
2.30966 nan
2.31456 nan
2.31947 nan
2.32437 nan
2.32928 nan
2.33418 nan
2.33909 nan
2.34399 nan
2.3489 nan
2.3538 nan
2.35871 nan
2.36361 nan
2.36852 nan
2.37342 nan
2.37833 nan
2.38323 nan
2.38814 nan
2.39304 nan
2.39795 nan
2.40285 nan
2.40776 nan
2.41266 nan
2.41757 nan
2.42247 nan
2.42738 nan
2.43228 nan
2.43719 nan
2.44209 nan
2.447 nan
2.4519 nan
2.45681 nan
2.46171 nan
2.46662 nan
2.47152 nan
2.47643 nan
2.48133 nan
2.48624 nan
2.49114 nan
2.49605 nan
2.50095 nan
2.50586 nan
2.51076 nan
2.51567 nan
2.52057 nan
2.52548 nan
2.53038 nan
2.53529 nan
2.54019 nan
2.5451 nan
2.55 nan
2.5549 nan
2.55981 nan
2.56471 nan
2.56962 nan
2.57452 nan
2.57943 nan
2.58433 nan
2.58924 nan
2.59414 nan
2.59905 nan
2.60395 nan
2.60886 nan
2.61376 nan
2.61867 nan
2.62357 nan
2.62848 nan
2.63338 nan
2.63829 nan
2.64319 nan
2.6481 nan
2.653 nan
2.65791 nan
2.66281 nan
2.66772 nan
2.67262 nan
2.67753 nan
2.68243 nan
2.68734 nan
2.69224 nan
2.69715 nan
2.70205 nan
2.70696 nan
2.71186 nan
2.71677 nan
2.72167 nan
2.72658 nan
2.73148 nan
2.73639 nan
2.74129 nan
2.7462 nan
2.7511 nan
2.75601 nan
2.76091 nan
2.76582 nan
2.77072 nan
2.77563 nan
2.78053 nan
2.78544 nan
2.79034 nan
2.79525 nan
2.80015 nan
2.80506 nan
2.80996 nan
2.81486 nan
2.81977 nan
2.82467 nan
2.82958 nan
2.83448 nan
2.83939 nan
2.84429 nan
2.8492 nan
2.8541 nan
2.85901 nan
2.86391 nan
2.86882 nan
2.87372 nan
2.87863 nan
2.88353 nan
2.88844 nan
2.89334 nan
2.89825 nan
2.90315 nan
2.90806 nan
2.91296 nan
2.91787 nan
2.92277 nan
2.92768 nan
2.93258 nan
2.93749 nan
2.94239 nan
2.9473 nan
2.9522 nan
2.95711 nan
2.96201 nan
2.96692 nan
2.97182 nan
2.97673 nan
2.98163 nan
2.98654 nan
2.99144 nan
2.99635 nan
3.00125 nan
3.00616 nan
3.01106 nan
3.01597 nan
3.02087 nan
3.02578 nan
3.03068 nan
3.03559 nan
3.04049 nan
3.0454 nan
3.0503 nan
3.05521 nan
3.06011 nan
3.06502 nan
3.06992 nan
3.07482 nan
3.07973 nan
3.08463 nan
3.08954 nan
3.09444 nan
3.09935 nan
3.10425 nan
3.10916 nan
3.11406 nan
3.11897 nan
3.12387 nan
3.12878 nan
3.13368 nan
3.13859 nan
3.14349 nan
3.1484 nan
3.1533 nan
3.15821 nan
3.16311 nan
3.16802 nan
3.17292 nan
3.17783 nan
3.18273 nan
3.18764 nan
3.19254 nan
3.19745 nan
3.20235 nan
3.20726 nan
3.21216 nan
3.21707 nan
3.22197 nan
3.22688 nan
3.23178 nan
3.23669 nan
3.24159 nan
3.2465 nan
3.2514 nan
3.25631 nan
3.26121 nan
3.26612 nan
3.27102 nan
3.27593 nan
3.28083 nan
3.28574 nan
3.29064 nan
3.29555 nan
3.30045 nan
3.30536 nan
3.31026 nan
3.31517 nan
3.32007 nan
3.32497 nan
3.32988 nan
3.33478 nan
3.33969 nan
3.34459 nan
3.3495 nan
3.3544 nan
3.35931 nan
3.36421 nan
3.36912 nan
3.37402 nan
3.37893 nan
3.38383 nan
3.38874 nan
3.39364 nan
3.39855 nan
3.40345 nan
3.40836 nan
3.41326 nan
3.41817 nan
3.42307 nan
3.42798 nan
3.43288 nan
3.43779 nan
3.44269 nan
3.4476 nan
3.4525 nan
3.45741 nan
3.46231 nan
3.46722 nan
3.47212 nan
3.47703 nan
3.48193 nan
3.48684 nan
3.49174 nan
3.49665 nan
3.50155 nan
3.50646 nan
3.51136 nan
3.51627 nan
3.52117 nan
3.52608 nan
3.53098 nan
3.53589 nan
3.54079 nan
3.5457 nan
3.5506 nan
3.55551 nan
3.56041 nan
3.56532 nan
3.57022 nan
3.57513 nan
3.58003 nan
3.58493 nan
3.58984 nan
3.59474 nan
3.59965 nan
3.60455 nan
3.60946 nan
3.61436 nan
3.61927 nan
3.62417 nan
3.62908 nan
3.63398 nan
3.63889 nan
3.64379 nan
3.6487 nan
3.6536 nan
3.65851 nan
3.66341 nan
3.66832 nan
3.67322 nan
3.67813 nan
3.68303 nan
3.68794 nan
3.69284 nan
3.69775 nan
3.70265 nan
3.70756 nan
3.71246 nan
3.71737 nan
3.72227 nan
3.72718 nan
3.73208 nan
3.73699 nan
3.74189 nan
3.7468 nan
3.7517 nan
3.75661 nan
3.76151 nan
3.76642 nan
3.77132 nan
3.77623 nan
3.78113 nan
3.78604 nan
3.79094 nan
3.79585 nan
3.80075 nan
3.80566 nan
3.81056 nan
3.81547 nan
3.82037 nan
3.82528 nan
3.83018 nan
3.83509 nan
3.83999 nan
3.84489 nan
3.8498 nan
3.8547 nan
3.85961 nan
3.86451 nan
3.86942 nan
3.87432 nan
3.87923 nan
3.88413 nan
3.88904 nan
3.89394 nan
3.89885 nan
3.90375 nan
3.90866 nan
3.91356 nan
3.91847 nan
3.92337 nan
3.92828 nan
3.93318 nan
3.93809 nan
3.94299 nan
3.9479 nan
3.9528 nan
3.95771 nan
3.96261 nan
3.96752 nan
3.97242 nan
3.97733 nan
3.98223 nan
3.98714 nan
3.99204 nan
3.99695 nan
4.00185 nan
4.00676 nan
4.01166 nan
4.01657 nan
4.02147 nan
4.02638 nan
4.03128 nan
4.03619 nan
4.04109 nan
4.046 nan
4.0509 nan
4.05581 nan
4.06071 nan
4.06562 nan
4.07052 nan
4.07543 nan
4.08033 nan
4.08524 nan
4.09014 nan
4.09505 nan
4.09995 nan
4.10485 nan
4.10976 nan
4.11466 nan
4.11957 nan
4.12447 nan
4.12938 nan
4.13428 nan
4.13919 nan
4.14409 nan
4.149 nan
4.1539 nan
4.15881 nan
4.16371 nan
4.16862 nan
4.17352 nan
4.17843 nan
4.18333 nan
4.18824 nan
4.19314 nan
4.19805 nan
4.20295 nan
4.20786 nan
4.21276 nan
4.21767 nan
4.22257 nan
4.22748 nan
4.23238 nan
4.23729 nan
4.24219 nan
4.2471 nan
4.252 nan
4.25691 nan
4.26181 nan
4.26672 nan
4.27162 nan
4.27653 nan
4.28143 nan
4.28634 nan
4.29124 nan
4.29615 nan
4.30105 nan
4.30596 nan
4.31086 nan
4.31577 nan
4.32067 nan
4.32558 nan
4.33048 nan
4.33539 nan
4.34029 nan
4.3452 nan
4.3501 nan
4.35501 nan
4.35991 nan
4.36481 nan
4.36972 nan
4.37462 nan
4.37953 nan
4.38443 nan
4.38934 nan
4.39424 nan
4.39915 nan
4.40405 nan
4.40896 nan
4.41386 nan
4.41877 nan
4.42367 nan
4.42858 nan
4.43348 nan
4.43839 nan
4.44329 nan
4.4482 nan
4.4531 nan
4.45801 nan
4.46291 nan
4.46782 nan
4.47272 nan
4.47763 nan
4.48253 nan
4.48744 nan
4.49234 nan
4.49725 nan
4.50215 nan
4.50706 nan
4.51196 nan
4.51687 nan
4.52177 nan
4.52668 nan
4.53158 nan
4.53649 nan
4.54139 nan
4.5463 nan
4.5512 nan
4.55611 nan
4.56101 nan
4.56592 nan
4.57082 nan
4.57573 nan
4.58063 nan
4.58554 nan
4.59044 nan
4.59535 nan
4.60025 nan
4.60516 nan
4.61006 nan
4.61496 nan
4.61987 nan
4.62477 nan
4.62968 nan
4.63458 nan
4.63949 nan
4.64439 nan
4.6493 nan
4.6542 nan
4.65911 nan
4.66401 nan
4.66892 nan
4.67382 nan
4.67873 nan
4.68363 nan
4.68854 nan
4.69344 nan
4.69835 nan
4.70325 nan
4.70816 nan
4.71306 nan
4.71797 nan
4.72287 nan
4.72778 nan
4.73268 nan
4.73759 nan
4.74249 nan
4.7474 nan
4.7523 nan
4.75721 nan
4.76211 nan
4.76702 nan
4.77192 nan
4.77683 nan
4.78173 nan
4.78664 nan
4.79154 nan
4.79645 nan
4.80135 nan
4.80626 nan
4.81116 nan
4.81607 nan
4.82097 nan
4.82588 nan
4.83078 nan
4.83569 nan
4.84059 nan
4.8455 nan
4.8504 nan
4.85531 nan
4.86021 nan
4.86512 nan
4.87002 nan
4.87492 nan
4.87983 nan
4.88473 nan
4.88964 nan
4.89454 nan
4.89945 nan
4.90435 nan
4.90926 nan
4.91416 nan
4.91907 nan
4.92397 nan
4.92888 nan
4.93378 nan
4.93869 nan
4.94359 nan
4.9485 nan
4.9534 nan
4.95831 nan
4.96321 nan
4.96812 nan
4.97302 nan
4.97793 nan
4.98283 nan
4.98774 nan
4.99264 nan
4.99755 nan
